000001     3.14   03.36
000002     3.14   03.34
000003     3.10   03.32
000004     3.08   03.30
000005     3.06   03.30
000006     3.05   03.27
000007     3.05   03.27
000008     3.05   03.24
000009     3.05   03.24
000010     3.01   03.22
000011     2.98   03.21
000012     2.89   03.18
000013     2.89   03.16
000014     2.89   03.15
000015     2.89   03.14
000016     2.89   03.12
000017     2.89   03.12
000018     2.89   03.08
000019     2.89   03.07
000020     2.89   03.05
000021     2.86   03.04
000022     2.86   03.01
000023     2.84   02.99
000024     2.80   02.98
000025     2.80   02.97
000026     2.78   02.96
000027     2.71   02.93
000028     2.68   02.92
000029     2.68   02.90
000030     2.68   02.87
000031     2.68   02.85
000032     2.64   02.82
000033     2.64   02.81
000034     2.64   02.77
000035     2.62   02.75
000036     2.57   02.73
000037     2.55   02.70
000038     2.55   02.69
000039     2.55   02.69
000040     2.54   02.68
000041     2.54   02.67
000042     2.53   02.64
000043     2.48   02.61
000044     2.47   02.58
000045     2.47   02.57
000046     2.47   02.55
000047     2.47   02.54
000048     2.45   02.51
000049     2.43   02.50
000050     2.41   02.49
000051     2.39   02.48
000052     2.38   02.46
000053     2.37   02.45
000054     2.35   02.43
000055     2.34   02.42
000056     2.34   02.41
000057     2.32   02.40
000058     2.31   02.38
000059     2.30   02.35
000060     2.30   02.34
000061     2.27   02.32
000062     2.27   02.32
000063     2.26   02.31
000064     2.26   02.30
000065     2.25   02.30
000066     2.25   02.29
000067     2.25   02.28
000068     2.24   02.27
000069     2.24   02.27
000070     2.23   02.26
000071     2.23   02.26
000072     2.22   02.25
000073     2.21   02.24
000074     2.20   02.24
000075     2.20   02.23
000076     2.20   02.22
000077     2.19   02.22
000078     2.19   02.21
000079     2.19   02.21
000080     2.18   02.21
000081     2.18   02.20
000082     2.18   02.20
000083     2.18   02.20
000084     2.17   02.19
000085     2.17   02.19
000086     2.17   02.19
000087     2.17   02.18
000088     2.17   02.18
000089     2.16   02.18
000090     2.16   02.18
000091     2.16   02.17
000092     2.16   02.17
000093     2.16   02.17
000094     2.15   02.17
000095     2.15   02.17
000096     2.15   02.16
000097     2.15   02.16
000098     2.14   02.16
000099     2.14   02.16
000100     2.14   02.15
000101     2.13   02.15
000102     2.13   02.15
000103     2.13   02.15
000104     2.13   02.14
000105     2.13   02.14
000106     2.12   02.14
000107     2.12   02.14
000108     2.12   02.13
000109     2.12   02.13
000110     2.12   02.13
000111     2.11   02.13
000112     2.11   02.13
000113     2.11   02.12
000114     2.10   02.12
000115     2.10   02.12
000116     2.10   02.12
000117     2.10   02.11
000118     2.10   02.11
000119     2.10   02.11
000120     2.10   02.11
000121     2.09   02.11
000122     2.09   02.11
000123     2.08   02.10
000124     2.08   02.10
000125     2.08   02.10
000126     2.08   02.10
000127     2.08   02.09
000128     2.08   02.09
000129     2.08   02.09
000130     2.07   02.09
000131     2.07   02.09
000132     2.07   02.08
000133     2.07   02.08
000134     2.07   02.08
000135     2.06   02.08
000136     2.06   02.07
000137     2.06   02.07
000138     2.06   02.07
000139     2.05   02.07
000140     2.05   02.06
000141     2.05   02.06
000142     2.04   02.06
000143     2.04   02.06
000144     2.04   02.05
000145     2.04   02.05
000146     2.03   02.05
000147     2.03   02.05
000148     2.03   02.04
000149     2.03   02.04
000150     2.03   02.04
000151     2.03   02.04
000152     2.02   02.04
000153     2.02   02.03
000154     2.02   02.03
000155     2.01   02.03
000156     2.01   02.02
000157     2.01   02.02
000158     2.01   02.02
000159     2.00   02.02
000160     2.00   02.01
000161     2.00   02.01
000162     1.99   02.01
000163     1.99   02.00
000164     1.98   02.00
000165     1.98   02.00
000166     1.98   02.00
000167     1.98   01.99
000168     1.98   01.99
000169     1.98   01.99
000170     1.97   01.98
000171     1.96   01.98
000172     1.96   01.98
000173     1.95   01.97
000174     1.95   01.97
000175     1.95   01.97
000176     1.95   01.96
000177     1.95   01.96
000178     1.95   01.96
000179     1.95   01.96
000180     1.94   01.96
000181     1.94   01.96
000182     1.94   01.95
000183     1.94   01.95
000184     1.94   01.95
000185     1.93   01.95
000186     1.93   01.95
000187     1.93   01.94
000188     1.93   01.94
000189     1.93   01.94
000190     1.93   01.94
000191     1.93   01.94
000192     1.92   01.93
000193     1.92   01.93
000194     1.92   01.93
000195     1.92   01.93
000196     1.91   01.93
000197     1.91   01.92
000198     1.90   01.92
000199     1.90   01.92
000200     1.90   01.92
000201     1.90   01.91
000202     1.90   01.91
000203     1.90   01.91
000204     1.90   01.91
000205     1.89   01.91
000206     1.89   01.91
000207     1.89   01.90
000208     1.88   01.90
000209     1.88   01.90
000210     1.88   01.90
000211     1.88   01.89
000212     1.87   01.89
000213     1.87   01.89
000214     1.87   01.88
000215     1.87   01.88
000216     1.86   01.88
000217     1.86   01.88
000218     1.85   01.87
000219     1.85   01.87
000220     1.85   01.87
000221     1.85   01.86
000222     1.85   01.86
000223     1.84   01.86
000224     1.84   01.86
000225     1.84   01.85
000226     1.84   01.85
000227     1.84   01.85
000228     1.83   01.85
000229     1.83   01.84
000230     1.83   01.84
000231     1.83   01.84
000232     1.83   01.84
000233     1.82   01.84
000234     1.82   01.83
000235     1.82   01.83
000236     1.81   01.83
000237     1.81   01.83
000238     1.81   01.82
000239     1.81   01.82
000240     1.81   01.82
000241     1.81   01.82
000242     1.80   01.82
000243     1.80   01.81
000244     1.80   01.81
000245     1.80   01.81
000246     1.80   01.81
000247     1.80   01.81
000248     1.79   01.81
000249     1.79   01.80
000250     1.79   01.80
000251     1.79   01.80
000252     1.79   01.80
000253     1.78   01.80
000254     1.78   01.79
000255     1.78   01.79
000256     1.77   01.79
000257     1.77   01.79
000258     1.77   01.79
000259     1.77   01.78
000260     1.77   01.78
000261     1.77   01.78
000262     1.76   01.78
000263     1.76   01.78
000264     1.76   01.78
000265     1.76   01.77
000266     1.76   01.77
000267     1.75   01.77
000268     1.75   01.77
000269     1.75   01.76
000270     1.75   01.76
000271     1.74   01.76
000272     1.74   01.76
000273     1.74   01.75
000274     1.74   01.75
000275     1.73   01.75
000276     1.73   01.75
000277     1.73   01.74
000278     1.72   01.74
000279     1.72   01.74
000280     1.72   01.73
000281     1.72   01.73
000282     1.72   01.73
000283     1.72   01.73
000284     1.72   01.73
000285     1.71   01.73
000286     1.71   01.72
000287     1.71   01.72
000288     1.71   01.72
000289     1.71   01.72
000290     1.71   01.72
000291     1.70   01.72
000292     1.70   01.72
000293     1.70   01.71
000294     1.70   01.71
000295     1.69   01.71
000296     1.69   01.70
000297     1.69   01.70
000298     1.69   01.70
000299     1.69   01.70
000300     1.68   01.70
000301     1.68   01.70
000302     1.68   01.69
000303     1.68   01.69
000304     1.67   01.69
000305     1.67   01.69
000306     1.67   01.68
000307     1.67   01.68
000308     1.67   01.68
000309     1.66   01.68
000310     1.66   01.68
000311     1.66   01.67
000312     1.65   01.67
000313     1.65   01.67
000314     1.65   01.67
000315     1.65   01.66
000316     1.65   01.66
000317     1.65   01.66
000318     1.65   01.66
000319     1.64   01.66
000320     1.64   01.65
000321     1.64   01.65
000322     1.64   01.65
000323     1.64   01.65
000324     1.63   01.65
000325     1.63   01.65
000326     1.63   01.64
000327     1.63   01.64
000328     1.62   01.64
000329     1.62   01.64
000330     1.62   01.63
000331     1.61   01.63
000332     1.61   01.63
000333     1.61   01.63
000334     1.61   01.62
000335     1.61   01.62
000336     1.60   01.62
000337     1.60   01.62
000338     1.60   01.61
000339     1.60   01.61
000340     1.59   01.61
000341     1.59   01.61
000342     1.59   01.61
000343     1.59   01.60
000344     1.59   01.60
000345     1.59   01.60
000346     1.59   01.60
000347     1.59   01.60
000348     1.58   01.59
000349     1.58   01.59
000350     1.58   01.59
000351     1.58   01.59
000352     1.58   01.59
000353     1.57   01.59
000354     1.57   01.58
000355     1.57   01.58
000356     1.57   01.58
000357     1.56   01.58
000358     1.56   01.57
000359     1.56   01.57
000360     1.56   01.57
000361     1.55   01.57
000362     1.55   01.56
000363     1.55   01.56
000364     1.55   01.56
000365     1.55   01.56
000366     1.54   01.56
000367     1.54   01.56
000368     1.54   01.56
000369     1.54   01.55
000370     1.54   01.55
000371     1.54   01.55
000372     1.53   01.55
000373     1.53   01.55
000374     1.53   01.54
000375     1.53   01.54
000376     1.53   01.54
000377     1.53   01.54
000378     1.53   01.54
000379     1.52   01.53
000380     1.52   01.53
000381     1.52   01.53
000382     1.52   01.53
000383     1.51   01.53
000384     1.51   01.53
000385     1.51   01.52
000386     1.51   01.52
000387     1.51   01.52
000388     1.50   01.51
000389     1.50   01.51
000390     1.50   01.51
000391     1.50   01.51
000392     1.50   01.51
000393     1.50   01.51
000394     1.49   01.50
000395     1.49   01.50
000396     1.49   01.50
000397     1.49   01.50
000398     1.49   01.50
000399     1.48   01.49
000400     1.48   01.49
000401     1.48   01.49
000402     1.48   01.49
000403     1.48   01.49
000404     1.47   01.49
000405     1.47   01.48
000406     1.47   01.48
000407     1.47   01.48
000408     1.47   01.48
000409     1.46   01.48
000410     1.46   01.47
000411     1.46   01.47
000412     1.46   01.47
000413     1.46   01.47
000414     1.46   01.47
000415     1.45   01.47
000416     1.45   01.47
000417     1.45   01.46
000418     1.45   01.46
000419     1.45   01.46
000420     1.45   01.46
000421     1.44   01.46
000422     1.44   01.45
000423     1.44   01.45
000424     1.44   01.45
000425     1.43   01.45
000426     1.43   01.45
000427     1.43   01.44
000428     1.43   01.44
000429     1.43   01.44
000430     1.43   01.44
000431     1.43   01.44
000432     1.42   01.43
000433     1.42   01.43
000434     1.42   01.43
000435     1.42   01.43
000436     1.42   01.43
000437     1.41   01.42
000438     1.41   01.42
000439     1.41   01.42
000440     1.41   01.42
000441     1.40   01.42
000442     1.40   01.42
000443     1.40   01.41
000444     1.40   01.41
000445     1.40   01.41
000446     1.40   01.41
000447     1.39   01.41
000448     1.39   01.40
000449     1.39   01.40
000450     1.39   01.40
000451     1.39   01.40
000452     1.39   01.40
000453     1.38   01.40
000454     1.38   01.39
000455     1.38   01.39
000456     1.38   01.39
000457     1.38   01.39
000458     1.38   01.39
000459     1.37   01.39
000460     1.37   01.38
000461     1.37   01.38
000462     1.36   01.38
000463     1.36   01.38
000464     1.36   01.37
000465     1.36   01.37
000466     1.36   01.37
000467     1.36   01.37
000468     1.35   01.37
000469     1.35   01.37
000470     1.35   01.36
000471     1.35   01.36
000472     1.35   01.36
000473     1.35   01.36
000474     1.34   01.36
000475     1.34   01.35
000476     1.34   01.35
000477     1.34   01.35
000478     1.34   01.35
000479     1.34   01.35
000480     1.33   01.35
000481     1.33   01.34
000482     1.33   01.34
000483     1.33   01.34
000484     1.32   01.34
000485     1.32   01.34
000486     1.32   01.33
000487     1.32   01.33
000488     1.32   01.33
000489     1.31   01.33
000490     1.31   01.33
000491     1.31   01.32
000492     1.31   01.32
000493     1.31   01.32
000494     1.31   01.32
000495     1.30   01.32
000496     1.29   01.31
000497     1.29   01.31
000498     1.29   01.31
000499     1.29   01.31
000500     1.29   01.31
000501     1.29   01.30
000502     1.29   01.30
000503     1.29   01.30
000504     1.29   01.30
000505     1.29   01.30
000506     1.29   01.30
000507     1.28   01.30
000508     1.28   01.29
000509     1.28   01.29
000510     1.28   01.29
000511     1.28   01.29
000512     1.28   01.29
000513     1.27   01.29
000514     1.27   01.29
000515     1.27   01.28
000516     1.27   01.28
000517     1.27   01.28
000518     1.27   01.28
000519     1.26   01.28
000520     1.26   01.28
000521     1.26   01.27
000522     1.26   01.27
000523     1.26   01.27
000524     1.26   01.27
000525     1.26   01.27
000526     1.26   01.27
000527     1.26   01.27
000528     1.25   01.26
000529     1.25   01.26
000530     1.25   01.26
000531     1.25   01.26
000532     1.25   01.26
000533     1.25   01.26
000534     1.25   01.26
000535     1.25   01.26
000536     1.25   01.25
000537     1.25   01.25
000538     1.24   01.25
000539     1.24   01.25
000540     1.24   01.25
000541     1.24   01.25
000542     1.24   01.25
000543     1.24   01.25
000544     1.23   01.25
000545     1.23   01.24
000546     1.23   01.24
000547     1.23   01.24
000548     1.23   01.24
000549     1.23   01.24
000550     1.23   01.24
000551     1.23   01.23
000552     1.22   01.23
000553     1.22   01.23
000554     1.22   01.23
000555     1.22   01.23
000556     1.22   01.23
000557     1.22   01.23
000558     1.22   01.23
000559     1.21   01.22
000560     1.21   01.22
000561     1.21   01.22
000562     1.21   01.22
000563     1.20   01.22
000564     1.20   01.22
000565     1.20   01.21
000566     1.20   01.21
000567     1.20   01.21
000568     1.20   01.21
000569     1.20   01.21
000570     1.20   01.21
000571     1.20   01.21
000572     1.19   01.20
000573     1.19   01.20
000574     1.19   01.20
000575     1.19   01.20
000576     1.19   01.20
000577     1.18   01.20
000578     1.18   01.20
000579     1.18   01.19
000580     1.18   01.19
000581     1.18   01.19
000582     1.18   01.19
000583     1.18   01.19
000584     1.18   01.19
000585     1.17   01.18
000586     1.17   01.18
000587     1.17   01.18
000588     1.17   01.18
000589     1.17   01.18
000590     1.16   01.18
000591     1.16   01.17
000592     1.16   01.17
000593     1.16   01.17
000594     1.16   01.17
000595     1.16   01.17
000596     1.16   01.17
000597     1.15   01.17
000598     1.15   01.16
000599     1.15   01.16
000600     1.15   01.16
000601     1.15   01.16
000602     1.15   01.16
000603     1.15   01.16
000604     1.14   01.16
000605     1.14   01.16
000606     1.14   01.15
000607     1.14   01.15
000608     1.14   01.15
000609     1.14   01.15
000610     1.14   01.15
000611     1.14   01.15
000612     1.14   01.15
000613     1.14   01.15
000614     1.14   01.15
000615     1.13   01.14
000616     1.13   01.14
000617     1.13   01.14
000618     1.13   01.14
000619     1.13   01.14
000620     1.13   01.14
000621     1.13   01.14
000622     1.12   01.13
000623     1.12   01.13
000624     1.12   01.13
000625     1.12   01.13
000626     1.12   01.13
000627     1.12   01.13
000628     1.12   01.13
000629     1.12   01.13
000630     1.12   01.13
000631     1.11   01.12
000632     1.11   01.12
000633     1.11   01.12
000634     1.11   01.12
000635     1.11   01.12
000636     1.11   01.12
000637     1.10   01.11
000638     1.10   01.11
000639     1.10   01.11
000640     1.10   01.11
000641     1.10   01.11
000642     1.10   01.11
000643     1.10   01.11
000644     1.09   01.10
000645     1.09   01.10
000646     1.09   01.10
000647     1.09   01.10
000648     1.09   01.10
000649     1.09   01.10
000650     1.09   01.10
000651     1.09   01.09
000652     1.09   01.09
000653     1.08   01.09
000654     1.08   01.09
000655     1.08   01.09
000656     1.08   01.09
000657     1.08   01.09
000658     1.07   01.09
000659     1.07   01.09
000660     1.07   01.08
000661     1.07   01.08
000662     1.07   01.08
000663     1.07   01.08
000664     1.07   01.08
000665     1.07   01.08
000666     1.06   01.08
000667     1.06   01.07
000668     1.06   01.07
000669     1.06   01.07
000670     1.06   01.07
000671     1.06   01.07
000672     1.06   01.07
000673     1.05   01.07
000674     1.05   01.06
000675     1.05   01.06
000676     1.05   01.06
000677     1.05   01.06
000678     1.05   01.06
000679     1.05   01.06
000680     1.04   01.06
000681     1.04   01.05
000682     1.04   01.05
000683     1.04   01.05
000684     1.04   01.05
000685     1.04   01.05
000686     1.04   01.05
000687     1.03   01.04
000688     1.03   01.04
000689     1.03   01.04
000690     1.03   01.04
000691     1.03   01.04
000692     1.03   01.04
000693     1.03   01.04
000694     1.03   01.04
000695     1.03   01.04
000696     1.02   01.03
000697     1.02   01.03
000698     1.02   01.03
000699     1.02   01.03
000700     1.02   01.03
000701     1.02   01.03
000702     1.02   01.03
000703     1.01   01.02
000704     1.01   01.02
000705     1.01   01.02
000706     1.01   01.02
000707     1.01   01.02
000708     1.01   01.02
000709     1.01   01.01
000710     1.00   01.01
000711     1.00   01.01
000712     1.00   01.01
000713     1.00   01.01
000714     1.00   01.01
000715     1.00   01.01
000716     0.99   01.01
000717     0.99   01.00
000718     0.99   01.00
000719     0.99   01.00
000720     0.99   01.00
000721     0.99   01.00
000722     0.99   00.99
000723     0.98   00.99
000724     0.98   00.99
000725     0.98   00.99
000726     0.98   00.99
000727     0.98   00.99
000728     0.98   00.99
000729     0.98   00.99
000730     0.97   00.98
000731     0.97   00.98
000732     0.97   00.98
000733     0.97   00.98
000734     0.97   00.98
000735     0.97   00.98
000736     0.97   00.97
000737     0.96   00.97
000738     0.96   00.97
000739     0.96   00.97
000740     0.96   00.97
000741     0.96   00.97
000742     0.96   00.97
000743     0.96   00.97
000744     0.96   00.96
000745     0.96   00.96
000746     0.95   00.96
000747     0.95   00.96
000748     0.95   00.96
000749     0.95   00.96
000750     0.95   00.96
000751     0.95   00.96
000752     0.95   00.96
000753     0.95   00.96
000754     0.94   00.95
000755     0.94   00.95
000756     0.94   00.95
000757     0.94   00.95
000758     0.94   00.95
000759     0.93   00.95
000760     0.93   00.94
000761     0.93   00.94
000762     0.93   00.94
000763     0.93   00.94
000764     0.93   00.94
000765     0.93   00.94
000766     0.93   00.93
000767     0.93   00.93
000768     0.92   00.93
000769     0.92   00.93
000770     0.92   00.93
000771     0.92   00.93
000772     0.92   00.93
000773     0.92   00.93
000774     0.92   00.93
000775     0.92   00.93
000776     0.92   00.92
000777     0.91   00.92
000778     0.91   00.92
000779     0.91   00.92
000780     0.91   00.92
000781     0.91   00.92
000782     0.91   00.92
000783     0.91   00.92
000784     0.91   00.92
000785     0.91   00.92
000786     0.91   00.91
000787     0.90   00.91
000788     0.90   00.91
000789     0.90   00.91
000790     0.90   00.91
000791     0.90   00.91
000792     0.90   00.91
000793     0.89   00.91
000794     0.89   00.90
000795     0.89   00.90
000796     0.89   00.90
000797     0.89   00.90
000798     0.89   00.90
000799     0.89   00.90
000800     0.89   00.90
000801     0.88   00.90
000802     0.88   00.89
000803     0.88   00.89
000804     0.88   00.89
000805     0.88   00.89
000806     0.88   00.89
000807     0.88   00.89
000808     0.88   00.89
000809     0.88   00.89
000810     0.88   00.89
000811     0.88   00.89
000812     0.88   00.88
000813     0.87   00.88
000814     0.87   00.88
000815     0.87   00.88
000816     0.87   00.88
000817     0.87   00.88
000818     0.87   00.88
000819     0.87   00.88
000820     0.87   00.88
000821     0.87   00.88
000822     0.87   00.88
000823     0.87   00.87
000824     0.87   00.87
000825     0.86   00.87
000826     0.86   00.87
000827     0.86   00.87
000828     0.86   00.87
000829     0.86   00.87
000830     0.86   00.87
000831     0.85   00.87
000832     0.85   00.86
000833     0.85   00.86
000834     0.85   00.86
000835     0.85   00.86
000836     0.85   00.86
000837     0.85   00.86
000838     0.85   00.86
000839     0.85   00.86
000840     0.84   00.86
000841     0.84   00.85
000842     0.84   00.85
000843     0.84   00.85
000844     0.84   00.85
000845     0.84   00.85
000846     0.84   00.85
000847     0.84   00.85
000848     0.84   00.84
000849     0.84   00.84
000850     0.84   00.84
000851     0.83   00.84
000852     0.83   00.84
000853     0.83   00.84
000854     0.83   00.84
000855     0.83   00.84
000856     0.83   00.84
000857     0.83   00.84
000858     0.83   00.84
000859     0.83   00.83
000860     0.83   00.83
000861     0.83   00.83
000862     0.82   00.83
000863     0.82   00.83
000864     0.82   00.83
000865     0.82   00.83
000866     0.82   00.83
000867     0.82   00.83
000868     0.82   00.83
000869     0.82   00.82
000870     0.82   00.82
000871     0.81   00.82
000872     0.81   00.82
000873     0.81   00.82
000874     0.81   00.82
000875     0.81   00.82
000876     0.81   00.82
000877     0.81   00.82
000878     0.81   00.82
000879     0.81   00.81
000880     0.80   00.81
000881     0.80   00.81
000882     0.80   00.81
000883     0.80   00.81
000884     0.80   00.81
000885     0.80   00.81
000886     0.80   00.81
000887     0.80   00.80
000888     0.79   00.80
000889     0.79   00.80
000890     0.79   00.80
000891     0.79   00.80
000892     0.79   00.80
000893     0.79   00.80
000894     0.79   00.80
000895     0.79   00.79
000896     0.79   00.79
000897     0.78   00.79
000898     0.78   00.79
000899     0.78   00.79
000900     0.78   00.79
000901     0.78   00.79
000902     0.78   00.79
000903     0.78   00.79
000904     0.78   00.78
000905     0.78   00.78
000906     0.77   00.78
000907     0.77   00.78
000908     0.77   00.78
000909     0.77   00.78
000910     0.77   00.78
000911     0.77   00.78
000912     0.77   00.78
000913     0.77   00.78
000914     0.77   00.78
000915     0.77   00.78
000916     0.77   00.78
000917     0.77   00.78
000918     0.77   00.77
000919     0.76   00.77
000920     0.76   00.77
000921     0.76   00.77
000922     0.76   00.77
000923     0.76   00.77
000924     0.76   00.77
000925     0.76   00.77
000926     0.76   00.77
000927     0.76   00.76
000928     0.76   00.76
000929     0.75   00.76
000930     0.75   00.76
000931     0.75   00.76
000932     0.75   00.76
000933     0.75   00.76
000934     0.75   00.76
000935     0.75   00.76
000936     0.75   00.76
000937     0.75   00.76
000938     0.75   00.76
000939     0.75   00.75
000940     0.75   00.75
000941     0.75   00.75
000942     0.74   00.75
000943     0.74   00.75
000944     0.74   00.75
000945     0.74   00.75
000946     0.74   00.75
000947     0.74   00.75
000948     0.74   00.75
000949     0.74   00.75
000950     0.74   00.74
000951     0.74   00.74
000952     0.74   00.74
000953     0.73   00.74
000954     0.73   00.74
000955     0.73   00.74
000956     0.73   00.74
000957     0.73   00.74
000958     0.73   00.74
000959     0.73   00.73
000960     0.73   00.73
000961     0.72   00.73
000962     0.72   00.73
000963     0.72   00.73
000964     0.72   00.73
000965     0.72   00.73
000966     0.72   00.73
000967     0.72   00.73
000968     0.72   00.73
000969     0.72   00.73
000970     0.72   00.73
000971     0.72   00.72
000972     0.72   00.72
000973     0.72   00.72
000974     0.72   00.72
000975     0.72   00.72
000976     0.71   00.72
000977     0.71   00.72
000978     0.71   00.72
000979     0.71   00.72
000980     0.71   00.72
000981     0.71   00.72
000982     0.71   00.72
000983     0.71   00.72
000984     0.71   00.71
000985     0.71   00.71
000986     0.70   00.71
000987     0.70   00.71
000988     0.70   00.71
000989     0.70   00.71
000990     0.70   00.71
000991     0.70   00.71
000992     0.70   00.71
000993     0.70   00.70
000994     0.70   00.70
000995     0.69   00.70
000996     0.69   00.70
000997     0.69   00.70
000998     0.69   00.70
000999     0.69   00.70
001000     0.69   00.70
001001     0.69   00.70
001002     0.69   00.70
001003     0.69   00.70
001004     0.69   00.70
001005     0.69   00.70
001006     0.69   00.69
001007     0.69   00.69
001008     0.69   00.69
001009     0.68   00.69
001010     0.68   00.69
001011     0.68   00.69
001012     0.68   00.69
001013     0.68   00.69
001014     0.68   00.69
001015     0.68   00.69
001016     0.68   00.69
001017     0.68   00.69
001018     0.68   00.68
001019     0.68   00.68
001020     0.68   00.68
001021     0.67   00.68
001022     0.67   00.68
001023     0.67   00.68
001024     0.67   00.68
001025     0.67   00.68
001026     0.67   00.68
001027     0.67   00.68
001028     0.67   00.68
001029     0.67   00.68
001030     0.67   00.68
001031     0.67   00.67
001032     0.66   00.67
001033     0.66   00.67
001034     0.66   00.67
001035     0.66   00.67
001036     0.66   00.67
001037     0.66   00.67
001038     0.66   00.67
001039     0.66   00.67
001040     0.66   00.67
001041     0.66   00.67
001042     0.66   00.67
001043     0.66   00.66
001044     0.66   00.66
001045     0.66   00.66
001046     0.65   00.66
001047     0.65   00.66
001048     0.65   00.66
001049     0.65   00.66
001050     0.65   00.66
001051     0.65   00.66
001052     0.65   00.66
001053     0.65   00.66
001054     0.65   00.66
001055     0.65   00.66
001056     0.65   00.65
001057     0.65   00.65
001058     0.64   00.65
001059     0.64   00.65
001060     0.64   00.65
001061     0.64   00.65
001062     0.64   00.65
001063     0.64   00.65
001064     0.64   00.65
001065     0.64   00.65
001066     0.64   00.65
001067     0.64   00.64
001068     0.63   00.64
001069     0.63   00.64
001070     0.63   00.64
001071     0.63   00.64
001072     0.63   00.64
001073     0.63   00.64
001074     0.63   00.64
001075     0.63   00.64
001076     0.63   00.64
001077     0.63   00.64
001078     0.63   00.64
001079     0.63   00.63
001080     0.63   00.63
001081     0.63   00.63
001082     0.62   00.63
001083     0.62   00.63
001084     0.62   00.63
001085     0.62   00.63
001086     0.62   00.63
001087     0.62   00.63
001088     0.62   00.63
001089     0.62   00.63
001090     0.62   00.63
001091     0.62   00.63
001092     0.62   00.63
001093     0.62   00.62
001094     0.62   00.62
001095     0.62   00.62
001096     0.62   00.62
001097     0.62   00.62
001098     0.62   00.62
001099     0.61   00.62
001100     0.61   00.62
001101     0.61   00.62
001102     0.61   00.62
001103     0.61   00.62
001104     0.61   00.62
001105     0.61   00.62
001106     0.61   00.62
001107     0.61   00.61
001108     0.61   00.61
001109     0.60   00.61
001110     0.60   00.61
001111     0.60   00.61
001112     0.60   00.61
001113     0.60   00.61
001114     0.60   00.61
001115     0.60   00.61
001116     0.60   00.61
001117     0.60   00.61
001118     0.60   00.61
001119     0.60   00.61
001120     0.60   00.61
001121     0.60   00.61
001122     0.60   00.61
001123     0.60   00.60
001124     0.60   00.60
001125     0.60   00.60
001126     0.59   00.60
001127     0.59   00.60
001128     0.59   00.60
001129     0.59   00.60
001130     0.59   00.60
001131     0.59   00.60
001132     0.59   00.60
001133     0.59   00.60
001134     0.59   00.60
001135     0.59   00.60
001136     0.59   00.60
001137     0.59   00.60
001138     0.59   00.60
001139     0.59   00.59
001140     0.59   00.59
001141     0.59   00.59
001142     0.59   00.59
001143     0.58   00.59
001144     0.58   00.59
001145     0.58   00.59
001146     0.58   00.59
001147     0.58   00.59
001148     0.58   00.59
001149     0.58   00.59
001150     0.58   00.59
001151     0.58   00.59
001152     0.58   00.59
001153     0.58   00.58
001154     0.58   00.58
001155     0.58   00.58
001156     0.58   00.58
001157     0.57   00.58
001158     0.57   00.58
001159     0.57   00.58
001160     0.57   00.58
001161     0.57   00.58
001162     0.57   00.58
001163     0.57   00.58
001164     0.57   00.58
001165     0.57   00.58
001166     0.57   00.58
001167     0.57   00.58
001168     0.57   00.58
001169     0.57   00.58
001170     0.57   00.58
001171     0.57   00.58
001172     0.57   00.57
001173     0.57   00.57
001174     0.57   00.57
001175     0.57   00.57
001176     0.56   00.57
001177     0.56   00.57
001178     0.56   00.57
001179     0.56   00.57
001180     0.56   00.57
001181     0.56   00.57
001182     0.56   00.57
001183     0.56   00.57
001184     0.56   00.57
001185     0.56   00.57
001186     0.56   00.57
001187     0.56   00.57
001188     0.56   00.56
001189     0.56   00.56
001190     0.56   00.56
001191     0.56   00.56
001192     0.55   00.56
001193     0.55   00.56
001194     0.55   00.56
001195     0.55   00.56
001196     0.55   00.56
001197     0.55   00.56
001198     0.55   00.56
001199     0.55   00.56
001200     0.55   00.56
001201     0.55   00.56
001202     0.55   00.56
001203     0.55   00.56
001204     0.55   00.55
001205     0.55   00.55
001206     0.55   00.55
001207     0.55   00.55
001208     0.55   00.55
001209     0.55   00.55
001210     0.55   00.55
001211     0.55   00.55
001212     0.55   00.55
001213     0.55   00.55
001214     0.55   00.55
001215     0.54   00.55
001216     0.54   00.55
001217     0.54   00.55
001218     0.54   00.55
001219     0.54   00.55
001220     0.54   00.55
001221     0.54   00.55
001222     0.54   00.55
001223     0.54   00.55
001224     0.54   00.55
001225     0.54   00.54
001226     0.54   00.54
001227     0.54   00.54
001228     0.54   00.54
001229     0.54   00.54
001230     0.54   00.54
001231     0.54   00.54
001232     0.53   00.54
001233     0.53   00.54
001234     0.53   00.54
001235     0.53   00.54
001236     0.53   00.54
001237     0.53   00.54
001238     0.53   00.54
001239     0.53   00.54
001240     0.53   00.54
001241     0.53   00.54
001242     0.53   00.54
001243     0.53   00.54
001244     0.53   00.54
001245     0.53   00.54
001246     0.53   00.54
001247     0.53   00.53
001248     0.53   00.53
001249     0.53   00.53
001250     0.53   00.53
001251     0.53   00.53
001252     0.53   00.53
001253     0.52   00.53
001254     0.52   00.53
001255     0.52   00.53
001256     0.52   00.53
001257     0.52   00.53
001258     0.52   00.53
001259     0.52   00.53
001260     0.52   00.53
001261     0.52   00.53
001262     0.52   00.53
001263     0.52   00.52
001264     0.52   00.52
001265     0.52   00.52
001266     0.52   00.52
001267     0.52   00.52
001268     0.52   00.52
001269     0.52   00.52
001270     0.51   00.52
001271     0.51   00.52
001272     0.51   00.52
001273     0.51   00.52
001274     0.51   00.52
001275     0.51   00.52
001276     0.51   00.52
001277     0.51   00.52
001278     0.51   00.52
001279     0.51   00.51
001280     0.51   00.51
001281     0.51   00.51
001282     0.51   00.51
001283     0.51   00.51
001284     0.51   00.51
001285     0.50   00.51
001286     0.50   00.51
001287     0.50   00.51
001288     0.50   00.51
001289     0.50   00.51
001290     0.50   00.51
001291     0.50   00.51
001292     0.50   00.51
001293     0.50   00.51
001294     0.50   00.51
001295     0.50   00.51
001296     0.50   00.51
001297     0.50   00.51
001298     0.50   00.50
001299     0.50   00.50
001300     0.50   00.50
001301     0.50   00.50
001302     0.50   00.50
001303     0.49   00.50
001304     0.49   00.50
001305     0.49   00.50
001306     0.49   00.50
001307     0.49   00.50
001308     0.49   00.50
001309     0.49   00.50
001310     0.49   00.50
001311     0.49   00.50
001312     0.49   00.50
001313     0.49   00.49
001314     0.49   00.49
001315     0.49   00.49
001316     0.49   00.49
001317     0.48   00.49
001318     0.48   00.49
001319     0.48   00.49
001320     0.48   00.49
001321     0.48   00.49
001322     0.48   00.49
001323     0.48   00.49
001324     0.48   00.49
001325     0.48   00.49
001326     0.48   00.49
001327     0.48   00.49
001328     0.48   00.49
001329     0.48   00.49
001330     0.48   00.49
001331     0.48   00.49
001332     0.48   00.48
001333     0.48   00.48
001334     0.48   00.48
001335     0.48   00.48
001336     0.48   00.48
001337     0.48   00.48
001338     0.48   00.48
001339     0.48   00.48
001340     0.48   00.48
001341     0.48   00.48
001342     0.48   00.48
001343     0.48   00.48
001344     0.47   00.48
001345     0.47   00.48
001346     0.47   00.48
001347     0.47   00.48
001348     0.47   00.48
001349     0.47   00.48
001350     0.47   00.48
001351     0.47   00.48
001352     0.47   00.48
001353     0.47   00.48
001354     0.47   00.48
001355     0.47   00.48
001356     0.47   00.47
001357     0.47   00.47
001358     0.47   00.47
001359     0.47   00.47
001360     0.47   00.47
001361     0.47   00.47
001362     0.47   00.47
001363     0.47   00.47
001364     0.47   00.47
001365     0.46   00.47
001366     0.46   00.47
001367     0.46   00.47
001368     0.46   00.47
001369     0.46   00.47
001370     0.46   00.47
001371     0.46   00.47
001372     0.46   00.47
001373     0.46   00.47
001374     0.46   00.46
001375     0.46   00.46
001376     0.46   00.46
001377     0.46   00.46
001378     0.46   00.46
001379     0.46   00.46
001380     0.46   00.46
001381     0.46   00.46
001382     0.46   00.46
001383     0.45   00.46
001384     0.45   00.46
001385     0.45   00.46
001386     0.45   00.46
001387     0.45   00.46
001388     0.45   00.46
001389     0.45   00.46
001390     0.45   00.46
001391     0.45   00.46
001392     0.45   00.46
001393     0.45   00.46
001394     0.45   00.46
001395     0.45   00.46
001396     0.45   00.46
001397     0.45   00.46
001398     0.45   00.46
001399     0.45   00.46
001400     0.45   00.46
001401     0.45   00.46
001402     0.45   00.46
001403     0.45   00.45
001404     0.45   00.45
001405     0.45   00.45
001406     0.45   00.45
001407     0.45   00.45
001408     0.45   00.45
001409     0.45   00.45
001410     0.45   00.45
001411     0.45   00.45
001412     0.45   00.45
001413     0.45   00.45
001414     0.45   00.45
001415     0.44   00.45
001416     0.44   00.45
001417     0.44   00.45
001418     0.44   00.45
001419     0.44   00.45
001420     0.44   00.45
001421     0.44   00.45
001422     0.44   00.45
001423     0.44   00.45
001424     0.44   00.45
001425     0.44   00.45
001426     0.44   00.45
001427     0.44   00.44
001428     0.44   00.44
001429     0.44   00.44
001430     0.44   00.44
001431     0.44   00.44
001432     0.44   00.44
001433     0.44   00.44
001434     0.44   00.44
001435     0.44   00.44
001436     0.44   00.44
001437     0.44   00.44
001438     0.44   00.44
001439     0.43   00.44
001440     0.43   00.44
001441     0.43   00.44
001442     0.43   00.44
001443     0.43   00.44
001444     0.43   00.44
001445     0.43   00.44
001446     0.43   00.44
001447     0.43   00.44
001448     0.43   00.44
001449     0.43   00.44
001450     0.43   00.44
001451     0.43   00.44
001452     0.43   00.44
001453     0.43   00.44
001454     0.43   00.44
001455     0.43   00.44
001456     0.43   00.44
001457     0.43   00.44
001458     0.43   00.43
001459     0.43   00.43
001460     0.43   00.43
001461     0.43   00.43
001462     0.43   00.43
001463     0.43   00.43
001464     0.43   00.43
001465     0.43   00.43
001466     0.42   00.43
001467     0.42   00.43
001468     0.42   00.43
001469     0.42   00.43
001470     0.42   00.43
001471     0.42   00.43
001472     0.42   00.43
001473     0.42   00.43
001474     0.42   00.43
001475     0.42   00.43
001476     0.42   00.43
001477     0.42   00.43
001478     0.42   00.43
001479     0.42   00.43
001480     0.42   00.43
001481     0.42   00.42
001482     0.42   00.42
001483     0.42   00.42
001484     0.42   00.42
001485     0.42   00.42
001486     0.42   00.42
001487     0.42   00.42
001488     0.42   00.42
001489     0.42   00.42
001490     0.42   00.42
001491     0.42   00.42
001492     0.41   00.42
001493     0.41   00.42
001494     0.41   00.42
001495     0.41   00.42
001496     0.41   00.42
001497     0.41   00.42
001498     0.41   00.42
001499     0.41   00.42
001500     0.41   00.42
001501     0.41   00.42
001502     0.41   00.42
001503     0.41   00.42
001504     0.41   00.42
001505     0.41   00.42
001506     0.41   00.42
001507     0.41   00.42
001508     0.41   00.42
001509     0.41   00.42
001510     0.41   00.42
001511     0.41   00.42
001512     0.41   00.42
001513     0.41   00.42
001514     0.41   00.41
001515     0.41   00.41
001516     0.41   00.41
001517     0.41   00.41
001518     0.41   00.41
001519     0.41   00.41
001520     0.41   00.41
001521     0.41   00.41
001522     0.41   00.41
001523     0.41   00.41
001524     0.40   00.41
001525     0.40   00.41
001526     0.40   00.41
001527     0.40   00.41
001528     0.40   00.41
001529     0.40   00.41
001530     0.40   00.41
001531     0.40   00.41
001532     0.40   00.41
001533     0.40   00.41
001534     0.40   00.41
001535     0.40   00.41
001536     0.40   00.41
001537     0.40   00.41
001538     0.40   00.41
001539     0.40   00.41
001540     0.40   00.41
001541     0.40   00.41
001542     0.40   00.41
001543     0.40   00.41
001544     0.40   00.41
001545     0.40   00.41
001546     0.40   00.40
001547     0.40   00.40
001548     0.40   00.40
001549     0.40   00.40
001550     0.40   00.40
001551     0.40   00.40
001552     0.40   00.40
001553     0.40   00.40
001554     0.40   00.40
001555     0.40   00.40
001556     0.40   00.40
001557     0.40   00.40
001558     0.40   00.40
001559     0.40   00.40
001560     0.40   00.40
001561     0.40   00.40
001562     0.40   00.40
001563     0.39   00.40
001564     0.39   00.40
001565     0.39   00.40
001566     0.39   00.40
001567     0.39   00.40
001568     0.39   00.40
001569     0.39   00.40
001570     0.39   00.40
001571     0.39   00.40
001572     0.39   00.40
001573     0.39   00.40
001574     0.39   00.40
001575     0.39   00.40
001576     0.39   00.40
001577     0.39   00.39
001578     0.39   00.39
001579     0.39   00.39
001580     0.39   00.39
001581     0.39   00.39
001582     0.39   00.39
001583     0.39   00.39
001584     0.39   00.39
001585     0.39   00.39
001586     0.39   00.39
001587     0.39   00.39
001588     0.39   00.39
001589     0.39   00.39
001590     0.39   00.39
001591     0.38   00.39
001592     0.38   00.39
001593     0.38   00.39
001594     0.38   00.39
001595     0.38   00.39
001596     0.38   00.39
001597     0.38   00.39
001598     0.38   00.39
001599     0.38   00.39
001600     0.38   00.39
001601     0.38   00.39
001602     0.38   00.39
001603     0.38   00.39
001604     0.38   00.39
001605     0.38   00.39
001606     0.38   00.39
001607     0.38   00.39
001608     0.38   00.39
001609     0.38   00.38
001610     0.38   00.38
001611     0.38   00.38
001612     0.38   00.38
001613     0.38   00.38
001614     0.38   00.38
001615     0.38   00.38
001616     0.37   00.38
001617     0.37   00.38
001618     0.37   00.38
001619     0.37   00.38
001620     0.37   00.38
001621     0.37   00.38
001622     0.37   00.38
001623     0.37   00.38
001624     0.37   00.38
001625     0.37   00.38
001626     0.37   00.38
001627     0.37   00.38
001628     0.37   00.38
001629     0.37   00.38
001630     0.37   00.38
001631     0.37   00.38
001632     0.37   00.38
001633     0.37   00.38
001634     0.37   00.38
001635     0.37   00.37
001636     0.37   00.37
001637     0.37   00.37
001638     0.37   00.37
001639     0.36   00.37
001640     0.36   00.37
001641     0.36   00.37
001642     0.36   00.37
001643     0.36   00.37
001644     0.36   00.37
001645     0.36   00.37
001646     0.36   00.37
001647     0.36   00.37
001648     0.36   00.37
001649     0.36   00.37
001650     0.36   00.37
001651     0.36   00.37
001652     0.36   00.37
001653     0.36   00.37
001654     0.36   00.37
001655     0.36   00.37
001656     0.36   00.37
001657     0.36   00.37
001658     0.36   00.37
001659     0.36   00.37
001660     0.36   00.36
001661     0.36   00.36
001662     0.36   00.36
001663     0.36   00.36
001664     0.36   00.36
001665     0.36   00.36
001666     0.36   00.36
001667     0.36   00.36
001668     0.36   00.36
001669     0.36   00.36
001670     0.36   00.36
001671     0.36   00.36
001672     0.36   00.36
001673     0.35   00.36
001674     0.35   00.36
001675     0.35   00.36
001676     0.35   00.36
001677     0.35   00.36
001678     0.35   00.36
001679     0.35   00.36
001680     0.35   00.36
001681     0.35   00.36
001682     0.35   00.36
001683     0.35   00.36
001684     0.35   00.36
001685     0.35   00.36
001686     0.35   00.36
001687     0.35   00.36
001688     0.35   00.36
001689     0.35   00.36
001690     0.35   00.36
001691     0.35   00.36
001692     0.35   00.36
001693     0.35   00.36
001694     0.35   00.36
001695     0.35   00.36
001696     0.35   00.36
001697     0.35   00.35
001698     0.35   00.35
001699     0.35   00.35
001700     0.35   00.35
001701     0.35   00.35
001702     0.35   00.35
001703     0.35   00.35
001704     0.35   00.35
001705     0.35   00.35
001706     0.35   00.35
001707     0.35   00.35
001708     0.35   00.35
001709     0.35   00.35
001710     0.35   00.35
001711     0.35   00.35
001712     0.35   00.35
001713     0.35   00.35
001714     0.35   00.35
001715     0.35   00.35
001716     0.35   00.35
001717     0.35   00.35
001718     0.34   00.35
001719     0.34   00.35
001720     0.34   00.35
001721     0.34   00.35
001722     0.34   00.35
001723     0.34   00.35
001724     0.34   00.35
001725     0.34   00.35
001726     0.34   00.35
001727     0.34   00.35
001728     0.34   00.35
001729     0.34   00.35
001730     0.34   00.35
001731     0.34   00.35
001732     0.34   00.35
001733     0.34   00.35
001734     0.34   00.35
001735     0.34   00.35
001736     0.34   00.35
001737     0.34   00.35
001738     0.34   00.35
001739     0.34   00.35
001740     0.34   00.35
001741     0.34   00.35
001742     0.34   00.35
001743     0.34   00.35
001744     0.34   00.35
001745     0.34   00.34
001746     0.34   00.34
001747     0.34   00.34
001748     0.34   00.34
001749     0.34   00.34
001750     0.34   00.34
001751     0.34   00.34
001752     0.34   00.34
001753     0.34   00.34
001754     0.34   00.34
001755     0.34   00.34
001756     0.34   00.34
001757     0.34   00.34
001758     0.34   00.34
001759     0.34   00.34
001760     0.34   00.34
001761     0.34   00.34
001762     0.33   00.34
001763     0.33   00.34
001764     0.33   00.34
001765     0.33   00.34
001766     0.33   00.34
001767     0.33   00.34
001768     0.33   00.34
001769     0.33   00.34
001770     0.33   00.34
001771     0.33   00.34
001772     0.33   00.34
001773     0.33   00.34
001774     0.33   00.34
001775     0.33   00.34
001776     0.33   00.34
001777     0.33   00.34
001778     0.33   00.34
001779     0.33   00.34
001780     0.33   00.34
001781     0.33   00.34
001782     0.33   00.34
001783     0.33   00.34
001784     0.33   00.34
001785     0.33   00.34
001786     0.33   00.34
001787     0.33   00.34
001788     0.33   00.34
001789     0.33   00.34
001790     0.33   00.34
001791     0.33   00.34
001792     0.33   00.34
001793     0.33   00.34
001794     0.33   00.34
001795     0.33   00.34
001796     0.33   00.34
001797     0.33   00.34
001798     0.33   00.34
001799     0.33   00.33
001800     0.33   00.33
001801     0.33   00.33
001802     0.33   00.33
001803     0.33   00.33
001804     0.33   00.33
001805     0.32   00.33
001806     0.32   00.33
001807     0.32   00.33
001808     0.32   00.33
001809     0.32   00.33
001810     0.32   00.33
001811     0.32   00.33
001812     0.32   00.33
001813     0.32   00.33
001814     0.32   00.33
001815     0.32   00.33
001816     0.32   00.33
001817     0.32   00.33
001818     0.32   00.33
001819     0.32   00.33
001820     0.32   00.33
001821     0.32   00.33
001822     0.32   00.33
001823     0.32   00.33
001824     0.32   00.33
001825     0.32   00.33
001826     0.32   00.33
001827     0.32   00.33
001828     0.32   00.33
001829     0.32   00.33
001830     0.32   00.33
001831     0.32   00.33
001832     0.32   00.33
001833     0.32   00.33
001834     0.32   00.33
001835     0.32   00.33
001836     0.32   00.33
001837     0.32   00.33
001838     0.32   00.33
001839     0.32   00.33
001840     0.32   00.33
001841     0.32   00.33
001842     0.32   00.33
001843     0.32   00.33
001844     0.32   00.33
001845     0.32   00.33
001846     0.32   00.33
001847     0.32   00.33
001848     0.32   00.33
001849     0.32   00.33
001850     0.32   00.33
001851     0.32   00.33
001852     0.32   00.33
001853     0.32   00.33
001854     0.32   00.33
001855     0.32   00.33
001856     0.32   00.33
001857     0.32   00.33
001858     0.32   00.33
001859     0.32   00.33
001860     0.32   00.33
001861     0.32   00.33
001862     0.32   00.33
001863     0.32   00.33
001864     0.32   00.33
001865     0.32   00.33
001866     0.32   00.33
001867     0.32   00.33
001868     0.32   00.33
001869     0.32   00.33
001870     0.32   00.33
001871     0.32   00.33
001872     0.32   00.33
001873     0.32   00.33
001874     0.32   00.33
001875     0.32   00.33
001876     0.32   00.33
001877     0.32   00.33
001878     0.32   00.33
001879     0.32   00.33
001880     0.32   00.33
001881     0.32   00.32
001882     0.32   00.32
001883     0.32   00.32
001884     0.32   00.33
001885     0.32   00.33
001886     0.32   00.32
001887     0.32   00.33
001888     0.32   00.33
001889     0.32   00.32
001890     0.32   00.32
001891     0.32   00.32
001892     0.32   00.32
001893     0.32   00.32
001894     0.32   00.32
001895     0.32   00.32
001896     0.32   00.32
001897     0.32   00.32
001898     0.32   00.32
001899     0.32   00.32
001900     0.32   00.32
001901     0.32   00.32
001902     0.31   00.32
001903     0.31   00.32
001904     0.31   00.32
001905     0.31   00.32
001906     0.31   00.32
001907     0.31   00.32
001908     0.31   00.32
001909     0.31   00.32
001910     0.31   00.32
001911     0.31   00.32
001912     0.31   00.32
001913     0.31   00.32
001914     0.31   00.32
001915     0.31   00.32
001916     0.31   00.32
001917     0.31   00.32
001918     0.31   00.32
001919     0.31   00.32
001920     0.31   00.32
001921     0.31   00.32
001922     0.31   00.32
001923     0.31   00.32
001924     0.31   00.32
001925     0.31   00.32
001926     0.31   00.32
001927     0.31   00.32
001928     0.31   00.32
001929     0.31   00.32
001930     0.31   00.32
001931     0.31   00.32
001932     0.31   00.32
001933     0.31   00.32
001934     0.31   00.32
001935     0.31   00.32
001936     0.31   00.32
001937     0.31   00.32
001938     0.31   00.32
001939     0.31   00.32
001940     0.31   00.32
001941     0.31   00.32
001942     0.31   00.32
001943     0.31   00.32
001944     0.31   00.31
001945     0.31   00.31
001946     0.31   00.31
001947     0.31   00.31
001948     0.31   00.31
001949     0.31   00.31
001950     0.31   00.31
001951     0.31   00.32
001952     0.31   00.32
001953     0.31   00.32
001954     0.31   00.31
001955     0.31   00.31
001956     0.31   00.31
001957     0.31   00.31
001958     0.31   00.31
001959     0.31   00.31
001960     0.31   00.31
001961     0.31   00.31
001962     0.31   00.31
001963     0.31   00.31
001964     0.31   00.31
001965     0.31   00.31
001966     0.31   00.31
001967     0.31   00.31
001968     0.31   00.31
001969     0.31   00.31
001970     0.31   00.31
001971     0.31   00.31
001972     0.31   00.31
001973     0.31   00.31
001974     0.31   00.31
001975     0.31   00.31
001976     0.31   00.31
001977     0.31   00.31
001978     0.31   00.31
001979     0.31   00.31
001980     0.31   00.31
001981     0.31   00.31
001982     0.31   00.31
001983     0.31   00.31
001984     0.31   00.31
001985     0.31   00.31
001986     0.30   00.31
001987     0.30   00.31
001988     0.30   00.31
001989     0.30   00.31
001990     0.30   00.31
001991     0.30   00.31
001992     0.30   00.31
001993     0.30   00.31
001994     0.30   00.31
001995     0.30   00.31
001996     0.30   00.31
001997     0.30   00.31
001998     0.30   00.31
001999     0.30   00.31
002000     0.30   00.31
002001     0.30   00.31
002002     0.30   00.31
002003     0.30   00.31
002004     0.30   00.31
002005     0.30   00.31
002006     0.30   00.31
002007     0.30   00.31
002008     0.30   00.31
002009     0.30   00.31
002010     0.30   00.31
002011     0.30   00.31
002012     0.30   00.31
002013     0.30   00.31
002014     0.30   00.31
002015     0.30   00.31
002016     0.30   00.31
002017     0.30   00.31
002018     0.30   00.31
002019     0.30   00.30
002020     0.30   00.30
002021     0.30   00.31
002022     0.30   00.30
002023     0.30   00.30
002024     0.30   00.30
002025     0.30   00.30
002026     0.30   00.30
002027     0.30   00.30
002028     0.30   00.30
002029     0.30   00.30
002030     0.30   00.30
002031     0.30   00.30
002032     0.30   00.30
002033     0.30   00.30
002034     0.30   00.30
002035     0.30   00.30
002036     0.30   00.30
002037     0.29   00.30
002038     0.29   00.30
002039     0.29   00.30
002040     0.29   00.30
002041     0.29   00.30
002042     0.29   00.30
002043     0.29   00.30
002044     0.29   00.30
002045     0.29   00.30
002046     0.29   00.30
002047     0.29   00.30
002048     0.29   00.30
002049     0.29   00.30
002050     0.29   00.30
002051     0.29   00.30
002052     0.29   00.30
002053     0.29   00.30
002054     0.29   00.30
002055     0.29   00.30
002056     0.29   00.30
002057     0.29   00.30
002058     0.29   00.30
002059     0.29   00.30
002060     0.29   00.30
002061     0.29   00.30
002062     0.29   00.30
002063     0.29   00.30
002064     0.29   00.30
002065     0.29   00.30
002066     0.29   00.30
002067     0.29   00.30
002068     0.29   00.30
002069     0.29   00.30
002070     0.29   00.30
002071     0.29   00.30
002072     0.29   00.30
002073     0.29   00.30
002074     0.29   00.30
002075     0.29   00.30
002076     0.29   00.30
002077     0.29   00.30
002078     0.29   00.30
002079     0.29   00.30
002080     0.29   00.30
002081     0.29   00.30
002082     0.29   00.30
002083     0.29   00.30
002084     0.29   00.30
002085     0.29   00.30
002086     0.29   00.30
002087     0.29   00.30
002088     0.29   00.30
002089     0.29   00.30
002090     0.29   00.30
002091     0.29   00.30
002092     0.29   00.30
002093     0.29   00.30
002094     0.29   00.30
002095     0.29   00.30
002096     0.29   00.30
002097     0.29   00.30
002098     0.29   00.30
002099     0.29   00.30
002100     0.29   00.30
002101     0.29   00.30
002102     0.29   00.30
002103     0.29   00.30
002104     0.29   00.30
002105     0.29   00.30
002106     0.29   00.30
002107     0.29   00.30
002108     0.29   00.30
002109     0.29   00.30
002110     0.29   00.30
002111     0.29   00.30
002112     0.29   00.30
002113     0.29   00.30
002114     0.29   00.30
002115     0.29   00.30
002116     0.29   00.30
002117     0.29   00.30
002118     0.29   00.30
002119     0.29   00.30
002120     0.29   00.30
002121     0.29   00.30
002122     0.29   00.29
002123     0.29   00.30
002124     0.29   00.30
002125     0.29   00.30
002126     0.29   00.30
002127     0.29   00.30
002128     0.29   00.30
002129     0.29   00.30
002130     0.29   00.29
002131     0.29   00.29
002132     0.29   00.29
002133     0.29   00.29
002134     0.29   00.30
002135     0.29   00.30
002136     0.29   00.30
002137     0.29   00.30
002138     0.29   00.30
002139     0.29   00.30
002140     0.29   00.30
002141     0.29   00.30
002142     0.29   00.30
002143     0.29   00.30
002144     0.29   00.30
002145     0.29   00.29
002146     0.29   00.30
002147     0.29   00.30
002148     0.29   00.30
002149     0.29   00.30
002150     0.29   00.30
002151     0.29   00.30
002152     0.29   00.29
002153     0.29   00.30
002154     0.29   00.30
002155     0.29   00.30
002156     0.29   00.30
002157     0.29   00.29
002158     0.29   00.29
002159     0.29   00.29
002160     0.29   00.29
002161     0.29   00.29
002162     0.29   00.29
002163     0.29   00.29
002164     0.29   00.29
002165     0.29   00.29
002166     0.29   00.29
002167     0.29   00.29
002168     0.29   00.29
002169     0.29   00.29
002170     0.29   00.29
002171     0.29   00.29
002172     0.29   00.29
002173     0.29   00.29
002174     0.29   00.29
002175     0.28   00.29
002176     0.28   00.29
002177     0.28   00.29
002178     0.28   00.29
002179     0.28   00.29
002180     0.28   00.29
002181     0.28   00.29
002182     0.28   00.29
002183     0.28   00.29
002184     0.28   00.29
002185     0.28   00.29
002186     0.28   00.29
002187     0.28   00.29
002188     0.28   00.29
002189     0.28   00.29
002190     0.28   00.29
002191     0.28   00.29
002192     0.28   00.29
002193     0.28   00.29
002194     0.28   00.29
002195     0.28   00.29
002196     0.28   00.29
002197     0.28   00.29
002198     0.28   00.29
002199     0.28   00.29
002200     0.28   00.29
002201     0.28   00.29
002202     0.28   00.29
002203     0.28   00.29
002204     0.28   00.29
002205     0.28   00.29
002206     0.28   00.29
002207     0.28   00.29
002208     0.28   00.29
002209     0.28   00.29
002210     0.28   00.29
002211     0.28   00.29
002212     0.28   00.29
002213     0.28   00.29
002214     0.28   00.28
002215     0.28   00.28
002216     0.28   00.29
002217     0.28   00.28
002218     0.28   00.29
002219     0.28   00.29
002220     0.28   00.29
002221     0.28   00.29
002222     0.28   00.29
002223     0.28   00.29
002224     0.28   00.29
002225     0.28   00.29
002226     0.28   00.29
002227     0.28   00.29
002228     0.28   00.29
002229     0.28   00.29
002230     0.28   00.29
002231     0.28   00.28
002232     0.28   00.28
002233     0.28   00.28
002234     0.28   00.28
002235     0.28   00.28
002236     0.28   00.28
002237     0.28   00.28
002238     0.28   00.28
002239     0.28   00.28
002240     0.28   00.28
002241     0.28   00.28
002242     0.28   00.28
002243     0.28   00.28
002244     0.28   00.28
002245     0.28   00.28
002246     0.27   00.28
002247     0.27   00.28
002248     0.27   00.28
002249     0.27   00.28
002250     0.27   00.28
002251     0.27   00.28
002252     0.27   00.28
002253     0.27   00.28
002254     0.27   00.28
002255     0.27   00.28
002256     0.27   00.28
002257     0.27   00.28
002258     0.27   00.28
002259     0.27   00.28
002260     0.27   00.28
002261     0.27   00.28
002262     0.27   00.28
002263     0.27   00.28
002264     0.27   00.28
002265     0.27   00.28
002266     0.27   00.28
002267     0.27   00.28
002268     0.27   00.28
002269     0.27   00.28
002270     0.27   00.28
002271     0.27   00.28
002272     0.27   00.28
002273     0.27   00.28
002274     0.27   00.28
002275     0.27   00.28
002276     0.27   00.28
002277     0.27   00.28
002278     0.27   00.28
002279     0.27   00.28
002280     0.27   00.28
002281     0.27   00.28
002282     0.27   00.28
002283     0.27   00.28
002284     0.27   00.28
002285     0.27   00.28
002286     0.27   00.28
002287     0.27   00.28
002288     0.27   00.28
002289     0.27   00.28
002290     0.27   00.28
002291     0.27   00.28
002292     0.27   00.28
002293     0.27   00.28
002294     0.27   00.28
002295     0.27   00.28
002296     0.27   00.28
002297     0.27   00.28
002298     0.27   00.28
002299     0.27   00.28
002300     0.27   00.28
002301     0.27   00.28
002302     0.27   00.28
002303     0.27   00.28
002304     0.27   00.28
002305     0.27   00.28
002306     0.27   00.28
002307     0.27   00.28
002308     0.27   00.28
002309     0.27   00.28
002310     0.27   00.28
002311     0.27   00.28
002312     0.27   00.28
002313     0.27   00.28
002314     0.27   00.28
002315     0.27   00.28
002316     0.27   00.28
002317     0.27   00.28
002318     0.27   00.28
002319     0.27   00.28
002320     0.27   00.28
002321     0.27   00.28
002322     0.27   00.28
002323     0.27   00.28
002324     0.27   00.28
002325     0.27   00.28
002326     0.27   00.28
002327     0.27   00.28
002328     0.27   00.28
002329     0.27   00.28
002330     0.27   00.28
002331     0.27   00.28
002332     0.27   00.28
002333     0.27   00.28
002334     0.27   00.28
002335     0.27   00.28
002336     0.27   00.28
002337     0.27   00.28
002338     0.27   00.28
002339     0.27   00.28
002340     0.27   00.28
002341     0.27   00.28
002342     0.27   00.28
002343     0.27   00.28
002344     0.27   00.28
002345     0.27   00.28
002346     0.27   00.28
002347     0.27   00.28
002348     0.27   00.28
002349     0.27   00.28
002350     0.27   00.28
002351     0.27   00.28
002352     0.27   00.28
002353     0.27   00.28
002354     0.27   00.28
002355     0.27   00.28
002356     0.27   00.28
002357     0.27   00.28
002358     0.27   00.28
002359     0.27   00.28
002360     0.27   00.28
002361     0.27   00.28
002362     0.27   00.28
002363     0.27   00.28
002364     0.27   00.28
002365     0.27   00.28
002366     0.27   00.28
002367     0.27   00.28
002368     0.27   00.28
002369     0.27   00.28
002370     0.27   00.28
002371     0.27   00.28
002372     0.27   00.28
002373     0.27   00.28
002374     0.27   00.28
002375     0.27   00.28
002376     0.27   00.28
002377     0.27   00.28
002378     0.27   00.28
002379     0.27   00.28
002380     0.27   00.28
002381     0.27   00.28
002382     0.27   00.28
002383     0.27   00.28
002384     0.27   00.28
002385     0.27   00.28
002386     0.27   00.28
002387     0.27   00.28
002388     0.27   00.28
002389     0.27   00.28
002390     0.27   00.28
002391     0.27   00.28
002392     0.27   00.28
002393     0.27   00.28
002394     0.27   00.28
002395     0.27   00.28
002396     0.27   00.28
002397     0.27   00.28
002398     0.27   00.28
002399     0.27   00.28
002400     0.27   00.28
002401     0.27   00.28
002402     0.27   00.28
002403     0.27   00.28
002404     0.27   00.28
002405     0.27   00.28
002406     0.27   00.28
002407     0.27   00.28
002408     0.27   00.28
002409     0.27   00.28
002410     0.27   00.27
002411     0.27   00.27
002412     0.27   00.27
002413     0.27   00.27
002414     0.27   00.27
002415     0.27   00.28
002416     0.27   00.27
002417     0.27   00.28
002418     0.27   00.28
002419     0.27   00.28
002420     0.27   00.28
002421     0.27   00.27
002422     0.27   00.27
002423     0.27   00.28
002424     0.27   00.28
002425     0.27   00.28
002426     0.27   00.28
002427     0.27   00.27
002428     0.27   00.27
002429     0.27   00.27
002430     0.27   00.28
002431     0.27   00.28
002432     0.27   00.28
002433     0.27   00.28
002434     0.27   00.28
002435     0.27   00.28
002436     0.27   00.27
002437     0.27   00.27
002438     0.27   00.28
002439     0.27   00.27
002440     0.27   00.28
002441     0.27   00.28
002442     0.27   00.28
002443     0.27   00.28
002444     0.27   00.28
002445     0.27   00.28
002446     0.27   00.28
002447     0.27   00.28
002448     0.27   00.28
002449     0.27   00.27
002450     0.27   00.28
002451     0.27   00.28
002452     0.27   00.27
002453     0.27   00.27
002454     0.27   00.27
002455     0.27   00.27
002456     0.27   00.27
002457     0.27   00.27
002458     0.27   00.27
002459     0.27   00.27
002460     0.27   00.27
002461     0.27   00.27
002462     0.27   00.27
002463     0.27   00.27
002464     0.27   00.27
002465     0.27   00.27
002466     0.27   00.27
002467     0.27   00.27
002468     0.27   00.27
002469     0.27   00.27
002470     0.27   00.27
002471     0.27   00.27
002472     0.27   00.27
002473     0.27   00.27
002474     0.27   00.27
002475     0.27   00.27
002476     0.27   00.27
002477     0.27   00.27
002478     0.27   00.27
002479     0.27   00.27
002480     0.27   00.27
002481     0.27   00.27
002482     0.27   00.27
002483     0.27   00.27
002484     0.27   00.27
002485     0.27   00.27
002486     0.27   00.27
002487     0.27   00.27
002488     0.27   00.27
002489     0.27   00.27
002490     0.27   00.27
002491     0.27   00.27
002492     0.27   00.27
002493     0.27   00.27
002494     0.27   00.27
002495     0.27   00.27
002496     0.27   00.27
002497     0.27   00.27
002498     0.27   00.27
002499     0.27   00.27
002500     0.27   00.27
002501     0.27   00.27
002502     0.27   00.27
002503     0.27   00.27
002504     0.27   00.27
002505     0.27   00.27
002506     0.27   00.27
002507     0.26   00.27
002508     0.26   00.27
002509     0.26   00.27
002510     0.26   00.27
002511     0.26   00.27
002512     0.26   00.27
002513     0.26   00.27
002514     0.26   00.27
002515     0.26   00.27
002516     0.26   00.27
002517     0.26   00.27
002518     0.26   00.27
002519     0.26   00.27
002520     0.26   00.27
002521     0.26   00.27
002522     0.26   00.27
002523     0.26   00.27
002524     0.26   00.27
002525     0.26   00.27
002526     0.26   00.27
002527     0.26   00.27
002528     0.26   00.27
002529     0.26   00.27
002530     0.26   00.27
002531     0.26   00.27
002532     0.26   00.27
002533     0.26   00.27
002534     0.26   00.27
002535     0.26   00.27
002536     0.26   00.27
002537     0.26   00.27
002538     0.26   00.27
002539     0.26   00.27
002540     0.26   00.27
002541     0.26   00.27
002542     0.26   00.27
002543     0.26   00.27
002544     0.26   00.27
002545     0.26   00.27
002546     0.26   00.27
002547     0.26   00.27
002548     0.26   00.27
002549     0.26   00.27
002550     0.26   00.27
002551     0.26   00.27
002552     0.26   00.27
002553     0.26   00.27
002554     0.26   00.27
002555     0.26   00.27
002556     0.26   00.27
002557     0.26   00.27
002558     0.26   00.27
002559     0.26   00.27
002560     0.26   00.27
002561     0.26   00.27
002562     0.26   00.27
002563     0.26   00.27
002564     0.26   00.27
002565     0.26   00.27
002566     0.26   00.27
002567     0.26   00.27
002568     0.26   00.27
002569     0.26   00.27
002570     0.26   00.27
002571     0.26   00.27
002572     0.26   00.27
002573     0.26   00.27
002574     0.26   00.27
002575     0.26   00.27
002576     0.26   00.27
002577     0.26   00.27
002578     0.26   00.27
002579     0.26   00.27
002580     0.26   00.27
002581     0.26   00.27
002582     0.26   00.27
002583     0.26   00.27
002584     0.26   00.27
002585     0.26   00.27
002586     0.26   00.27
002587     0.26   00.27
002588     0.26   00.27
002589     0.26   00.26
002590     0.26   00.26
002591     0.26   00.26
002592     0.26   00.27
002593     0.26   00.27
002594     0.26   00.27
002595     0.26   00.26
002596     0.26   00.26
002597     0.26   00.26
002598     0.26   00.26
002599     0.26   00.26
002600     0.26   00.26
002601     0.26   00.26
002602     0.26   00.26
002603     0.26   00.26
002604     0.26   00.26
002605     0.26   00.26
002606     0.26   00.26
002607     0.26   00.26
002608     0.26   00.26
002609     0.26   00.26
002610     0.26   00.26
002611     0.26   00.26
002612     0.26   00.26
002613     0.26   00.26
002614     0.26   00.26
002615     0.26   00.26
002616     0.26   00.26
002617     0.26   00.26
002618     0.26   00.26
002619     0.26   00.26
002620     0.26   00.26
002621     0.26   00.26
002622     0.26   00.26
002623     0.26   00.26
002624     0.26   00.26
002625     0.26   00.26
002626     0.26   00.26
002627     0.26   00.26
002628     0.26   00.26
002629     0.26   00.26
002630     0.26   00.26
002631     0.26   00.26
002632     0.26   00.26
002633     0.26   00.26
002634     0.26   00.26
002635     0.26   00.26
002636     0.26   00.26
002637     0.26   00.26
002638     0.26   00.26
002639     0.26   00.26
002640     0.26   00.26
002641     0.26   00.26
002642     0.26   00.26
002643     0.26   00.26
002644     0.26   00.26
002645     0.26   00.26
002646     0.26   00.26
002647     0.26   00.26
002648     0.26   00.26
002649     0.26   00.26
002650     0.26   00.26
002651     0.26   00.26
002652     0.26   00.26
002653     0.26   00.26
002654     0.26   00.26
002655     0.26   00.26
002656     0.26   00.26
002657     0.26   00.26
002658     0.26   00.26
002659     0.26   00.26
002660     0.26   00.26
002661     0.26   00.26
002662     0.26   00.26
002663     0.26   00.26
002664     0.26   00.26
002665     0.26   00.26
002666     0.26   00.26
002667     0.26   00.26
002668     0.26   00.26
002669     0.26   00.26
002670     0.26   00.26
002671     0.25   00.26
002672     0.25   00.26
002673     0.25   00.26
002674     0.25   00.26
002675     0.25   00.26
002676     0.25   00.26
002677     0.25   00.26
002678     0.25   00.26
002679     0.25   00.26
002680     0.25   00.26
002681     0.25   00.26
002682     0.25   00.26
002683     0.25   00.26
002684     0.25   00.26
002685     0.25   00.26
002686     0.25   00.26
002687     0.25   00.26
002688     0.25   00.26
002689     0.25   00.26
002690     0.25   00.26
002691     0.25   00.26
002692     0.25   00.26
002693     0.25   00.26
002694     0.25   00.26
002695     0.25   00.26
002696     0.25   00.26
002697     0.25   00.26
002698     0.25   00.26
002699     0.25   00.26
002700     0.25   00.26
002701     0.25   00.26
002702     0.25   00.26
002703     0.25   00.26
002704     0.25   00.26
002705     0.25   00.26
002706     0.25   00.26
002707     0.25   00.26
002708     0.25   00.26
002709     0.25   00.26
002710     0.25   00.26
002711     0.25   00.26
002712     0.25   00.26
002713     0.25   00.26
002714     0.25   00.26
002715     0.25   00.26
002716     0.25   00.26
002717     0.25   00.26
002718     0.25   00.26
002719     0.25   00.26
002720     0.25   00.26
002721     0.25   00.26
002722     0.25   00.26
002723     0.25   00.26
002724     0.25   00.26
002725     0.25   00.26
002726     0.25   00.26
002727     0.25   00.26
002728     0.25   00.26
002729     0.25   00.26
002730     0.25   00.26
002731     0.25   00.26
002732     0.25   00.26
002733     0.25   00.26
002734     0.25   00.26
002735     0.25   00.26
002736     0.25   00.26
002737     0.25   00.26
002738     0.25   00.26
002739     0.25   00.26
002740     0.25   00.26
002741     0.25   00.26
002742     0.25   00.26
002743     0.25   00.26
002744     0.25   00.26
002745     0.25   00.26
002746     0.25   00.26
002747     0.25   00.26
002748     0.25   00.26
002749     0.25   00.26
002750     0.25   00.26
002751     0.25   00.26
002752     0.25   00.26
002753     0.25   00.26
002754     0.25   00.26
002755     0.25   00.26
002756     0.25   00.26
002757     0.25   00.26
002758     0.25   00.26
002759     0.25   00.26
002760     0.25   00.26
002761     0.25   00.26
002762     0.25   00.26
002763     0.25   00.26
002764     0.25   00.26
002765     0.25   00.26
002766     0.25   00.26
002767     0.25   00.26
002768     0.25   00.26
002769     0.25   00.26
002770     0.25   00.26
002771     0.25   00.26
002772     0.25   00.26
002773     0.25   00.26
002774     0.25   00.26
002775     0.25   00.26
002776     0.25   00.26
002777     0.25   00.26
002778     0.25   00.26
002779     0.25   00.26
002780     0.25   00.26
002781     0.25   00.26
002782     0.25   00.26
002783     0.25   00.26
002784     0.25   00.26
002785     0.25   00.26
002786     0.25   00.26
002787     0.25   00.26
002788     0.25   00.26
002789     0.25   00.26
002790     0.25   00.26
002791     0.25   00.26
002792     0.25   00.26
002793     0.25   00.26
002794     0.25   00.26
002795     0.25   00.26
002796     0.25   00.26
002797     0.25   00.26
002798     0.25   00.26
002799     0.25   00.26
002800     0.25   00.26
002801     0.25   00.26
002802     0.25   00.26
002803     0.25   00.26
002804     0.25   00.26
002805     0.25   00.26
002806     0.25   00.26
002807     0.25   00.26
002808     0.25   00.26
002809     0.25   00.26
002810     0.25   00.26
002811     0.25   00.26
002812     0.25   00.26
002813     0.25   00.26
002814     0.25   00.26
002815     0.25   00.26
002816     0.25   00.26
002817     0.25   00.26
002818     0.25   00.26
002819     0.25   00.26
002820     0.25   00.26
002821     0.25   00.26
002822     0.25   00.26
002823     0.25   00.26
002824     0.25   00.26
002825     0.25   00.26
002826     0.25   00.26
002827     0.25   00.26
002828     0.25   00.26
002829     0.25   00.26
002830     0.25   00.26
002831     0.25   00.26
002832     0.25   00.26
002833     0.25   00.26
002834     0.25   00.26
002835     0.25   00.26
002836     0.25   00.26
002837     0.25   00.26
002838     0.25   00.25
002839     0.25   00.25
002840     0.25   00.25
002841     0.25   00.25
002842     0.25   00.25
002843     0.25   00.25
002844     0.25   00.25
002845     0.25   00.25
002846     0.25   00.25
002847     0.25   00.25
002848     0.25   00.25
002849     0.25   00.25
002850     0.25   00.25
002851     0.25   00.25
002852     0.25   00.25
002853     0.25   00.25
002854     0.25   00.25
002855     0.25   00.25
002856     0.25   00.25
002857     0.25   00.25
002858     0.25   00.25
002859     0.25   00.25
002860     0.25   00.25
002861     0.25   00.25
002862     0.25   00.25
002863     0.25   00.25
002864     0.25   00.25
002865     0.25   00.25
002866     0.24   00.25
002867     0.24   00.25
002868     0.24   00.25
002869     0.24   00.25
002870     0.24   00.25
002871     0.24   00.25
002872     0.24   00.25
002873     0.24   00.25
002874     0.24   00.25
002875     0.24   00.25
002876     0.24   00.25
002877     0.24   00.25
002878     0.24   00.25
002879     0.24   00.25
002880     0.24   00.25
002881     0.24   00.25
002882     0.24   00.25
002883     0.24   00.25
002884     0.24   00.25
002885     0.24   00.25
002886     0.24   00.25
002887     0.24   00.25
002888     0.24   00.25
002889     0.24   00.25
002890     0.24   00.25
002891     0.24   00.25
002892     0.24   00.25
002893     0.24   00.25
002894     0.24   00.25
002895     0.24   00.25
002896     0.24   00.25
002897     0.24   00.25
002898     0.24   00.25
002899     0.24   00.25
002900     0.24   00.25
002901     0.24   00.25
002902     0.24   00.25
002903     0.24   00.25
002904     0.24   00.25
002905     0.24   00.25
002906     0.24   00.25
002907     0.24   00.25
002908     0.24   00.25
002909     0.24   00.25
002910     0.24   00.25
002911     0.24   00.25
002912     0.24   00.25
002913     0.24   00.25
002914     0.24   00.25
002915     0.24   00.25
002916     0.24   00.25
002917     0.24   00.25
002918     0.24   00.25
002919     0.24   00.25
002920     0.24   00.25
002921     0.24   00.25
002922     0.24   00.25
002923     0.24   00.25
002924     0.24   00.25
002925     0.24   00.25
002926     0.24   00.25
002927     0.24   00.25
002928     0.24   00.25
002929     0.24   00.25
002930     0.24   00.25
002931     0.24   00.25
002932     0.24   00.25
002933     0.24   00.25
002934     0.24   00.25
002935     0.24   00.25
002936     0.24   00.25
002937     0.24   00.25
002938     0.24   00.25
002939     0.24   00.25
002940     0.24   00.25
002941     0.24   00.25
002942     0.24   00.25
002943     0.24   00.25
002944     0.24   00.25
002945     0.24   00.25
002946     0.24   00.25
002947     0.24   00.25
002948     0.24   00.25
002949     0.24   00.25
002950     0.24   00.25
002951     0.24   00.25
002952     0.24   00.25
002953     0.24   00.25
002954     0.24   00.25
002955     0.24   00.25
002956     0.24   00.25
002957     0.24   00.25
002958     0.24   00.25
002959     0.24   00.25
002960     0.24   00.25
002961     0.24   00.25
002962     0.24   00.25
002963     0.24   00.25
002964     0.24   00.25
002965     0.24   00.25
002966     0.24   00.25
002967     0.24   00.25
002968     0.24   00.25
002969     0.24   00.25
002970     0.24   00.25
002971     0.24   00.25
002972     0.24   00.25
002973     0.24   00.25
002974     0.24   00.25
002975     0.24   00.25
002976     0.24   00.25
002977     0.24   00.25
002978     0.24   00.25
002979     0.24   00.25
002980     0.24   00.25
002981     0.24   00.25
002982     0.24   00.25
002983     0.24   00.25
002984     0.24   00.25
002985     0.24   00.25
002986     0.24   00.25
002987     0.24   00.25
002988     0.24   00.25
002989     0.24   00.25
002990     0.24   00.25
002991     0.24   00.25
002992     0.24   00.25
002993     0.24   00.25
002994     0.24   00.25
002995     0.24   00.25
002996     0.24   00.25
002997     0.24   00.25
002998     0.24   00.25
002999     0.24   00.25
003000     0.24   00.25
003001     0.24   00.25
