000001     48.11   48.75
000002     47.84   48.59
000003     47.84   48.46
000004     47.35   48.34
000005     47.35   48.27
000006     47.35   48.10
000007     47.35   48.09
000008     47.32   47.91
000009     47.30   47.78
000010     47.23   47.64
000011     47.17   47.55
000012     47.10   47.46
000013     47.02   47.42
000014     47.01   47.34
000015     46.89   47.27
000016     46.89   47.21
000017     46.84   47.18
000018     46.79   47.13
000019     46.77   47.07
000020     46.66   46.98
000021     46.66   46.93
000022     46.64   46.87
000023     46.60   46.80
000024     46.60   46.78
000025     46.56   46.76
000026     46.53   46.70
000027     46.53   46.67
000028     46.51   46.65
000029     46.42   46.63
000030     46.42   46.61
000031     46.42   46.57
000032     46.38   46.53
000033     46.36   46.50
000034     46.36   46.50
000035     46.34   46.47
000036     46.29   46.44
000037     46.29   46.42
000038     46.29   46.40
000039     46.27   46.40
000040     46.27   46.37
000041     46.26   46.36
000042     46.26   46.35
000043     46.22   46.33
000044     46.21   46.30
000045     46.21   46.29
000046     46.20   46.26
000047     46.17   46.25
000048     46.17   46.24
000049     46.15   46.23
000050     46.13   46.21
000051     46.11   46.20
000052     46.11   46.19
000053     46.10   46.17
000054     46.10   46.15
000055     46.10   46.15
000056     46.08   46.13
000057     46.08   46.13
000058     46.08   46.13
000059     46.07   46.12
000060     46.07   46.10
000061     46.06   46.09
000062     46.05   46.08
000063     46.04   46.08
000064     46.03   46.07
000065     46.03   46.06
000066     46.01   46.05
000067     46.01   46.05
000068     46.01   46.04
000069     46.01   46.04
000070     46.00   46.03
000071     46.00   46.03
000072     45.99   46.02
000073     45.99   46.02
000074     45.99   46.02
000075     45.99   46.01
000076     45.99   46.01
000077     45.98   46.00
000078     45.98   46.00
000079     45.98   45.99
000080     45.97   45.99
000081     45.97   45.99
000082     45.97   45.99
000083     45.97   45.98
000084     45.96   45.98
000085     45.96   45.98
000086     45.96   45.98
000087     45.96   45.97
000088     45.95   45.97
000089     45.94   45.97
000090     45.94   45.97
000091     45.94   45.96
000092     45.94   45.96
000093     45.93   45.96
000094     45.93   45.95
000095     45.93   45.95
000096     45.93   45.95
000097     45.93   45.95
000098     45.93   45.94
000099     45.93   45.94
000100     45.93   45.94
000101     45.92   45.94
000102     45.92   45.93
000103     45.91   45.93
000104     45.91   45.93
000105     45.91   45.93
000106     45.91   45.92
000107     45.91   45.92
000108     45.90   45.92
000109     45.90   45.92
000110     45.90   45.91
000111     45.90   45.91
000112     45.90   45.91
000113     45.90   45.91
000114     45.90   45.91
000115     45.90   45.91
000116     45.89   45.90
000117     45.89   45.90
000118     45.88   45.90
000119     45.88   45.90
000120     45.88   45.90
000121     45.88   45.89
000122     45.88   45.89
000123     45.88   45.89
000124     45.88   45.89
000125     45.88   45.89
000126     45.87   45.88
000127     45.87   45.88
000128     45.87   45.88
000129     45.87   45.88
000130     45.86   45.88
000131     45.86   45.88
000132     45.86   45.88
000133     45.86   45.88
000134     45.86   45.87
000135     45.86   45.87
000136     45.86   45.87
000137     45.86   45.87
000138     45.85   45.87
000139     45.85   45.86
000140     45.85   45.86
000141     45.85   45.86
000142     45.85   45.86
000143     45.85   45.86
000144     45.84   45.85
000145     45.84   45.85
000146     45.84   45.85
000147     45.83   45.85
000148     45.83   45.85
000149     45.83   45.84
000150     45.83   45.84
000151     45.83   45.84
000152     45.83   45.84
000153     45.83   45.84
000154     45.82   45.84
000155     45.82   45.84
000156     45.82   45.84
000157     45.82   45.83
000158     45.82   45.83
000159     45.82   45.83
000160     45.82   45.83
000161     45.81   45.83
000162     45.81   45.82
000163     45.81   45.82
000164     45.81   45.82
000165     45.81   45.82
000166     45.81   45.82
000167     45.81   45.82
000168     45.80   45.81
000169     45.80   45.81
000170     45.80   45.81
000171     45.80   45.81
000172     45.79   45.81
000173     45.79   45.81
000174     45.79   45.80
000175     45.78   45.80
000176     45.78   45.80
000177     45.78   45.79
000178     45.78   45.79
000179     45.78   45.79
000180     45.78   45.79
000181     45.77   45.79
000182     45.77   45.79
000183     45.77   45.79
000184     45.77   45.78
000185     45.77   45.78
000186     45.77   45.78
000187     45.77   45.78
000188     45.77   45.78
000189     45.77   45.78
000190     45.77   45.78
000191     45.76   45.77
000192     45.76   45.77
000193     45.76   45.77
000194     45.76   45.77
000195     45.76   45.77
000196     45.76   45.77
000197     45.76   45.77
000198     45.75   45.76
000199     45.75   45.76
000200     45.75   45.76
000201     45.75   45.76
000202     45.75   45.76
000203     45.75   45.75
000204     45.74   45.75
000205     45.74   45.75
000206     45.74   45.75
000207     45.74   45.75
000208     45.74   45.75
000209     45.74   45.75
000210     45.74   45.75
000211     45.73   45.74
000212     45.73   45.74
000213     45.73   45.74
000214     45.73   45.74
000215     45.73   45.74
000216     45.73   45.73
000217     45.73   45.73
000218     45.72   45.73
000219     45.72   45.73
000220     45.72   45.73
000221     45.72   45.73
000222     45.72   45.73
000223     45.72   45.73
000224     45.72   45.72
000225     45.71   45.72
000226     45.71   45.72
000227     45.71   45.72
000228     45.71   45.72
000229     45.71   45.72
000230     45.71   45.71
000231     45.71   45.71
000232     45.70   45.71
000233     45.70   45.71
000234     45.70   45.71
000235     45.70   45.71
000236     45.70   45.71
000237     45.70   45.70
000238     45.70   45.70
000239     45.69   45.70
000240     45.69   45.70
000241     45.69   45.70
000242     45.69   45.70
000243     45.69   45.70
000244     45.69   45.69
000245     45.69   45.69
000246     45.68   45.69
000247     45.68   45.69
000248     45.68   45.69
000249     45.68   45.69
000250     45.68   45.69
000251     45.68   45.69
000252     45.68   45.68
000253     45.68   45.68
000254     45.68   45.68
000255     45.67   45.68
000256     45.67   45.68
000257     45.67   45.68
000258     45.67   45.68
000259     45.67   45.68
000260     45.67   45.67
000261     45.67   45.67
000262     45.67   45.67
000263     45.67   45.67
000264     45.67   45.67
000265     45.66   45.67
000266     45.66   45.67
000267     45.66   45.67
000268     45.66   45.67
000269     45.66   45.66
000270     45.66   45.66
000271     45.66   45.66
000272     45.65   45.66
000273     45.65   45.66
000274     45.65   45.66
000275     45.65   45.66
000276     45.65   45.66
000277     45.65   45.66
000278     45.65   45.66
000279     45.65   45.66
000280     45.65   45.65
000281     45.65   45.65
000282     45.65   45.65
000283     45.65   45.65
000284     45.65   45.65
000285     45.64   45.65
000286     45.64   45.65
000287     45.64   45.65
000288     45.64   45.65
000289     45.64   45.65
000290     45.64   45.64
000291     45.64   45.64
000292     45.63   45.64
000293     45.63   45.64
000294     45.63   45.64
000295     45.63   45.64
000296     45.63   45.64
000297     45.63   45.63
000298     45.63   45.63
000299     45.63   45.63
000300     45.63   45.63
000301     45.62   45.63
000302     45.62   45.63
000303     45.62   45.63
000304     45.62   45.63
000305     45.62   45.63
000306     45.62   45.63
000307     45.62   45.63
000308     45.62   45.62
000309     45.62   45.62
000310     45.62   45.62
000311     45.62   45.62
000312     45.62   45.62
000313     45.61   45.62
000314     45.61   45.62
000315     45.61   45.62
000316     45.61   45.62
000317     45.61   45.62
000318     45.61   45.61
000319     45.61   45.61
000320     45.61   45.61
000321     45.61   45.61
000322     45.60   45.61
000323     45.60   45.61
000324     45.60   45.61
000325     45.60   45.61
000326     45.60   45.61
000327     45.60   45.61
000328     45.60   45.61
000329     45.60   45.60
000330     45.60   45.60
000331     45.60   45.60
000332     45.60   45.60
000333     45.60   45.60
000334     45.59   45.60
000335     45.59   45.60
000336     45.59   45.60
000337     45.59   45.60
000338     45.59   45.60
000339     45.59   45.60
000340     45.59   45.59
000341     45.59   45.59
000342     45.59   45.59
000343     45.59   45.59
000344     45.58   45.59
000345     45.58   45.59
000346     45.58   45.59
000347     45.58   45.59
000348     45.58   45.59
000349     45.58   45.58
000350     45.58   45.58
000351     45.58   45.58
000352     45.58   45.58
000353     45.58   45.58
000354     45.57   45.58
000355     45.57   45.58
000356     45.57   45.58
000357     45.57   45.58
000358     45.57   45.58
000359     45.57   45.57
000360     45.57   45.57
000361     45.57   45.57
000362     45.57   45.57
000363     45.57   45.57
000364     45.57   45.57
000365     45.57   45.57
000366     45.56   45.57
000367     45.56   45.57
000368     45.56   45.57
000369     45.56   45.57
000370     45.56   45.57
000371     45.56   45.57
000372     45.56   45.57
000373     45.56   45.57
000374     45.56   45.56
000375     45.56   45.56
000376     45.56   45.56
000377     45.56   45.56
000378     45.56   45.56
000379     45.56   45.56
000380     45.56   45.56
000381     45.55   45.56
000382     45.55   45.56
000383     45.55   45.56
000384     45.55   45.56
000385     45.55   45.56
000386     45.55   45.56
000387     45.55   45.55
000388     45.55   45.55
000389     45.55   45.55
000390     45.55   45.55
000391     45.55   45.55
000392     45.55   45.55
000393     45.55   45.55
000394     45.55   45.55
000395     45.55   45.55
000396     45.54   45.55
000397     45.54   45.55
000398     45.54   45.55
000399     45.54   45.55
000400     45.54   45.55
000401     45.54   45.55
000402     45.54   45.54
000403     45.54   45.54
000404     45.54   45.54
000405     45.54   45.54
000406     45.54   45.54
000407     45.54   45.54
000408     45.53   45.54
000409     45.53   45.54
000410     45.53   45.54
000411     45.53   45.54
000412     45.53   45.54
000413     45.53   45.54
000414     45.53   45.54
000415     45.53   45.53
000416     45.53   45.53
000417     45.53   45.53
000418     45.53   45.53
000419     45.53   45.53
000420     45.53   45.53
000421     45.53   45.53
000422     45.53   45.53
000423     45.53   45.53
000424     45.53   45.53
000425     45.52   45.53
000426     45.52   45.53
000427     45.52   45.53
000428     45.52   45.53
000429     45.52   45.53
000430     45.52   45.53
000431     45.52   45.52
000432     45.52   45.52
000433     45.52   45.52
000434     45.52   45.52
000435     45.52   45.52
000436     45.52   45.52
000437     45.52   45.52
000438     45.52   45.52
000439     45.51   45.52
000440     45.51   45.52
000441     45.51   45.52
000442     45.51   45.52
000443     45.51   45.52
000444     45.51   45.52
000445     45.51   45.51
000446     45.51   45.51
000447     45.51   45.51
000448     45.51   45.51
000449     45.51   45.51
000450     45.51   45.51
000451     45.51   45.51
000452     45.51   45.51
000453     45.50   45.51
000454     45.50   45.51
000455     45.50   45.51
000456     45.50   45.51
000457     45.50   45.51
000458     45.50   45.50
000459     45.50   45.50
000460     45.50   45.50
000461     45.50   45.50
000462     45.50   45.50
000463     45.50   45.50
000464     45.50   45.50
000465     45.50   45.50
000466     45.49   45.50
000467     45.49   45.50
000468     45.49   45.50
000469     45.49   45.50
000470     45.49   45.50
000471     45.49   45.50
000472     45.49   45.50
000473     45.49   45.50
000474     45.49   45.49
000475     45.49   45.49
000476     45.49   45.49
000477     45.49   45.49
000478     45.49   45.49
000479     45.49   45.49
000480     45.49   45.49
000481     45.49   45.49
000482     45.48   45.49
000483     45.48   45.49
000484     45.48   45.49
000485     45.48   45.49
000486     45.48   45.49
000487     45.48   45.49
000488     45.48   45.49
000489     45.48   45.48
000490     45.48   45.48
000491     45.48   45.48
000492     45.48   45.48
000493     45.48   45.48
000494     45.47   45.48
000495     45.47   45.48
000496     45.47   45.48
000497     45.47   45.48
000498     45.47   45.48
000499     45.47   45.48
000500     45.47   45.48
000501     45.47   45.48
000502     45.47   45.47
000503     45.47   45.47
000504     45.47   45.47
000505     45.47   45.47
000506     45.47   45.47
000507     45.47   45.47
000508     45.47   45.47
000509     45.47   45.47
000510     45.46   45.47
000511     45.46   45.47
000512     45.46   45.47
000513     45.46   45.47
000514     45.46   45.47
000515     45.46   45.47
000516     45.46   45.46
000517     45.46   45.46
000518     45.46   45.46
000519     45.46   45.46
000520     45.46   45.46
000521     45.46   45.46
000522     45.46   45.46
000523     45.46   45.46
000524     45.46   45.46
000525     45.45   45.46
000526     45.45   45.46
000527     45.45   45.46
000528     45.45   45.46
000529     45.45   45.45
000530     45.45   45.45
000531     45.45   45.45
000532     45.45   45.45
000533     45.45   45.45
000534     45.45   45.45
000535     45.45   45.45
000536     45.44   45.45
000537     45.44   45.45
000538     45.44   45.45
000539     45.44   45.45
000540     45.44   45.45
000541     45.44   45.45
000542     45.44   45.45
000543     45.44   45.45
000544     45.44   45.44
000545     45.44   45.44
000546     45.44   45.44
000547     45.44   45.44
000548     45.44   45.44
000549     45.44   45.44
000550     45.44   45.44
000551     45.43   45.44
000552     45.43   45.44
000553     45.43   45.44
000554     45.43   45.44
000555     45.43   45.44
000556     45.43   45.44
000557     45.43   45.44
000558     45.43   45.43
000559     45.43   45.43
000560     45.43   45.43
000561     45.43   45.43
000562     45.43   45.43
000563     45.43   45.43
000564     45.42   45.43
000565     45.42   45.43
000566     45.42   45.43
000567     45.42   45.43
000568     45.42   45.43
000569     45.42   45.43
000570     45.42   45.43
000571     45.42   45.43
000572     45.42   45.42
000573     45.42   45.42
000574     45.41   45.42
000575     45.41   45.42
000576     45.41   45.42
000577     45.41   45.42
000578     45.41   45.42
000579     45.41   45.42
000580     45.41   45.41
000581     45.41   45.41
000582     45.41   45.41
000583     45.41   45.41
000584     45.40   45.41
000585     45.40   45.41
000586     45.40   45.41
000587     45.40   45.41
000588     45.40   45.41
000589     45.40   45.41
000590     45.40   45.41
000591     45.40   45.41
000592     45.40   45.40
000593     45.40   45.40
000594     45.40   45.40
000595     45.40   45.40
000596     45.40   45.40
000597     45.40   45.40
000598     45.40   45.40
000599     45.40   45.40
000600     45.40   45.40
000601     45.39   45.40
000602     45.39   45.40
000603     45.39   45.40
000604     45.39   45.40
000605     45.39   45.40
000606     45.39   45.39
000607     45.39   45.39
000608     45.39   45.39
000609     45.39   45.39
000610     45.39   45.39
000611     45.38   45.39
000612     45.38   45.39
000613     45.38   45.39
000614     45.38   45.39
000615     45.38   45.39
000616     45.38   45.38
000617     45.38   45.38
000618     45.38   45.38
000619     45.38   45.38
000620     45.38   45.38
000621     45.37   45.38
000622     45.37   45.38
000623     45.37   45.38
000624     45.37   45.38
000625     45.37   45.38
000626     45.37   45.37
000627     45.37   45.37
000628     45.37   45.37
000629     45.36   45.37
000630     45.36   45.37
000631     45.36   45.37
000632     45.36   45.37
000633     45.36   45.37
000634     45.35   45.37
000635     45.35   45.36
000636     45.35   45.36
000637     45.35   45.36
000638     45.35   45.36
000639     45.35   45.36
000640     45.35   45.36
000641     45.35   45.36
000642     45.35   45.35
000643     45.35   45.35
000644     45.35   45.35
000645     45.34   45.35
000646     45.34   45.35
000647     45.34   45.35
000648     45.34   45.35
000649     45.34   45.35
000650     45.34   45.35
000651     45.34   45.34
000652     45.34   45.34
000653     45.33   45.34
000654     45.33   45.34
000655     45.33   45.34
000656     45.33   45.34
000657     45.33   45.34
000658     45.33   45.34
000659     45.33   45.34
000660     45.33   45.33
000661     45.32   45.33
000662     45.32   45.33
000663     45.32   45.33
000664     45.32   45.33
000665     45.32   45.33
000666     45.32   45.33
000667     45.32   45.33
000668     45.32   45.32
000669     45.32   45.32
000670     45.32   45.32
000671     45.32   45.32
000672     45.31   45.32
000673     45.31   45.32
000674     45.31   45.32
000675     45.31   45.32
000676     45.31   45.31
000677     45.30   45.31
000678     45.30   45.31
000679     45.30   45.31
000680     45.30   45.31
000681     45.30   45.31
000682     45.30   45.31
000683     45.30   45.31
000684     45.30   45.30
000685     45.29   45.30
000686     45.29   45.30
000687     45.29   45.30
000688     45.29   45.30
000689     45.29   45.30
000690     45.29   45.30
000691     45.29   45.30
000692     45.29   45.29
000693     45.29   45.29
000694     45.28   45.29
000695     45.28   45.29
000696     45.28   45.29
000697     45.28   45.29
000698     45.28   45.29
000699     45.28   45.29
000700     45.28   45.28
000701     45.27   45.28
000702     45.27   45.28
000703     45.27   45.28
000704     45.27   45.28
000705     45.27   45.28
000706     45.27   45.28
000707     45.27   45.28
000708     45.27   45.28
000709     45.27   45.28
000710     45.27   45.27
000711     45.26   45.27
000712     45.26   45.27
000713     45.26   45.27
000714     45.26   45.27
000715     45.26   45.27
000716     45.26   45.27
000717     45.26   45.27
000718     45.25   45.26
000719     45.25   45.26
000720     45.25   45.26
000721     45.25   45.26
000722     45.25   45.26
000723     45.25   45.26
000724     45.25   45.25
000725     45.24   45.25
000726     45.24   45.25
000727     45.24   45.25
000728     45.24   45.25
000729     45.24   45.25
000730     45.24   45.24
000731     45.23   45.24
000732     45.23   45.24
000733     45.23   45.24
000734     45.23   45.24
000735     45.23   45.24
000736     45.22   45.23
000737     45.22   45.23
000738     45.22   45.23
000739     45.21   45.23
000740     45.21   45.23
000741     45.21   45.22
000742     45.21   45.22
000743     45.21   45.22
000744     45.21   45.22
000745     45.21   45.22
000746     45.21   45.22
000747     45.20   45.21
000748     45.20   45.21
000749     45.20   45.21
000750     45.20   45.21
000751     45.20   45.21
000752     45.19   45.21
000753     45.19   45.21
000754     45.19   45.20
000755     45.19   45.20
000756     45.19   45.20
000757     45.19   45.20
000758     45.19   45.20
000759     45.19   45.20
000760     45.18   45.19
000761     45.18   45.19
000762     45.18   45.19
000763     45.18   45.19
000764     45.18   45.19
000765     45.18   45.19
000766     45.18   45.19
000767     45.17   45.18
000768     45.17   45.18
000769     45.17   45.18
000770     45.17   45.18
000771     45.17   45.18
000772     45.17   45.18
000773     45.16   45.17
000774     45.16   45.17
000775     45.16   45.17
000776     45.16   45.17
000777     45.16   45.17
000778     45.16   45.17
000779     45.15   45.17
000780     45.15   45.16
000781     45.15   45.16
000782     45.15   45.16
000783     45.15   45.16
000784     45.15   45.16
000785     45.14   45.15
000786     45.14   45.15
000787     45.14   45.15
000788     45.14   45.15
000789     45.14   45.15
000790     45.14   45.15
000791     45.13   45.14
000792     45.13   45.14
000793     45.13   45.14
000794     45.13   45.14
000795     45.12   45.14
000796     45.12   45.14
000797     45.12   45.13
000798     45.12   45.13
000799     45.12   45.13
000800     45.12   45.13
000801     45.12   45.12
000802     45.11   45.12
000803     45.11   45.12
000804     45.11   45.12
000805     45.11   45.12
000806     45.11   45.12
000807     45.11   45.12
000808     45.10   45.11
000809     45.10   45.11
000810     45.10   45.11
000811     45.10   45.11
000812     45.10   45.11
000813     45.10   45.11
000814     45.09   45.10
000815     45.09   45.10
000816     45.09   45.10
000817     45.09   45.10
000818     45.09   45.10
000819     45.09   45.10
000820     45.09   45.10
000821     45.08   45.09
000822     45.08   45.09
000823     45.08   45.09
000824     45.08   45.09
000825     45.07   45.09
000826     45.07   45.09
000827     45.07   45.09
000828     45.07   45.08
000829     45.07   45.08
000830     45.07   45.08
000831     45.07   45.08
000832     45.07   45.08
000833     45.06   45.07
000834     45.06   45.07
000835     45.06   45.07
000836     45.06   45.07
000837     45.06   45.07
000838     45.06   45.07
000839     45.05   45.06
000840     45.05   45.06
000841     45.05   45.06
000842     45.05   45.06
000843     45.05   45.06
000844     45.04   45.06
000845     45.04   45.05
000846     45.04   45.05
000847     45.04   45.05
000848     45.03   45.05
000849     45.03   45.05
000850     45.03   45.04
000851     45.03   45.04
000852     45.03   45.04
000853     45.02   45.04
000854     45.02   45.04
000855     45.02   45.04
000856     45.02   45.03
000857     45.02   45.03
000858     45.02   45.03
000859     45.02   45.03
000860     45.01   45.03
000861     45.00   45.02
000862     45.00   45.02
000863     45.00   45.02
000864     45.00   45.02
000865     45.00   45.01
000866     45.00   45.01
000867     45.00   45.01
000868     44.99   45.01
000869     44.99   45.00
000870     44.99   45.00
000871     44.99   45.00
000872     44.99   45.00
000873     44.99   45.00
000874     44.98   45.00
000875     44.98   44.99
000876     44.98   44.99
000877     44.98   44.99
000878     44.97   44.99
000879     44.97   44.99
000880     44.97   44.99
000881     44.97   44.98
000882     44.97   44.98
000883     44.97   44.98
000884     44.97   44.98
000885     44.96   44.97
000886     44.96   44.97
000887     44.96   44.97
000888     44.96   44.97
000889     44.95   44.97
000890     44.95   44.96
000891     44.95   44.96
000892     44.94   44.96
000893     44.94   44.96
000894     44.94   44.96
000895     44.94   44.95
000896     44.94   44.95
000897     44.94   44.95
000898     44.94   44.95
000899     44.94   44.95
000900     44.94   44.95
000901     44.94   44.95
000902     44.93   44.94
000903     44.93   44.94
000904     44.93   44.94
000905     44.92   44.94
000906     44.92   44.93
000907     44.92   44.93
000908     44.91   44.93
000909     44.91   44.93
000910     44.91   44.93
000911     44.91   44.92
000912     44.91   44.92
000913     44.91   44.92
000914     44.91   44.92
000915     44.91   44.92
000916     44.91   44.92
000917     44.90   44.92
000918     44.90   44.91
000919     44.90   44.91
000920     44.90   44.91
000921     44.89   44.91
000922     44.89   44.91
000923     44.89   44.91
000924     44.89   44.90
000925     44.89   44.90
000926     44.88   44.90
000927     44.88   44.90
000928     44.88   44.89
000929     44.88   44.89
000930     44.88   44.89
000931     44.88   44.89
000932     44.87   44.89
000933     44.87   44.89
000934     44.87   44.88
000935     44.87   44.88
000936     44.87   44.88
000937     44.87   44.88
000938     44.87   44.88
000939     44.86   44.88
000940     44.86   44.87
000941     44.86   44.87
000942     44.85   44.87
000943     44.85   44.87
000944     44.85   44.87
000945     44.85   44.87
000946     44.85   44.86
000947     44.85   44.86
000948     44.85   44.86
000949     44.84   44.86
000950     44.84   44.86
000951     44.84   44.85
000952     44.84   44.85
000953     44.84   44.85
000954     44.83   44.85
000955     44.83   44.84
000956     44.83   44.84
000957     44.83   44.84
000958     44.82   44.84
000959     44.82   44.83
000960     44.81   44.83
000961     44.81   44.83
000962     44.81   44.83
000963     44.81   44.82
000964     44.81   44.82
000965     44.81   44.82
000966     44.80   44.82
000967     44.80   44.81
000968     44.80   44.81
000969     44.79   44.81
000970     44.79   44.81
000971     44.79   44.80
000972     44.79   44.80
000973     44.79   44.80
000974     44.78   44.80
000975     44.78   44.80
000976     44.78   44.79
000977     44.78   44.79
000978     44.77   44.79
000979     44.77   44.79
000980     44.77   44.78
000981     44.77   44.78
000982     44.76   44.78
000983     44.76   44.78
000984     44.76   44.78
000985     44.76   44.77
000986     44.76   44.77
000987     44.75   44.77
000988     44.75   44.77
000989     44.75   44.77
000990     44.75   44.76
000991     44.74   44.76
000992     44.74   44.76
000993     44.74   44.76
000994     44.74   44.75
000995     44.74   44.75
000996     44.73   44.75
000997     44.73   44.75
000998     44.72   44.74
000999     44.72   44.74
001000     44.72   44.74
001001     44.72   44.74
001001     44.72   44.74
001002     44.72   44.73
001003     44.72   44.73
001004     44.71   44.73
001005     44.71   44.73
001006     44.71   44.72
001007     44.71   44.72
001008     44.71   44.72
001009     44.70   44.72
001010     44.70   44.72
001011     44.70   44.72
001012     44.70   44.71
001013     44.69   44.71
001014     44.69   44.71
001015     44.69   44.70
001016     44.69   44.70
001017     44.69   44.70
001018     44.68   44.70
001019     44.68   44.69
001020     44.68   44.69
001021     44.68   44.69
001022     44.68   44.69
001023     44.68   44.69
001024     44.67   44.69
001025     44.67   44.68
001026     44.67   44.68
001027     44.67   44.68
001028     44.67   44.68
001029     44.67   44.68
001030     44.66   44.68
001031     44.66   44.68
001032     44.66   44.67
001033     44.66   44.67
001034     44.66   44.67
001035     44.66   44.67
001036     44.66   44.67
001037     44.65   44.67
001038     44.65   44.66
001039     44.65   44.66
001040     44.64   44.66
001041     44.64   44.66
001042     44.64   44.66
001043     44.64   44.66
001044     44.64   44.65
001045     44.64   44.65
001046     44.63   44.65
001047     44.63   44.65
001048     44.63   44.65
001049     44.63   44.64
001050     44.63   44.64
001051     44.62   44.64
001052     44.62   44.64
001053     44.62   44.64
001054     44.62   44.64
001055     44.62   44.63
001056     44.62   44.63
001057     44.61   44.63
001058     44.61   44.63
001059     44.61   44.62
001060     44.61   44.62
001061     44.60   44.62
001062     44.60   44.62
001063     44.60   44.61
001064     44.59   44.61
001065     44.59   44.61
001066     44.59   44.60
001067     44.59   44.60
001068     44.59   44.60
001069     44.58   44.60
001070     44.58   44.60
001071     44.58   44.60
001072     44.57   44.59
001073     44.57   44.59
001074     44.57   44.59
001075     44.57   44.59
001076     44.56   44.58
001077     44.56   44.58
001078     44.56   44.58
001079     44.56   44.58
001080     44.56   44.58
001081     44.56   44.57
001082     44.56   44.57
001083     44.55   44.57
001084     44.55   44.57
001085     44.54   44.56
001086     44.54   44.56
001087     44.54   44.56
001088     44.54   44.56
001089     44.54   44.55
001090     44.53   44.55
001091     44.53   44.55
001092     44.53   44.54
001093     44.53   44.54
001094     44.53   44.54
001095     44.52   44.54
001096     44.52   44.54
001097     44.52   44.54
001098     44.52   44.53
001099     44.52   44.53
001100     44.50   44.53
001101     44.50   44.52
001102     44.50   44.52
001103     44.50   44.52
001104     44.50   44.52
001105     44.49   44.51
001106     44.49   44.51
001107     44.49   44.51
001108     44.49   44.50
001109     44.48   44.50
001110     44.48   44.50
001111     44.48   44.50
001112     44.48   44.49
001113     44.47   44.49
001114     44.47   44.49
001115     44.47   44.49
001116     44.47   44.49
001117     44.47   44.48
001118     44.46   44.48
001119     44.46   44.48
001120     44.45   44.48
001121     44.45   44.47
001122     44.45   44.47
001123     44.45   44.47
001124     44.45   44.46
001125     44.44   44.46
001126     44.44   44.46
001127     44.43   44.46
001128     44.43   44.45
001129     44.43   44.45
001130     44.43   44.45
001131     44.43   44.45
001132     44.43   44.45
001133     44.43   44.44
001134     44.43   44.44
001135     44.43   44.44
001136     44.42   44.44
001137     44.42   44.43
001138     44.42   44.43
001139     44.42   44.43
001140     44.41   44.43
001141     44.41   44.43
001142     44.41   44.43
001143     44.40   44.42
001144     44.40   44.43
001145     44.40   44.42
001146     44.40   44.42
001147     44.40   44.42
001148     44.39   44.42
001149     44.39   44.42
001150     44.39   44.41
001151     44.39   44.41
001152     44.39   44.41
001153     44.39   44.41
001154     44.39   44.40
001155     44.38   44.40
001156     44.38   44.40
001157     44.38   44.40
001158     44.37   44.39
001159     44.37   44.39
001160     44.37   44.39
001161     44.37   44.39
001162     44.37   44.39
001163     44.37   44.39
001164     44.37   44.39
001165     44.36   44.38
001166     44.36   44.38
001167     44.36   44.38
001168     44.35   44.38
001169     44.35   44.37
001170     44.35   44.37
001171     44.35   44.37
001172     44.35   44.36
001173     44.34   44.36
001174     44.34   44.36
001175     44.34   44.36
001176     44.34   44.35
001177     44.34   44.35
001178     44.33   44.35
001179     44.33   44.35
001180     44.33   44.34
001181     44.32   44.34
001182     44.32   44.34
001183     44.32   44.34
001184     44.32   44.33
001185     44.31   44.33
001186     44.31   44.33
001187     44.31   44.33
001188     44.30   44.32
001189     44.30   44.32
001190     44.29   44.32
001191     44.29   44.32
001192     44.29   44.31
001193     44.29   44.31
001194     44.29   44.31
001195     44.29   44.31
001196     44.28   44.31
001197     44.28   44.30
001198     44.28   44.30
001199     44.28   44.30
001200     44.28   44.30
001201     44.27   44.30
001202     44.27   44.29
001203     44.27   44.29
001204     44.27   44.28
001205     44.26   44.28
001206     44.26   44.28
001207     44.26   44.28
001208     44.26   44.27
001209     44.25   44.27
001210     44.25   44.27
001211     44.25   44.27
001212     44.24   44.27
001213     44.24   44.26
001214     44.24   44.26
001215     44.23   44.26
001216     44.23   44.25
001217     44.23   44.25
001218     44.23   44.25
001219     44.23   44.24
001220     44.22   44.24
001221     44.22   44.24
001222     44.21   44.24
001223     44.21   44.24
001224     44.21   44.23
001225     44.21   44.23
001226     44.20   44.23
001227     44.20   44.22
001228     44.20   44.22
001229     44.20   44.22
001230     44.20   44.22
001231     44.20   44.22
001232     44.19   44.21
001233     44.19   44.21
001234     44.19   44.21
001235     44.19   44.21
001236     44.19   44.20
001237     44.18   44.20
001238     44.18   44.20
001239     44.18   44.19
001240     44.17   44.19
001241     44.17   44.19
001242     44.17   44.19
001243     44.16   44.18
001244     44.16   44.18
001245     44.16   44.18
001246     44.15   44.17
001247     44.15   44.17
001248     44.15   44.17
001249     44.15   44.17
001250     44.15   44.16
001251     44.15   44.16
001252     44.14   44.16
001253     44.13   44.16
001254     44.13   44.16
001255     44.13   44.15
001256     44.13   44.15
001257     44.12   44.15
001258     44.12   44.14
001259     44.12   44.14
001260     44.12   44.14
001261     44.11   44.13
001262     44.11   44.13
001263     44.11   44.13
001264     44.10   44.12
001265     44.09   44.12
001266     44.09   44.12
001267     44.09   44.11
001268     44.09   44.11
001269     44.09   44.11
001270     44.09   44.11
001271     44.09   44.11
001272     44.08   44.11
001273     44.08   44.10
001274     44.08   44.10
001275     44.07   44.10
001276     44.06   44.09
001277     44.06   44.09
001278     44.06   44.09
001279     44.06   44.08
001280     44.06   44.08
001281     44.06   44.07
001282     44.05   44.07
001283     44.05   44.07
001284     44.05   44.06
001285     44.05   44.06
001286     44.05   44.06
001287     44.04   44.06
001288     44.04   44.06
001289     44.04   44.06
001290     44.04   44.06
001291     44.03   44.06
001292     44.03   44.05
001293     44.03   44.05
001294     44.03   44.05
001295     44.03   44.05
001296     44.02   44.04
001297     44.02   44.04
001298     44.02   44.04
001299     44.01   44.03
001300     44.01   44.03
001301     44.01   44.03
001302     44.01   44.03
001303     44.00   44.03
001304     44.00   44.02
001305     43.99   44.02
001306     43.99   44.02
001307     43.99   44.01
001308     43.99   44.01
001309     43.99   44.01
001310     43.99   44.01
001311     43.98   44.01
001312     43.98   44.01
001313     43.98   44.00
001314     43.98   44.00
001315     43.98   44.00
001316     43.97   44.00
001317     43.97   43.99
001318     43.97   43.99
001319     43.97   43.99
001320     43.97   43.99
001321     43.96   43.98
001322     43.96   43.98
001323     43.96   43.98
001324     43.96   43.98
001325     43.96   43.97
001326     43.96   43.97
001327     43.96   43.97
001328     43.95   43.97
001329     43.95   43.97
001330     43.95   43.97
001331     43.95   43.97
001332     43.95   43.97
001333     43.94   43.96
001334     43.94   43.96
001335     43.94   43.96
001336     43.93   43.96
001337     43.93   43.96
001338     43.93   43.95
001339     43.93   43.95
001340     43.93   43.95
001341     43.92   43.95
001342     43.92   43.95
001343     43.92   43.95
001344     43.92   43.94
001345     43.92   43.94
001346     43.92   43.94
001347     43.91   43.94
001348     43.91   43.93
001349     43.91   43.93
001350     43.90   43.93
001351     43.90   43.92
001352     43.89   43.92
001353     43.89   43.92
001354     43.89   43.91
001355     43.88   43.91
001356     43.88   43.91
001357     43.88   43.91
001358     43.88   43.90
001359     43.88   43.90
001360     43.88   43.90
001361     43.88   43.90
001362     43.88   43.89
001363     43.87   43.89
001364     43.87   43.89
001365     43.87   43.89
001366     43.87   43.89
001367     43.86   43.88
001368     43.86   43.88
001369     43.85   43.87
001370     43.85   43.87
001371     43.85   43.87
001372     43.85   43.87
001373     43.84   43.87
001374     43.84   43.86
001375     43.84   43.86
001376     43.84   43.86
001377     43.83   43.86
001378     43.83   43.85
001379     43.83   43.85
001380     43.83   43.85
001381     43.83   43.85
001382     43.83   43.85
001383     43.82   43.84
001384     43.82   43.84
001385     43.81   43.84
001386     43.81   43.83
001387     43.81   43.83
001388     43.81   43.83
001389     43.81   43.83
001390     43.81   43.82
001391     43.79   43.82
001392     43.79   43.82
001393     43.79   43.81
001394     43.79   43.81
001395     43.78   43.80
001396     43.78   43.80
001397     43.78   43.80
001398     43.78   43.80
001399     43.77   43.79
001400     43.77   43.79
001401     43.77   43.79
001402     43.77   43.78
001403     43.77   43.78
001404     43.76   43.78
001405     43.75   43.78
001406     43.75   43.78
001407     43.75   43.78
001408     43.75   43.77
001409     43.75   43.77
001410     43.75   43.77
001411     43.75   43.77
001412     43.74   43.76
001413     43.74   43.76
001414     43.74   43.76
001415     43.74   43.76
001416     43.74   43.76
001417     43.73   43.75
001418     43.73   43.75
001419     43.73   43.75
001420     43.72   43.75
001421     43.72   43.74
001422     43.72   43.74
001423     43.72   43.74
001424     43.72   43.74
001425     43.71   43.73
001426     43.71   43.73
001427     43.71   43.73
001428     43.70   43.73
001429     43.70   43.72
001430     43.70   43.72
001431     43.70   43.72
001432     43.70   43.72
001433     43.69   43.72
001434     43.69   43.72
001435     43.69   43.72
001436     43.69   43.71
001437     43.69   43.71
001438     43.68   43.71
001439     43.68   43.70
001440     43.68   43.70
001441     43.67   43.70
001442     43.67   43.69
001443     43.67   43.69
001444     43.66   43.69
001445     43.66   43.68
001446     43.66   43.68
001447     43.66   43.68
001448     43.66   43.67
001449     43.65   43.67
001450     43.65   43.67
001451     43.65   43.66
001452     43.65   43.66
001453     43.64   43.66
001454     43.64   43.66
001455     43.64   43.66
001456     43.63   43.66
001457     43.63   43.65
001458     43.63   43.65
001459     43.63   43.65
001460     43.62   43.65
001461     43.62   43.64
001462     43.62   43.64
001463     43.62   43.64
001464     43.62   43.64
001465     43.62   43.63
001466     43.62   43.63
001467     43.62   43.63
001468     43.62   43.63
001469     43.62   43.63
001470     43.61   43.63
001471     43.61   43.63
001472     43.61   43.63
001473     43.61   43.63
001474     43.60   43.63
001475     43.60   43.62
001476     43.59   43.62
001477     43.59   43.62
001478     43.59   43.61
001479     43.58   43.61
001480     43.58   43.61
001481     43.58   43.60
001482     43.58   43.60
001483     43.58   43.60
001484     43.58   43.60
001485     43.57   43.59
001486     43.57   43.59
001487     43.56   43.59
001488     43.56   43.59
001489     43.56   43.59
001490     43.56   43.58
001491     43.56   43.58
001492     43.56   43.58
001493     43.56   43.58
001494     43.55   43.57
001495     43.55   43.57
001496     43.55   43.57
001497     43.55   43.57
001498     43.54   43.56
001499     43.54   43.56
001500     43.54   43.55
001501     43.53   43.55
001502     43.53   43.55
001503     43.53   43.55
001504     43.53   43.54
001505     43.52   43.54
001506     43.52   43.54
001507     43.52   43.54
001508     43.52   43.54
001509     43.51   43.53
001510     43.51   43.53
001511     43.51   43.53
001512     43.50   43.53
001513     43.50   43.52
001514     43.50   43.52
001515     43.49   43.52
001516     43.49   43.51
001517     43.48   43.51
001518     43.48   43.51
001519     43.48   43.51
001520     43.48   43.51
001521     43.48   43.51
001522     43.48   43.50
001523     43.48   43.50
001524     43.48   43.50
001525     43.48   43.50
001526     43.48   43.50
001527     43.48   43.50
001528     43.47   43.50
001529     43.47   43.49
001530     43.47   43.49
001531     43.47   43.49
001532     43.46   43.48
001533     43.46   43.48
001534     43.46   43.48
001535     43.46   43.48
001536     43.46   43.48
001537     43.46   43.47
001538     43.46   43.47
001539     43.45   43.47
001540     43.45   43.47
001541     43.45   43.46
001542     43.44   43.46
001543     43.44   43.46
001544     43.44   43.46
001545     43.44   43.46
001546     43.44   43.46
001547     43.44   43.45
001548     43.43   43.45
001549     43.43   43.45
001550     43.43   43.45
001551     43.42   43.45
001552     43.42   43.45
001553     43.42   43.44
001554     43.42   43.44
001555     43.42   43.44
001556     43.41   43.44
001557     43.41   43.43
001558     43.41   43.43
001559     43.41   43.43
001560     43.40   43.43
001561     43.40   43.42
001562     43.40   43.42
001563     43.40   43.42
001564     43.39   43.42
001565     43.39   43.41
001566     43.39   43.41
001567     43.39   43.41
001568     43.38   43.41
001569     43.38   43.41
001570     43.38   43.40
001571     43.37   43.40
001572     43.37   43.39
001573     43.37   43.39
001574     43.37   43.39
001575     43.37   43.39
001576     43.37   43.39
001577     43.35   43.38
001578     43.35   43.38
001579     43.35   43.38
001580     43.35   43.38
001581     43.35   43.37
001582     43.35   43.37
001583     43.35   43.37
001584     43.35   43.37
001585     43.34   43.36
001586     43.34   43.36
001587     43.33   43.36
001588     43.33   43.35
001589     43.33   43.35
001590     43.33   43.35
001591     43.33   43.35
001592     43.33   43.35
001593     43.32   43.35
001594     43.32   43.34
001595     43.32   43.34
001596     43.32   43.34
001597     43.32   43.34
001598     43.31   43.34
001599     43.31   43.33
001600     43.31   43.33
001601     43.30   43.33
001602     43.30   43.33
001603     43.30   43.33
001604     43.30   43.32
001605     43.30   43.32
001606     43.29   43.32
001607     43.29   43.31
001608     43.29   43.31
001609     43.29   43.31
001610     43.29   43.31
001611     43.28   43.30
001612     43.28   43.30
001613     43.27   43.30
001614     43.27   43.30
001615     43.27   43.29
001616     43.27   43.29
001617     43.27   43.29
001618     43.27   43.29
001619     43.26   43.29
001620     43.26   43.29
001621     43.26   43.29
001622     43.26   43.29
001623     43.26   43.29
001624     43.26   43.29
001625     43.26   43.28
001626     43.26   43.28
001627     43.25   43.28
001628     43.25   43.27
001629     43.25   43.27
001630     43.25   43.27
001631     43.25   43.27
001632     43.25   43.27
001633     43.24   43.26
001634     43.24   43.27
001635     43.24   43.26
001636     43.24   43.26
001637     43.24   43.26
001638     43.23   43.26
001639     43.23   43.25
001640     43.22   43.25
001641     43.22   43.25
001642     43.22   43.24
001643     43.21   43.24
001644     43.21   43.24
001645     43.21   43.24
001646     43.21   43.24
001647     43.21   43.23
001648     43.21   43.23
001649     43.21   43.23
001650     43.21   43.23
001651     43.21   43.23
001652     43.21   43.23
001653     43.21   43.23
001654     43.20   43.23
001655     43.20   43.22
001656     43.20   43.22
001657     43.20   43.22
001658     43.20   43.22
001659     43.20   43.22
001660     43.19   43.22
001661     43.19   43.22
001662     43.19   43.21
001663     43.19   43.21
001664     43.19   43.21
001665     43.18   43.21
001666     43.18   43.21
001667     43.18   43.21
001668     43.18   43.21
001669     43.18   43.21
001670     43.18   43.21
001671     43.18   43.20
001672     43.18   43.20
001673     43.18   43.20
001674     43.17   43.20
001675     43.17   43.20
001676     43.17   43.19
001677     43.17   43.19
001678     43.17   43.19
001679     43.16   43.19
001680     43.16   43.18
001681     43.16   43.18
001682     43.15   43.18
001683     43.15   43.17
001684     43.15   43.17
001685     43.15   43.17
001686     43.15   43.17
001687     43.15   43.17
001688     43.14   43.16
001689     43.14   43.17
001690     43.14   43.16
001691     43.13   43.16
001692     43.13   43.16
001693     43.12   43.16
001694     43.12   43.15
001695     43.12   43.15
001696     43.11   43.15
001697     43.11   43.15
001698     43.11   43.14
001699     43.11   43.14
001700     43.11   43.14
001701     43.11   43.14
001702     43.10   43.13
001703     43.10   43.12
001704     43.09   43.12
001705     43.09   43.12
001706     43.09   43.11
001707     43.09   43.11
001708     43.09   43.11
001709     43.08   43.11
001710     43.07   43.10
001711     43.07   43.10
001712     43.07   43.10
001713     43.07   43.10
001714     43.07   43.09
001715     43.07   43.09
001716     43.07   43.09
001717     43.07   43.09
001718     43.07   43.09
001719     43.07   43.09
001720     43.07   43.09
001721     43.07   43.08
001722     43.07   43.08
001723     43.06   43.08
001724     43.06   43.08
001725     43.06   43.08
001726     43.06   43.08
001727     43.06   43.08
001728     43.06   43.08
001729     43.05   43.07
001730     43.05   43.07
001731     43.04   43.07
001732     43.04   43.07
001733     43.04   43.07
001734     43.04   43.07
001735     43.04   43.06
001736     43.04   43.06
001737     43.04   43.06
001738     43.03   43.06
001739     43.03   43.05
001740     43.03   43.05
001741     43.03   43.05
001742     43.03   43.05
001743     43.03   43.05
001744     43.02   43.04
001745     43.02   43.04
001746     43.02   43.04
001747     43.01   43.04
001748     43.00   43.03
001749     43.00   43.03
001750     43.00   43.03
001751     43.00   43.02
001752     42.99   43.02
001753     42.99   43.02
001754     42.99   43.01
001755     42.99   43.01
001756     42.99   43.01
001757     42.99   43.01
001758     42.98   43.01
001759     42.98   43.00
001760     42.98   43.00
001761     42.98   43.00
001762     42.98   43.00
001763     42.98   42.99
001764     42.97   42.99
001765     42.97   42.99
001766     42.97   42.99
001767     42.97   42.99
001768     42.97   42.99
001769     42.96   42.98
001770     42.96   42.98
001771     42.96   42.98
001772     42.96   42.98
001773     42.95   42.98
001774     42.95   42.97
001775     42.95   42.97
001776     42.95   42.97
001777     42.95   42.97
001778     42.95   42.97
001779     42.94   42.97
001780     42.94   42.97
001781     42.94   42.96
001782     42.94   42.96
001783     42.94   42.96
001784     42.94   42.96
001785     42.94   42.96
001786     42.94   42.96
001787     42.94   42.95
001788     42.94   42.95
001789     42.94   42.95
001790     42.93   42.95
001791     42.93   42.95
001792     42.93   42.95
001793     42.93   42.95
001794     42.93   42.94
001795     42.92   42.94
001796     42.92   42.94
001797     42.92   42.94
001798     42.92   42.94
001799     42.92   42.94
001800     42.92   42.94
001801     42.91   42.93
001802     42.91   42.93
001803     42.91   42.93
001804     42.91   42.93
001805     42.91   42.93
001806     42.91   42.93
001807     42.91   42.93
001808     42.90   42.92
001809     42.90   42.92
001810     42.90   42.92
001811     42.90   42.92
001812     42.89   42.92
001813     42.89   42.92
001814     42.89   42.91
001815     42.89   42.91
001816     42.89   42.91
001817     42.89   42.90
001818     42.88   42.90
001819     42.88   42.90
001820     42.88   42.90
001821     42.88   42.90
001822     42.88   42.89
001823     42.87   42.89
001824     42.87   42.89
001825     42.87   42.89
001826     42.87   42.89
001827     42.87   42.89
001828     42.87   42.89
001829     42.87   42.89
001830     42.86   42.89
001831     42.86   42.88
001832     42.86   42.88
001833     42.86   42.88
001834     42.86   42.88
001835     42.86   42.88
001836     42.86   42.88
001837     42.85   42.88
001838     42.85   42.88
001839     42.85   42.88
001840     42.85   42.88
001841     42.85   42.88
001842     42.85   42.87
001843     42.85   42.87
001844     42.85   42.87
001845     42.85   42.87
001846     42.85   42.87
001847     42.84   42.87
001848     42.84   42.87
001849     42.84   42.87
001850     42.84   42.86
001851     42.83   42.86
001852     42.83   42.86
001853     42.83   42.86
001854     42.83   42.86
001855     42.83   42.86
001856     42.83   42.86
001857     42.83   42.86
001858     42.83   42.85
001859     42.83   42.85
001860     42.82   42.85
001861     42.82   42.84
001862     42.82   42.84
001863     42.81   42.84
001864     42.81   42.84
001865     42.81   42.83
001866     42.81   42.83
001867     42.81   42.83
001868     42.81   42.83
001869     42.80   42.83
001870     42.80   42.82
001871     42.80   42.82
001872     42.80   42.82
001873     42.80   42.82
001874     42.79   42.82
001875     42.79   42.82
001876     42.79   42.81
001877     42.79   42.81
001878     42.79   42.81
001879     42.78   42.81
001880     42.78   42.81
001881     42.78   42.80
001882     42.78   42.80
001883     42.78   42.80
001884     42.77   42.79
001885     42.77   42.79
001886     42.77   42.79
001887     42.77   42.79
001888     42.77   42.79
001889     42.77   42.79
001890     42.77   42.79
001891     42.76   42.78
001892     42.76   42.78
001893     42.76   42.78
001894     42.76   42.78
001895     42.76   42.78
001896     42.75   42.78
001897     42.75   42.77
001898     42.75   42.77
001899     42.75   42.77
001900     42.75   42.77
001901     42.75   42.76
001902     42.74   42.76
001903     42.74   42.76
001904     42.74   42.76
001905     42.74   42.76
001906     42.73   42.76
001907     42.73   42.76
001908     42.73   42.75
001909     42.73   42.75
001910     42.73   42.75
001911     42.72   42.75
001912     42.72   42.75
001913     42.72   42.74
001914     42.72   42.74
001915     42.72   42.74
001916     42.72   42.74
001917     42.72   42.74
001918     42.71   42.74
001919     42.71   42.73
001920     42.71   42.73
001921     42.71   42.73
001922     42.70   42.73
001923     42.70   42.72
001924     42.70   42.72
001925     42.70   42.72
001926     42.70   42.72
001927     42.70   42.72
001928     42.69   42.71
001929     42.68   42.71
001930     42.68   42.71
001931     42.68   42.71
001932     42.68   42.71
001933     42.68   42.71
001934     42.68   42.71
001935     42.68   42.70
001936     42.68   42.70
001937     42.68   42.70
001938     42.68   42.70
001939     42.67   42.69
001940     42.67   42.69
001941     42.66   42.69
001942     42.66   42.69
001943     42.66   42.69
001944     42.66   42.69
001945     42.66   42.69
001946     42.66   42.69
001947     42.66   42.69
001948     42.66   42.68
001949     42.65   42.68
001950     42.65   42.68
001951     42.65   42.68
001952     42.65   42.68
001953     42.65   42.68
001954     42.65   42.67
001955     42.65   42.67
001956     42.65   42.67
001957     42.65   42.67
001958     42.65   42.67
001959     42.65   42.66
001960     42.64   42.67
001961     42.64   42.66
001962     42.64   42.66
001963     42.64   42.66
001964     42.63   42.65
001965     42.63   42.65
001966     42.63   42.65
001967     42.62   42.65
001968     42.62   42.64
001969     42.62   42.64
001970     42.62   42.64
001971     42.61   42.64
001972     42.61   42.63
001973     42.61   42.63
001974     42.60   42.63
001975     42.60   42.63
001976     42.60   42.62
001977     42.60   42.62
001978     42.60   42.62
001979     42.60   42.62
001980     42.60   42.62
001981     42.60   42.62
001982     42.60   42.62
001983     42.60   42.61
001984     42.59   42.61
001985     42.59   42.61
001986     42.59   42.61
001987     42.59   42.61
001988     42.59   42.61
001989     42.59   42.61
001990     42.59   42.61
001991     42.59   42.61
001992     42.59   42.60
001993     42.59   42.60
001994     42.59   42.61
001995     42.59   42.60
001996     42.58   42.61
001997     42.58   42.60
001998     42.58   42.60
001999     42.58   42.60
002000     42.58   42.60
002001     42.57   42.60
002001     42.58   42.60
002002     42.57   42.60
002003     42.57   42.59
002004     42.57   42.59
002005     42.57   42.59
002006     42.57   42.59
002007     42.57   42.58
002008     42.56   42.59
002009     42.56   42.59
002010     42.56   42.58
002011     42.56   42.58
002012     42.56   42.58
002013     42.56   42.58
002014     42.56   42.58
002015     42.55   42.57
002016     42.55   42.57
002017     42.55   42.57
002018     42.54   42.57
002019     42.54   42.56
002020     42.54   42.56
002021     42.54   42.56
002022     42.54   42.56
002023     42.53   42.56
002024     42.53   42.55
002025     42.53   42.55
002026     42.52   42.55
002027     42.51   42.54
002028     42.51   42.54
002029     42.51   42.53
002030     42.51   42.53
002031     42.51   42.53
002032     42.50   42.53
002033     42.50   42.52
002034     42.50   42.52
002035     42.50   42.52
002036     42.50   42.52
002037     42.50   42.52
002038     42.50   42.52
002039     42.49   42.52
002040     42.49   42.52
002041     42.49   42.51
002042     42.49   42.51
002043     42.49   42.51
002044     42.49   42.51
002045     42.49   42.51
002046     42.49   42.50
002047     42.48   42.50
002048     42.48   42.50
002049     42.47   42.50
002050     42.47   42.49
002051     42.47   42.49
002052     42.47   42.49
002053     42.47   42.49
002054     42.46   42.48
002055     42.46   42.48
002056     42.46   42.48
002057     42.46   42.48
002058     42.46   42.48
002059     42.45   42.48
002060     42.45   42.48
002061     42.45   42.48
002062     42.45   42.47
002063     42.45   42.47
002064     42.45   42.47
002065     42.45   42.47
002066     42.45   42.47
002067     42.45   42.46
002068     42.45   42.46
002069     42.45   42.46
002070     42.44   42.46
002071     42.44   42.46
002072     42.44   42.46
002073     42.44   42.46
002074     42.43   42.45
002075     42.43   42.45
002076     42.43   42.45
002077     42.43   42.45
002078     42.43   42.45
002079     42.43   42.45
002080     42.43   42.45
002081     42.43   42.45
002082     42.42   42.44
002083     42.42   42.44
002084     42.42   42.44
002085     42.42   42.44
002086     42.42   42.44
002087     42.41   42.44
002088     42.41   42.44
002089     42.41   42.43
002090     42.41   42.43
002091     42.41   42.43
002092     42.40   42.42
002093     42.40   42.42
002094     42.39   42.42
002095     42.39   42.42
002096     42.39   42.42
002097     42.39   42.41
002098     42.39   42.41
002099     42.38   42.41
002100     42.38   42.41
002101     42.38   42.41
002102     42.38   42.40
002103     42.38   42.40
002104     42.38   42.40
002105     42.37   42.40
002106     42.37   42.40
002107     42.37   42.40
002108     42.37   42.40
002109     42.37   42.39
002110     42.37   42.39
002111     42.37   42.39
002112     42.36   42.39
002113     42.36   42.39
002114     42.36   42.39
002115     42.36   42.39
002116     42.36   42.38
002117     42.36   42.38
002118     42.36   42.37
002119     42.35   42.37
002120     42.35   42.37
002121     42.35   42.37
002122     42.35   42.37
002123     42.35   42.37
002124     42.35   42.37
002125     42.35   42.37
002126     42.34   42.36
002127     42.34   42.36
002128     42.34   42.36
002129     42.34   42.36
002130     42.33   42.36
002131     42.33   42.36
002132     42.33   42.36
002133     42.33   42.35
002134     42.33   42.35
002135     42.33   42.35
002136     42.33   42.35
002137     42.32   42.35
002138     42.32   42.34
002139     42.32   42.34
002140     42.32   42.34
002141     42.32   42.34
002142     42.32   42.34
002143     42.32   42.34
002144     42.31   42.34
002145     42.31   42.33
002146     42.31   42.33
002147     42.31   42.33
002148     42.30   42.33
002149     42.30   42.33
002150     42.30   42.32
002151     42.30   42.32
002152     42.30   42.32
002153     42.29   42.32
002154     42.29   42.32
002155     42.29   42.31
002156     42.29   42.31
002157     42.29   42.31
002158     42.29   42.31
002159     42.29   42.31
002160     42.28   42.31
002161     42.27   42.30
002162     42.27   42.30
002163     42.27   42.29
002164     42.27   42.29
002165     42.27   42.29
002166     42.26   42.29
002167     42.26   42.28
002168     42.26   42.28
002169     42.25   42.28
002170     42.25   42.27
002171     42.25   42.27
002172     42.25   42.27
002173     42.25   42.27
002174     42.25   42.27
002175     42.24   42.27
002176     42.24   42.27
002177     42.24   42.26
002178     42.24   42.26
002179     42.24   42.26
002180     42.24   42.26
002181     42.23   42.26
002182     42.23   42.25
002183     42.22   42.25
002184     42.22   42.25
002185     42.22   42.25
002186     42.21   42.24
002187     42.21   42.24
002188     42.21   42.24
002189     42.21   42.24
002190     42.21   42.23
002191     42.21   42.23
002192     42.21   42.23
002193     42.21   42.23
002194     42.20   42.23
002195     42.20   42.23
002196     42.20   42.23
002197     42.20   42.22
002198     42.20   42.22
002199     42.19   42.22
002200     42.19   42.22
002201     42.19   42.21
002202     42.19   42.22
002203     42.19   42.21
002204     42.18   42.21
002205     42.18   42.21
002206     42.18   42.21
002207     42.18   42.21
002208     42.18   42.20
002209     42.17   42.20
002210     42.17   42.20
002211     42.17   42.19
002212     42.17   42.19
002213     42.17   42.19
002214     42.16   42.19
002215     42.16   42.19
002216     42.16   42.19
002217     42.16   42.18
002218     42.15   42.18
002219     42.15   42.18
002220     42.15   42.18
002221     42.14   42.18
002222     42.14   42.18
002223     42.14   42.17
002224     42.14   42.17
002225     42.14   42.17
002226     42.14   42.17
002227     42.13   42.16
002228     42.13   42.16
002229     42.13   42.16
002230     42.13   42.15
002231     42.13   42.15
002232     42.13   42.15
002233     42.13   42.15
002234     42.13   42.15
002235     42.13   42.15
002236     42.12   42.15
002237     42.12   42.15
002238     42.12   42.15
002239     42.12   42.14
002240     42.12   42.14
002241     42.12   42.14
002242     42.12   42.14
002243     42.12   42.14
002244     42.12   42.14
002245     42.12   42.14
002246     42.12   42.14
002247     42.12   42.14
002248     42.11   42.13
002249     42.11   42.13
002250     42.10   42.13
002251     42.10   42.12
002252     42.10   42.12
002253     42.10   42.12
002254     42.09   42.12
002255     42.09   42.12
002256     42.09   42.12
002257     42.09   42.12
002258     42.09   42.11
002259     42.09   42.11
002260     42.09   42.11
002261     42.08   42.11
002262     42.08   42.11
002263     42.08   42.11
002264     42.08   42.11
002265     42.08   42.11
002266     42.08   42.11
002267     42.07   42.10
002268     42.07   42.10
002269     42.07   42.10
002270     42.07   42.09
002271     42.07   42.09
002272     42.06   42.09
002273     42.06   42.09
002274     42.05   42.08
002275     42.05   42.08
002276     42.05   42.07
002277     42.05   42.07
002278     42.05   42.07
002279     42.05   42.07
002280     42.05   42.06
002281     42.04   42.06
002282     42.03   42.06
002283     42.03   42.06
002284     42.03   42.05
002285     42.03   42.05
002286     42.03   42.05
002287     42.03   42.05
002288     42.02   42.05
002289     42.02   42.04
002290     42.02   42.04
002291     42.02   42.04
002292     42.01   42.03
002293     42.01   42.03
002294     42.01   42.03
002295     42.01   42.03
002296     42.00   42.02
002297     41.99   42.02
002298     41.99   42.02
002299     41.99   42.02
002300     41.99   42.01
002301     41.99   42.01
002302     41.99   42.01
002303     41.98   42.01
002304     41.98   42.01
002305     41.98   42.00
002306     41.98   42.00
002307     41.97   42.00
002308     41.97   41.99
002309     41.97   41.99
002310     41.97   41.99
002311     41.97   41.99
002312     41.97   41.99
002313     41.96   41.99
002314     41.96   41.99
002315     41.96   41.98
002316     41.95   41.98
002317     41.95   41.98
002318     41.95   41.97
002319     41.95   41.97
002320     41.94   41.97
002321     41.94   41.97
002322     41.94   41.97
002323     41.94   41.97
002324     41.94   41.97
002325     41.94   41.96
002326     41.94   41.96
002327     41.94   41.96
002328     41.94   41.96
002329     41.93   41.95
002330     41.92   41.95
002331     41.92   41.95
002332     41.92   41.95
002333     41.92   41.95
002334     41.92   41.94
002335     41.92   41.94
002336     41.92   41.94
002337     41.92   41.94
002338     41.92   41.94
002339     41.91   41.94
002340     41.91   41.93
002341     41.90   41.93
002342     41.90   41.93
002343     41.90   41.93
002344     41.90   41.93
002345     41.90   41.93
002346     41.90   41.92
002347     41.90   41.92
002348     41.90   41.92
002349     41.90   41.92
002350     41.89   41.92
002351     41.89   41.92
002352     41.89   41.92
002353     41.89   41.92
002354     41.88   41.91
002355     41.88   41.91
002356     41.88   41.91
002357     41.88   41.90
002358     41.87   41.90
002359     41.87   41.90
002360     41.87   41.90
002361     41.87   41.89
002362     41.86   41.89
002363     41.86   41.89
002364     41.86   41.89
002365     41.85   41.89
002366     41.85   41.88
002367     41.85   41.88
002368     41.85   41.88
002369     41.85   41.87
002370     41.85   41.87
002371     41.85   41.87
002372     41.84   41.87
002373     41.84   41.87
002374     41.83   41.86
002375     41.83   41.86
002376     41.83   41.86
002377     41.83   41.85
002378     41.83   41.85
002379     41.82   41.84
002380     41.82   41.84
002381     41.81   41.84
002382     41.81   41.84
002383     41.81   41.84
002384     41.81   41.83
002385     41.80   41.83
002386     41.80   41.83
002387     41.80   41.83
002388     41.80   41.83
002389     41.79   41.82
002390     41.79   41.82
002391     41.79   41.82
002392     41.78   41.82
002393     41.78   41.81
002394     41.78   41.81
002395     41.78   41.81
002396     41.78   41.81
002397     41.77   41.80
002398     41.77   41.80
002399     41.77   41.80
002400     41.77   41.79
002401     41.76   41.79
002402     41.76   41.79
002403     41.76   41.79
002404     41.76   41.79
002405     41.76   41.79
002406     41.75   41.78
002407     41.75   41.78
002408     41.74   41.78
002409     41.74   41.77
002410     41.74   41.77
002411     41.74   41.77
002412     41.74   41.77
002413     41.74   41.76
002414     41.74   41.76
002415     41.74   41.76
002416     41.73   41.76
002417     41.72   41.75
002418     41.72   41.75
002419     41.72   41.75
002420     41.72   41.75
002421     41.71   41.74
002422     41.71   41.74
002423     41.71   41.74
002424     41.71   41.74
002425     41.71   41.74
002426     41.70   41.73
002427     41.70   41.73
002428     41.69   41.73
002429     41.69   41.72
002430     41.69   41.72
002431     41.69   41.72
002432     41.69   41.72
002433     41.69   41.71
002434     41.68   41.71
002435     41.68   41.71
002436     41.68   41.71
002437     41.68   41.70
002438     41.67   41.70
002439     41.67   41.70
002440     41.67   41.69
002441     41.66   41.69
002442     41.66   41.70
002443     41.66   41.69
002444     41.66   41.69
002445     41.66   41.69
002446     41.66   41.69
002447     41.66   41.69
002448     41.65   41.69
002449     41.65   41.68
002450     41.64   41.68
002451     41.64   41.67
002452     41.64   41.67
002453     41.64   41.67
002454     41.64   41.66
002455     41.64   41.67
002456     41.64   41.66
002457     41.64   41.66
002458     41.63   41.66
002459     41.63   41.66
002460     41.63   41.66
002461     41.62   41.66
002462     41.62   41.65
002463     41.62   41.65
002464     41.62   41.65
002465     41.60   41.64
002466     41.60   41.64
002467     41.60   41.64
002468     41.60   41.63
002469     41.60   41.63
002470     41.60   41.63
002471     41.60   41.62
002472     41.59   41.61
002473     41.59   41.61
002474     41.59   41.61
002475     41.59   41.61
002476     41.58   41.61
002477     41.58   41.60
002478     41.58   41.60
002479     41.56   41.60
002480     41.56   41.60
002481     41.56   41.60
002482     41.56   41.60
002483     41.56   41.60
002484     41.56   41.60
002485     41.56   41.59
002486     41.56   41.59
002487     41.56   41.58
002488     41.55   41.58
002489     41.55   41.58
002490     41.55   41.58
002491     41.55   41.58
002492     41.55   41.58
002493     41.55   41.58
002494     41.54   41.58
002495     41.54   41.58
002496     41.54   41.57
002497     41.54   41.57
002498     41.54   41.57
002499     41.54   41.57
002500     41.54   41.57
002501     41.54   41.56
002502     41.53   41.56
002503     41.53   41.56
002504     41.52   41.56
002505     41.52   41.55
002506     41.52   41.55
002507     41.52   41.55
002508     41.52   41.55
002509     41.52   41.54
002510     41.51   41.54
002511     41.51   41.54
002512     41.51   41.54
002513     41.51   41.54
002514     41.51   41.53
002515     41.50   41.53
002516     41.50   41.53
002517     41.50   41.53
002518     41.50   41.53
002519     41.49   41.52
002520     41.49   41.52
002521     41.49   41.52
002522     41.49   41.52
002523     41.49   41.52
002524     41.49   41.52
002525     41.48   41.52
002526     41.48   41.51
002527     41.48   41.51
002528     41.48   41.51
002529     41.48   41.51
002530     41.48   41.51
002531     41.48   41.51
002532     41.48   41.50
002533     41.48   41.50
002534     41.48   41.50
002535     41.46   41.50
002536     41.46   41.49
002537     41.46   41.49
002538     41.46   41.49
002539     41.46   41.49
002540     41.45   41.49
002541     41.45   41.48
002542     41.45   41.48
002543     41.45   41.48
002544     41.45   41.47
002545     41.44   41.47
002546     41.44   41.47
002547     41.44   41.47
002548     41.44   41.47
002549     41.43   41.47
002550     41.43   41.46
002551     41.43   41.46
002552     41.43   41.45
002553     41.41   41.45
002554     41.41   41.45
002555     41.41   41.45
002556     41.41   41.44
002557     41.41   41.44
002558     41.41   41.44
002559     41.41   41.44
002560     41.41   41.43
002561     41.40   41.43
002562     41.40   41.43
002563     41.40   41.43
002564     41.40   41.43
002565     41.40   41.42
002566     41.39   41.42
002567     41.39   41.42
002568     41.39   41.42
002569     41.39   41.42
002570     41.38   41.42
002571     41.38   41.41
002572     41.38   41.41
002573     41.36   41.41
002574     41.36   41.41
002575     41.36   41.40
002576     41.36   41.40
002577     41.36   41.39
002578     41.36   41.39
002579     41.36   41.39
002580     41.36   41.38
002581     41.36   41.38
002582     41.36   41.38
002583     41.35   41.38
002584     41.35   41.37
002585     41.34   41.37
002586     41.34   41.37
002587     41.33   41.37
002588     41.33   41.36
002589     41.33   41.36
002590     41.33   41.36
002591     41.33   41.35
002592     41.33   41.35
002593     41.33   41.35
002594     41.33   41.35
002595     41.33   41.35
002596     41.32   41.35
002597     41.32   41.35
002598     41.32   41.35
002599     41.31   41.35
002600     41.31   41.34
002601     41.31   41.34
002602     41.31   41.33
002603     41.31   41.33
002604     41.31   41.33
002605     41.30   41.33
002606     41.30   41.32
002607     41.30   41.32
002608     41.29   41.32
002609     41.29   41.32
002610     41.29   41.32
002611     41.29   41.31
002612     41.29   41.31
002613     41.28   41.31
002614     41.27   41.31
002615     41.27   41.31
002616     41.27   41.30
002617     41.27   41.30
002618     41.27   41.29
002619     41.26   41.29
002620     41.26   41.29
002621     41.26   41.29
002622     41.26   41.29
002623     41.26   41.28
002624     41.25   41.28
002625     41.25   41.28
002626     41.24   41.28
002627     41.24   41.28
002628     41.24   41.27
002629     41.24   41.27
002630     41.24   41.27
002631     41.23   41.26
002632     41.23   41.26
002633     41.23   41.26
002634     41.23   41.26
002635     41.23   41.25
002636     41.22   41.25
002637     41.22   41.25
002638     41.22   41.24
002639     41.22   41.24
002640     41.21   41.24
002641     41.21   41.24
002642     41.21   41.23
002643     41.21   41.23
002644     41.21   41.23
002645     41.21   41.23
002646     41.21   41.22
002647     41.20   41.22
002648     41.20   41.23
002649     41.19   41.22
002650     41.19   41.22
002651     41.19   41.22
002652     41.19   41.22
002653     41.19   41.22
002654     41.19   41.21
002655     41.19   41.22
002656     41.19   41.21
002657     41.19   41.21
002658     41.18   41.21
002659     41.18   41.21
002660     41.17   41.20
002661     41.17   41.20
002662     41.17   41.20
002663     41.16   41.19
002664     41.16   41.19
002665     41.16   41.19
002666     41.16   41.19
002667     41.16   41.19
002668     41.16   41.19
002669     41.16   41.18
002670     41.15   41.18
002671     41.15   41.18
002672     41.15   41.18
002673     41.15   41.18
002674     41.15   41.17
002675     41.15   41.17
002676     41.14   41.16
002677     41.13   41.16
002678     41.13   41.16
002679     41.13   41.16
002680     41.13   41.16
002681     41.13   41.15
002682     41.13   41.15
002683     41.12   41.15
002684     41.12   41.15
002685     41.12   41.15
002686     41.12   41.14
002687     41.11   41.14
002688     41.11   41.14
002689     41.11   41.14
002690     41.11   41.13
002691     41.11   41.13
002692     41.10   41.13
002693     41.10   41.13
002694     41.09   41.13
002695     41.09   41.13
002696     41.09   41.12
002697     41.08   41.12
002698     41.08   41.11
002699     41.08   41.11
002700     41.08   41.11
002701     41.08   41.11
002702     41.08   41.10
002703     41.08   41.10
002704     41.08   41.10
002705     41.08   41.10
002706     41.07   41.10
002707     41.07   41.10
002708     41.07   41.09
002709     41.07   41.10
002710     41.06   41.09
002711     41.06   41.09
002712     41.06   41.09
002713     41.06   41.09
002714     41.06   41.09
002715     41.06   41.09
002716     41.06   41.08
002717     41.05   41.08
002718     41.05   41.08
002719     41.05   41.08
002720     41.05   41.08
002721     41.05   41.07
002722     41.04   41.07
002723     41.04   41.07
002724     41.04   41.07
002725     41.04   41.07
002726     41.04   41.06
002727     41.04   41.07
002728     41.03   41.06
002729     41.03   41.06
002730     41.03   41.06
002731     41.02   41.05
002732     41.02   41.05
002733     41.02   41.05
002734     41.01   41.05
002735     41.01   41.04
002736     41.01   41.04
002737     41.01   41.04
002738     41.01   41.04
002739     41.01   41.03
002740     41.01   41.04
002741     41.00   41.03
002742     41.00   41.03
002743     41.00   41.03
002744     41.00   41.03
002745     40.99   41.02
002746     40.99   41.02
002747     40.99   41.02
002748     40.99   41.01
002749     40.99   41.01
002750     40.99   41.02
002751     40.99   41.01
002752     40.99   41.01
002753     40.99   41.01
002754     40.98   41.01
002755     40.98   41.01
002756     40.98   41.01
002757     40.98   41.01
002758     40.97   41.00
002759     40.97   41.00
002760     40.97   41.00
002761     40.97   41.00
002762     40.97   41.00
002763     40.97   41.00
002764     40.97   40.99
002765     40.97   40.99
002766     40.97   40.99
002767     40.96   40.99
002768     40.96   40.99
002769     40.95   40.98
002770     40.95   40.98
002771     40.95   40.98
002772     40.95   40.98
002773     40.94   40.97
002774     40.94   40.97
002775     40.94   40.97
002776     40.94   40.97
002777     40.93   40.97
002778     40.93   40.96
002779     40.93   40.96
002780     40.91   40.96
002781     40.91   40.95
002782     40.91   40.95
002783     40.91   40.95
002784     40.91   40.94
002785     40.91   40.94
002786     40.91   40.94
002787     40.91   40.93
002788     40.91   40.93
002789     40.90   40.93
002790     40.90   40.93
002791     40.90   40.93
002792     40.90   40.93
002793     40.90   40.93
002794     40.90   40.93
002795     40.90   40.93
002796     40.90   40.93
002797     40.90   40.93
002798     40.89   40.92
002799     40.89   40.92
002800     40.89   40.92
002801     40.88   40.91
002802     40.88   40.91
002803     40.88   40.91
002804     40.88   40.91
002805     40.88   40.91
002806     40.88   40.91
002807     40.88   40.91
002808     40.88   40.90
002809     40.87   40.90
002810     40.86   40.90
002811     40.86   40.90
002812     40.86   40.89
002813     40.86   40.89
002814     40.86   40.89
002815     40.86   40.89
002816     40.86   40.89
002817     40.86   40.89
002818     40.86   40.89
002819     40.86   40.89
002820     40.86   40.89
002821     40.86   40.88
002822     40.85   40.88
002823     40.85   40.88
002824     40.85   40.88
002825     40.84   40.87
002826     40.84   40.87
002827     40.84   40.87
002828     40.84   40.87
002829     40.84   40.87
002830     40.84   40.87
002831     40.84   40.86
002832     40.83   40.86
002833     40.82   40.86
002834     40.82   40.86
002835     40.81   40.85
002836     40.81   40.85
002837     40.81   40.85
002838     40.81   40.84
002839     40.81   40.84
002840     40.81   40.84
002841     40.80   40.83
002842     40.80   40.83
002843     40.80   40.83
002844     40.80   40.83
002845     40.80   40.83
002846     40.79   40.83
002847     40.79   40.82
002848     40.79   40.82
002849     40.79   40.82
002850     40.79   40.82
002851     40.79   40.82
002852     40.79   40.82
002853     40.79   40.82
002854     40.79   40.81
002855     40.79   40.81
002856     40.79   40.81
002857     40.78   40.81
002858     40.78   40.81
002859     40.78   40.81
002860     40.77   40.80
002861     40.77   40.80
002862     40.77   40.80
002863     40.77   40.80
002864     40.77   40.80
002865     40.77   40.80
002866     40.77   40.80
002867     40.77   40.79
002868     40.76   40.79
002869     40.76   40.79
002870     40.76   40.79
002871     40.76   40.79
002872     40.76   40.79
002873     40.75   40.79
002874     40.75   40.79
002875     40.75   40.78
002876     40.75   40.78
002877     40.75   40.78
002878     40.75   40.78
002879     40.75   40.78
002880     40.75   40.78
002881     40.75   40.78
002882     40.75   40.78
002883     40.75   40.78
002884     40.75   40.77
002885     40.75   40.77
002886     40.74   40.77
002887     40.74   40.77
002888     40.74   40.76
002889     40.74   40.76
002890     40.74   40.76
002891     40.74   40.76
002892     40.73   40.76
002893     40.73   40.76
002894     40.73   40.76
002895     40.72   40.75
002896     40.72   40.75
002897     40.72   40.74
002898     40.71   40.74
002899     40.71   40.74
002900     40.71   40.74
002901     40.71   40.73
002902     40.70   40.73
002903     40.70   40.73
002904     40.70   40.73
002905     40.70   40.73
002906     40.70   40.73
002907     40.70   40.73
002908     40.70   40.72
002909     40.69   40.72
002910     40.69   40.72
002911     40.69   40.72
002912     40.69   40.72
002913     40.69   40.72
002914     40.69   40.71
002915     40.69   40.72
002916     40.68   40.71
002917     40.68   40.71
002918     40.68   40.71
002919     40.68   40.71
002920     40.68   40.71
002921     40.67   40.70
002922     40.67   40.70
002923     40.67   40.69
002924     40.67   40.69
002925     40.67   40.69
002926     40.66   40.69
002927     40.65   40.69
002928     40.65   40.69
002929     40.65   40.68
002930     40.65   40.68
002931     40.65   40.68
002932     40.65   40.68
002933     40.64   40.67
002934     40.64   40.67
002935     40.64   40.67
002936     40.64   40.67
002937     40.64   40.67
002938     40.63   40.66
002939     40.63   40.66
002940     40.63   40.66
002941     40.63   40.65
002942     40.63   40.65
002943     40.62   40.65
002944     40.62   40.65
002945     40.62   40.65
002946     40.61   40.65
002947     40.61   40.65
002948     40.61   40.65
002949     40.61   40.64
002950     40.61   40.64
002951     40.61   40.64
002952     40.61   40.64
002953     40.61   40.64
002954     40.61   40.64
002955     40.61   40.63
002956     40.60   40.63
002957     40.60   40.63
002958     40.59   40.63
002959     40.59   40.62
002960     40.59   40.62
002961     40.59   40.62
002962     40.59   40.62
002963     40.59   40.62
002964     40.59   40.61
002965     40.59   40.61
002966     40.59   40.61
002967     40.59   40.61
002968     40.59   40.61
002969     40.58   40.61
002970     40.58   40.61
002971     40.58   40.60
002972     40.58   40.60
002973     40.57   40.60
002974     40.57   40.60
002975     40.57   40.60
002976     40.56   40.60
002977     40.56   40.59
002978     40.56   40.59
002979     40.55   40.58
002980     40.55   40.58
002981     40.55   40.58
002982     40.55   40.58
002983     40.55   40.58
002984     40.55   40.58
002985     40.55   40.58
002986     40.55   40.58
002987     40.55   40.58
002988     40.55   40.58
002989     40.55   40.58
002990     40.55   40.58
002991     40.55   40.57
002992     40.55   40.57
002993     40.55   40.57
002994     40.55   40.57
002995     40.55   40.57
002996     40.55   40.57
002997     40.55   40.57
002998     40.55   40.57
002999     40.55   40.57
003000     40.55   40.57
003001     40.55   40.57
