000001     2.86   03.09
000002     2.80   03.07
000003     2.80   03.06
000004     2.80   03.04
000005     2.80   03.02
000006     2.80   02.99
000007     2.80   02.98
000008     2.72   02.97
000009     2.72   02.94
000010     2.72   02.94
000011     2.72   02.92
000012     2.72   02.90
000013     2.70   02.89
000014     2.68   02.84
000015     2.68   02.82
000016     2.68   02.83
000017     2.68   02.82
000018     2.68   02.81
000019     2.67   02.78
000020     2.63   02.76
000021     2.62   02.75
000022     2.60   02.73
000023     2.59   02.71
000024     2.53   02.68
000025     2.53   02.67
000026     2.53   02.65
000027     2.49   02.64
000028     2.49   02.61
000029     2.49   02.60
000030     2.47   02.58
000031     2.42   02.56
000032     2.42   02.54
000033     2.41   02.52
000034     2.38   02.50
000035     2.37   02.48
000036     2.37   02.48
000037     2.34   02.46
000038     2.33   02.44
000039     2.31   02.42
000040     2.30   02.40
000041     2.30   02.40
000042     2.30   02.39
000043     2.30   02.38
000044     2.30   02.37
000045     2.27   02.36
000046     2.27   02.36
000047     2.24   02.34
000048     2.22   02.33
000049     2.22   02.32
000050     2.22   02.30
000051     2.19   02.28
000052     2.19   02.27
000053     2.19   02.26
000054     2.19   02.25
000055     2.17   02.23
000056     2.15   02.21
000057     2.15   02.21
000058     2.14   02.21
000059     2.13   02.20
000060     2.13   02.18
000061     2.10   02.17
000062     2.10   02.17
000063     2.10   02.16
000064     2.10   02.15
000065     2.09   02.14
000066     2.09   02.14
000067     2.09   02.12
000068     2.08   02.12
000069     2.07   02.11
000070     2.06   02.10
000071     2.05   02.10
000072     2.05   02.09
000073     2.05   02.08
000074     2.05   02.08
000075     2.04   02.07
000076     2.04   02.07
000077     2.04   02.07
000078     2.02   02.06
000079     2.02   02.05
000080     2.02   02.05
000081     2.02   02.05
000082     2.02   02.05
000083     2.02   02.04
000084     2.02   02.04
000085     2.01   02.04
000086     2.01   02.03
000087     2.01   02.03
000088     2.01   02.03
000089     2.00   02.02
000090     2.00   02.02
000091     2.00   02.02
000092     2.00   02.02
000093     2.00   02.01
000094     1.99   02.01
000095     1.99   02.01
000096     1.99   02.00
000097     1.99   02.00
000098     1.99   02.00
000099     1.99   02.00
000100     1.98   01.99
000101     1.98   01.99
000102     1.98   01.99
000103     1.98   01.99
000104     1.98   01.99
000105     1.98   01.99
000106     1.97   01.98
000107     1.97   01.98
000108     1.97   01.98
000109     1.96   01.98
000110     1.96   01.97
000111     1.96   01.97
000112     1.96   01.97
000113     1.96   01.97
000114     1.96   01.97
000115     1.95   01.96
000116     1.95   01.96
000117     1.95   01.96
000118     1.95   01.96
000119     1.94   01.96
000120     1.94   01.95
000121     1.94   01.95
000122     1.94   01.95
000123     1.94   01.95
000124     1.94   01.95
000125     1.93   01.95
000126     1.93   01.94
000127     1.93   01.94
000128     1.93   01.94
000129     1.93   01.94
000130     1.93   01.94
000131     1.92   01.93
000132     1.92   01.93
000133     1.92   01.93
000134     1.91   01.93
000135     1.91   01.93
000136     1.91   01.93
000137     1.91   01.92
000138     1.90   01.92
000139     1.90   01.92
000140     1.90   01.92
000141     1.90   01.91
000142     1.89   01.91
000143     1.89   01.91
000144     1.89   01.90
000145     1.89   01.90
000146     1.89   01.90
000147     1.89   01.90
000148     1.88   01.90
000149     1.88   01.89
000150     1.88   01.89
000151     1.88   01.89
000152     1.88   01.89
000153     1.87   01.88
000154     1.87   01.88
000155     1.86   01.88
000156     1.86   01.88
000157     1.86   01.88
000158     1.86   01.87
000159     1.86   01.87
000160     1.86   01.87
000161     1.86   01.87
000162     1.85   01.86
000163     1.85   01.86
000164     1.85   01.86
000165     1.85   01.86
000166     1.85   01.86
000167     1.85   01.86
000168     1.84   01.86
000169     1.84   01.85
000170     1.83   01.85
000171     1.83   01.85
000172     1.83   01.85
000173     1.83   01.85
000174     1.83   01.84
000175     1.83   01.84
000176     1.83   01.84
000177     1.83   01.84
000178     1.83   01.84
000179     1.82   01.84
000180     1.82   01.83
000181     1.82   01.83
000182     1.82   01.83
000183     1.82   01.83
000184     1.82   01.83
000185     1.81   01.82
000186     1.81   01.82
000187     1.81   01.82
000188     1.81   01.82
000189     1.80   01.82
000190     1.80   01.81
000191     1.80   01.81
000192     1.80   01.81
000193     1.80   01.81
000194     1.80   01.81
000195     1.79   01.80
000196     1.79   01.80
000197     1.79   01.80
000198     1.79   01.80
000199     1.78   01.80
000200     1.78   01.80
000201     1.78   01.79
000202     1.78   01.79
000203     1.78   01.79
000204     1.78   01.79
000205     1.77   01.79
000206     1.77   01.78
000207     1.77   01.78
000208     1.77   01.78
000209     1.77   01.78
000210     1.77   01.78
000211     1.76   01.77
000212     1.76   01.77
000213     1.76   01.77
000214     1.76   01.77
000215     1.76   01.77
000216     1.76   01.77
000217     1.76   01.77
000218     1.76   01.77
000219     1.75   01.76
000220     1.75   01.76
000221     1.75   01.76
000222     1.75   01.76
000223     1.75   01.76
000224     1.75   01.76
000225     1.74   01.76
000226     1.74   01.75
000227     1.74   01.75
000228     1.74   01.75
000229     1.74   01.75
000230     1.73   01.75
000231     1.73   01.74
000232     1.73   01.74
000233     1.73   01.74
000234     1.73   01.74
000235     1.73   01.74
000236     1.72   01.74
000237     1.72   01.74
000238     1.72   01.74
000239     1.72   01.73
000240     1.72   01.73
000241     1.72   01.73
000242     1.71   01.72
000243     1.71   01.72
000244     1.71   01.72
000245     1.71   01.72
000246     1.71   01.72
000247     1.70   01.71
000248     1.70   01.71
000249     1.70   01.71
000250     1.70   01.71
000251     1.70   01.71
000252     1.70   01.71
000253     1.69   01.70
000254     1.69   01.70
000255     1.69   01.70
000256     1.69   01.70
000257     1.69   01.70
000258     1.68   01.69
000259     1.68   01.69
000260     1.68   01.69
000261     1.67   01.69
000262     1.67   01.68
000263     1.67   01.68
000264     1.67   01.68
000265     1.67   01.68
000266     1.66   01.68
000267     1.66   01.67
000268     1.66   01.67
000269     1.66   01.67
000270     1.66   01.67
000271     1.66   01.67
000272     1.66   01.67
000273     1.65   01.66
000274     1.65   01.66
000275     1.65   01.66
000276     1.65   01.66
000277     1.65   01.66
000278     1.65   01.65
000279     1.65   01.65
000280     1.64   01.65
000281     1.64   01.65
000282     1.64   01.65
000283     1.64   01.65
000284     1.64   01.65
000285     1.63   01.65
000286     1.63   01.64
000287     1.63   01.64
000288     1.63   01.64
000289     1.63   01.64
000290     1.63   01.64
000291     1.63   01.64
000292     1.62   01.64
000293     1.62   01.63
000294     1.62   01.63
000295     1.62   01.63
000296     1.62   01.63
000297     1.62   01.63
000298     1.62   01.63
000299     1.61   01.62
000300     1.61   01.62
000301     1.61   01.62
000302     1.61   01.62
000303     1.61   01.62
000304     1.60   01.61
000305     1.60   01.61
000306     1.60   01.61
000307     1.60   01.61
000308     1.60   01.61
000309     1.59   01.61
000310     1.59   01.60
000311     1.59   01.60
000312     1.59   01.60
000313     1.59   01.60
000314     1.59   01.60
000315     1.58   01.60
000316     1.58   01.59
000317     1.58   01.59
000318     1.58   01.59
000319     1.58   01.59
000320     1.57   01.58
000321     1.57   01.58
000322     1.57   01.58
000323     1.57   01.58
000324     1.57   01.58
000325     1.56   01.58
000326     1.56   01.58
000327     1.56   01.57
000328     1.56   01.57
000329     1.55   01.57
000330     1.55   01.57
000331     1.55   01.57
000332     1.55   01.56
000333     1.55   01.56
000334     1.55   01.56
000335     1.55   01.56
000336     1.55   01.56
000337     1.54   01.56
000338     1.54   01.56
000339     1.54   01.55
000340     1.54   01.55
000341     1.54   01.55
000342     1.54   01.55
000343     1.54   01.55
000344     1.53   01.54
000345     1.53   01.54
000346     1.53   01.54
000347     1.53   01.54
000348     1.53   01.54
000349     1.53   01.54
000350     1.52   01.53
000351     1.52   01.53
000352     1.52   01.53
000353     1.52   01.53
000354     1.51   01.52
000355     1.51   01.52
000356     1.51   01.52
000357     1.51   01.52
000358     1.50   01.52
000359     1.50   01.52
000360     1.50   01.51
000361     1.49   01.51
000362     1.49   01.51
000363     1.49   01.50
000364     1.49   01.50
000365     1.49   01.50
000366     1.49   01.50
000367     1.48   01.50
000368     1.48   01.49
000369     1.48   01.49
000370     1.48   01.49
000371     1.48   01.49
000372     1.48   01.49
000373     1.47   01.48
000374     1.47   01.48
000375     1.47   01.48
000376     1.47   01.48
000377     1.47   01.48
000378     1.47   01.48
000379     1.46   01.47
000380     1.46   01.47
000381     1.46   01.47
000382     1.46   01.47
000383     1.46   01.47
000384     1.46   01.47
000385     1.46   01.47
000386     1.46   01.46
000387     1.45   01.46
000388     1.45   01.46
000389     1.45   01.46
000390     1.44   01.46
000391     1.44   01.45
000392     1.44   01.45
000393     1.44   01.45
000394     1.44   01.45
000395     1.43   01.45
000396     1.43   01.45
000397     1.43   01.44
000398     1.43   01.44
000399     1.43   01.44
000400     1.42   01.44
000401     1.42   01.44
000402     1.42   01.43
000403     1.42   01.43
000404     1.42   01.43
000405     1.42   01.43
000406     1.42   01.43
000407     1.42   01.43
000408     1.41   01.42
000409     1.41   01.42
000410     1.41   01.42
000411     1.41   01.42
000412     1.41   01.42
000413     1.40   01.42
000414     1.40   01.41
000415     1.40   01.41
000416     1.40   01.41
000417     1.40   01.41
000418     1.40   01.41
000419     1.40   01.41
000420     1.39   01.40
000421     1.39   01.40
000422     1.39   01.40
000423     1.39   01.40
000424     1.39   01.40
000425     1.38   01.40
000426     1.38   01.39
000427     1.38   01.39
000428     1.38   01.39
000429     1.38   01.39
000430     1.38   01.39
000431     1.37   01.39
000432     1.37   01.38
000433     1.37   01.38
000434     1.37   01.38
000435     1.37   01.38
000436     1.37   01.38
000437     1.37   01.37
000438     1.36   01.37
000439     1.36   01.37
000440     1.36   01.37
000441     1.35   01.37
000442     1.35   01.36
000443     1.35   01.36
000444     1.35   01.36
000445     1.35   01.36
000446     1.35   01.36
000447     1.34   01.36
000448     1.34   01.35
000449     1.34   01.35
000450     1.34   01.35
000451     1.34   01.35
000452     1.34   01.35
000453     1.34   01.34
000454     1.33   01.34
000455     1.33   01.34
000456     1.33   01.34
000457     1.33   01.34
000458     1.32   01.34
000459     1.32   01.33
000460     1.32   01.33
000461     1.32   01.33
000462     1.32   01.33
000463     1.32   01.33
000464     1.32   01.33
000465     1.32   01.33
000466     1.31   01.33
000467     1.31   01.32
000468     1.31   01.32
000469     1.31   01.32
000470     1.31   01.32
000471     1.31   01.32
000472     1.30   01.32
000473     1.30   01.32
000474     1.30   01.31
000475     1.30   01.31
000476     1.30   01.31
000477     1.30   01.31
000478     1.30   01.31
000479     1.30   01.31
000480     1.30   01.31
000481     1.30   01.31
000482     1.29   01.30
000483     1.29   01.30
000484     1.29   01.30
000485     1.29   01.30
000486     1.29   01.30
000487     1.29   01.30
000488     1.29   01.30
000489     1.29   01.30
000490     1.29   01.29
000491     1.28   01.29
000492     1.28   01.29
000493     1.28   01.29
000494     1.28   01.29
000495     1.28   01.29
000496     1.28   01.29
000497     1.27   01.29
000498     1.27   01.28
000499     1.27   01.28
000500     1.27   01.28
000501     1.27   01.28
000502     1.27   01.28
000503     1.27   01.27
000504     1.26   01.27
000505     1.26   01.27
000506     1.26   01.27
000507     1.26   01.27
000508     1.26   01.27
000509     1.25   01.27
000510     1.25   01.26
000511     1.25   01.26
000512     1.25   01.26
000513     1.25   01.26
000514     1.24   01.26
000515     1.24   01.26
000516     1.24   01.25
000517     1.24   01.25
000518     1.24   01.25
000519     1.24   01.25
000520     1.24   01.25
000521     1.23   01.25
000522     1.23   01.24
000523     1.23   01.24
000524     1.23   01.24
000525     1.23   01.24
000526     1.23   01.24
000527     1.23   01.24
000528     1.23   01.24
000529     1.23   01.24
000530     1.23   01.23
000531     1.22   01.23
000532     1.22   01.23
000533     1.22   01.23
000534     1.22   01.23
000535     1.22   01.23
000536     1.21   01.23
000537     1.21   01.22
000538     1.21   01.22
000539     1.21   01.22
000540     1.20   01.22
000541     1.20   01.21
000542     1.20   01.21
000543     1.20   01.21
000544     1.20   01.21
000545     1.20   01.20
000546     1.20   01.20
000547     1.19   01.20
000548     1.19   01.20
000549     1.19   01.20
000550     1.19   01.20
000551     1.19   01.20
000552     1.19   01.20
000553     1.19   01.19
000554     1.18   01.19
000555     1.18   01.19
000556     1.18   01.19
000557     1.18   01.19
000558     1.18   01.19
000559     1.17   01.19
000560     1.17   01.18
000561     1.17   01.18
000562     1.17   01.18
000563     1.17   01.18
000564     1.17   01.18
000565     1.17   01.18
000566     1.17   01.17
000567     1.16   01.17
000568     1.16   01.17
000569     1.16   01.17
000570     1.16   01.17
000571     1.16   01.17
000572     1.16   01.17
000573     1.15   01.17
000574     1.15   01.16
000575     1.15   01.16
000576     1.15   01.16
000577     1.15   01.16
000578     1.15   01.16
000579     1.15   01.16
000580     1.14   01.16
000581     1.14   01.15
000582     1.14   01.15
000583     1.14   01.15
000584     1.14   01.15
000585     1.14   01.15
000586     1.14   01.15
000587     1.13   01.15
000588     1.13   01.14
000589     1.13   01.14
000590     1.13   01.14
000591     1.13   01.14
000592     1.13   01.14
000593     1.12   01.14
000594     1.12   01.14
000595     1.12   01.13
000596     1.12   01.13
000597     1.12   01.13
000598     1.12   01.13
000599     1.12   01.13
000600     1.12   01.13
000601     1.12   01.13
000602     1.12   01.13
000603     1.12   01.12
000604     1.12   01.12
000605     1.11   01.12
000606     1.11   01.12
000607     1.11   01.12
000608     1.11   01.12
000609     1.11   01.12
000610     1.11   01.12
000611     1.11   01.12
000612     1.11   01.12
000613     1.11   01.11
000614     1.10   01.11
000615     1.10   01.11
000616     1.10   01.11
000617     1.10   01.11
000618     1.09   01.11
000619     1.09   01.10
000620     1.09   01.10
000621     1.09   01.10
000622     1.09   01.10
000623     1.09   01.10
000624     1.09   01.10
000625     1.08   01.10
000626     1.08   01.09
000627     1.08   01.09
000628     1.08   01.09
000629     1.08   01.09
000630     1.07   01.09
000631     1.07   01.08
000632     1.07   01.08
000633     1.07   01.08
000634     1.07   01.08
000635     1.07   01.08
000636     1.07   01.08
000637     1.07   01.08
000638     1.07   01.08
000639     1.07   01.07
000640     1.06   01.07
000641     1.06   01.07
000642     1.06   01.07
000643     1.06   01.07
000644     1.06   01.07
000645     1.06   01.07
000646     1.06   01.07
000647     1.06   01.07
000648     1.06   01.06
000649     1.05   01.06
000650     1.05   01.06
000651     1.05   01.06
000652     1.05   01.06
000653     1.05   01.06
000654     1.05   01.06
000655     1.05   01.06
000656     1.05   01.06
000657     1.05   01.06
000658     1.05   01.05
000659     1.05   01.05
000660     1.04   01.05
000661     1.04   01.05
000662     1.04   01.05
000663     1.04   01.05
000664     1.04   01.05
000665     1.04   01.04
000666     1.03   01.04
000667     1.03   01.04
000668     1.03   01.04
000669     1.03   01.04
000670     1.03   01.04
000671     1.03   01.04
000672     1.03   01.04
000673     1.03   01.04
000674     1.03   01.04
000675     1.03   01.03
000676     1.02   01.03
000677     1.02   01.03
000678     1.02   01.03
000679     1.02   01.03
000680     1.01   01.03
000681     1.01   01.03
000682     1.01   01.02
000683     1.01   01.02
000684     1.01   01.02
000685     1.01   01.02
000686     1.01   01.02
000687     1.01   01.02
000688     1.01   01.02
000689     1.00   01.01
000690     1.00   01.01
000691     1.00   01.01
000692     1.00   01.01
000693     1.00   01.01
000694     1.00   01.01
000695     1.00   01.01
000696     1.00   01.01
000697     1.00   01.01
000698     1.00   01.01
000699     1.00   01.01
000700     1.00   01.00
000701     1.00   01.00
000702     0.99   01.00
000703     0.99   01.00
000704     0.99   01.00
000705     0.99   01.00
000706     0.99   01.00
000707     0.99   01.00
000708     0.99   00.99
000709     0.99   00.99
000710     0.98   00.99
000711     0.98   00.99
000712     0.98   00.99
000713     0.98   00.99
000714     0.98   00.99
000715     0.98   00.99
000716     0.98   00.99
000717     0.98   00.99
000718     0.98   00.99
000719     0.98   00.98
000720     0.97   00.98
000721     0.97   00.98
000722     0.97   00.98
000723     0.97   00.98
000724     0.97   00.98
000725     0.97   00.98
000726     0.97   00.98
000727     0.97   00.97
000728     0.96   00.97
000729     0.96   00.97
000730     0.96   00.97
000731     0.96   00.97
000732     0.96   00.97
000733     0.96   00.97
000734     0.95   00.96
000735     0.95   00.96
000736     0.95   00.96
000737     0.95   00.96
000738     0.95   00.96
000739     0.95   00.96
000740     0.95   00.96
000741     0.94   00.96
000742     0.94   00.95
000743     0.94   00.95
000744     0.94   00.95
000745     0.94   00.95
000746     0.94   00.95
000747     0.94   00.95
000748     0.94   00.95
000749     0.93   00.94
000750     0.93   00.94
000751     0.93   00.94
000752     0.93   00.94
000753     0.93   00.94
000754     0.93   00.94
000755     0.93   00.94
000756     0.93   00.93
000757     0.93   00.93
000758     0.93   00.93
000759     0.92   00.93
000760     0.92   00.93
000761     0.92   00.93
000762     0.92   00.93
000763     0.92   00.93
000764     0.92   00.93
000765     0.92   00.93
000766     0.92   00.92
000767     0.91   00.92
000768     0.91   00.92
000769     0.91   00.92
000770     0.91   00.92
000771     0.91   00.92
000772     0.91   00.92
000773     0.90   00.91
000774     0.90   00.91
000775     0.90   00.91
000776     0.90   00.91
000777     0.90   00.91
000778     0.90   00.91
000779     0.90   00.91
000780     0.90   00.91
000781     0.90   00.90
000782     0.90   00.90
000783     0.90   00.90
000784     0.90   00.90
000785     0.89   00.90
000786     0.89   00.90
000787     0.89   00.90
000788     0.89   00.90
000789     0.89   00.90
000790     0.89   00.90
000791     0.89   00.89
000792     0.89   00.89
000793     0.88   00.89
000794     0.88   00.89
000795     0.88   00.89
000796     0.88   00.89
000797     0.88   00.89
000798     0.88   00.89
000799     0.88   00.89
000800     0.88   00.88
000801     0.88   00.88
000802     0.87   00.88
000803     0.87   00.88
000804     0.87   00.88
000805     0.87   00.88
000806     0.87   00.88
000807     0.87   00.88
000808     0.87   00.88
000809     0.87   00.88
000810     0.87   00.87
000811     0.87   00.87
000812     0.86   00.87
000813     0.86   00.87
000814     0.86   00.87
000815     0.86   00.87
000816     0.86   00.87
000817     0.86   00.87
000818     0.86   00.87
000819     0.86   00.86
000820     0.86   00.86
000821     0.85   00.86
000822     0.85   00.86
000823     0.85   00.86
000824     0.85   00.86
000825     0.85   00.86
000826     0.85   00.86
000827     0.85   00.86
000828     0.85   00.86
000829     0.84   00.85
000830     0.84   00.85
000831     0.84   00.85
000832     0.84   00.85
000833     0.84   00.85
000834     0.84   00.85
000835     0.84   00.85
000836     0.84   00.85
000837     0.84   00.85
000838     0.84   00.85
000839     0.84   00.84
000840     0.84   00.84
000841     0.83   00.84
000842     0.83   00.84
000843     0.83   00.84
000844     0.83   00.84
000845     0.83   00.84
000846     0.83   00.84
000847     0.83   00.84
000848     0.83   00.83
000849     0.82   00.83
000850     0.82   00.83
000851     0.82   00.83
000852     0.82   00.83
000853     0.82   00.83
000854     0.82   00.83
000855     0.82   00.83
000856     0.82   00.83
000857     0.82   00.82
000858     0.82   00.82
000859     0.81   00.82
000860     0.81   00.82
000861     0.81   00.82
000862     0.81   00.82
000863     0.81   00.82
000864     0.81   00.82
000865     0.81   00.82
000866     0.81   00.82
000867     0.81   00.82
000868     0.81   00.82
000869     0.81   00.81
000870     0.81   00.81
000871     0.81   00.81
000872     0.81   00.81
000873     0.81   00.81
000874     0.80   00.81
000875     0.80   00.81
000876     0.80   00.81
000877     0.80   00.81
000878     0.80   00.81
000879     0.80   00.81
000880     0.80   00.81
000881     0.80   00.80
000882     0.80   00.80
000883     0.80   00.80
000884     0.79   00.80
000885     0.79   00.80
000886     0.79   00.80
000887     0.79   00.80
000888     0.79   00.80
000889     0.79   00.80
000890     0.79   00.80
000891     0.79   00.80
000892     0.79   00.79
000893     0.78   00.79
000894     0.78   00.79
000895     0.78   00.79
000896     0.78   00.79
000897     0.78   00.79
000898     0.78   00.79
000899     0.78   00.79
000900     0.78   00.79
000901     0.78   00.79
000902     0.78   00.79
000903     0.78   00.78
000904     0.78   00.78
000905     0.77   00.78
000906     0.77   00.78
000907     0.77   00.78
000908     0.77   00.78
000909     0.77   00.78
000910     0.77   00.78
000911     0.77   00.78
000912     0.77   00.78
000913     0.77   00.77
000914     0.76   00.77
000915     0.76   00.77
000916     0.76   00.77
000917     0.76   00.77
000918     0.76   00.77
000919     0.76   00.77
000920     0.76   00.76
000921     0.76   00.76
000922     0.76   00.76
000923     0.75   00.76
000924     0.75   00.76
000925     0.75   00.76
000926     0.75   00.76
000927     0.75   00.76
000928     0.75   00.76
000929     0.75   00.76
000930     0.75   00.76
000931     0.75   00.75
000932     0.75   00.75
000933     0.75   00.75
000934     0.74   00.75
000935     0.74   00.75
000936     0.74   00.75
000937     0.74   00.75
000938     0.74   00.75
000939     0.74   00.75
000940     0.74   00.75
000941     0.74   00.75
000942     0.74   00.75
000943     0.74   00.74
000944     0.74   00.74
000945     0.73   00.74
000946     0.73   00.74
000947     0.73   00.74
000948     0.73   00.74
000949     0.73   00.74
000950     0.73   00.74
000951     0.73   00.74
000952     0.73   00.74
000953     0.73   00.74
000954     0.73   00.73
000955     0.73   00.73
000956     0.73   00.73
000957     0.72   00.73
000958     0.72   00.73
000959     0.72   00.73
000960     0.72   00.73
000961     0.72   00.73
000962     0.72   00.73
000963     0.72   00.72
000964     0.72   00.72
000965     0.71   00.72
000966     0.71   00.72
000967     0.71   00.72
000968     0.71   00.72
000969     0.71   00.72
000970     0.71   00.72
000971     0.71   00.72
000972     0.71   00.71
000973     0.71   00.71
000974     0.71   00.71
000975     0.71   00.71
000976     0.71   00.71
000977     0.70   00.71
000978     0.70   00.71
000979     0.70   00.71
000980     0.70   00.71
000981     0.70   00.71
000982     0.70   00.71
000983     0.70   00.71
000984     0.70   00.70
000985     0.70   00.70
000986     0.70   00.70
000987     0.69   00.70
000988     0.69   00.70
000989     0.69   00.70
000990     0.69   00.70
000991     0.69   00.70
000992     0.69   00.70
000993     0.69   00.69
000994     0.69   00.69
000995     0.69   00.69
000996     0.69   00.69
000997     0.68   00.69
000998     0.68   00.69
000999     0.68   00.69
001000     0.68   00.69
001001     0.68   00.69
001002     0.68   00.69
001003     0.68   00.69
001004     0.68   00.68
001005     0.68   00.68
001006     0.68   00.68
001007     0.68   00.68
001008     0.68   00.68
001009     0.68   00.68
001010     0.68   00.68
001011     0.67   00.68
001012     0.67   00.68
001013     0.67   00.68
001014     0.67   00.68
001015     0.67   00.68
001016     0.67   00.68
001017     0.67   00.68
001018     0.67   00.68
001019     0.67   00.67
001020     0.67   00.67
001021     0.67   00.67
001022     0.67   00.67
001023     0.66   00.67
001024     0.66   00.67
001025     0.66   00.67
001026     0.66   00.67
001027     0.66   00.67
001028     0.66   00.67
001029     0.66   00.67
001030     0.66   00.67
001031     0.66   00.67
001032     0.66   00.66
001033     0.66   00.66
001034     0.66   00.66
001035     0.65   00.66
001036     0.65   00.66
001037     0.65   00.66
001038     0.65   00.66
001039     0.65   00.66
001040     0.65   00.66
001041     0.65   00.66
001042     0.65   00.66
001043     0.65   00.66
001044     0.65   00.66
001045     0.65   00.65
001046     0.65   00.65
001047     0.65   00.65
001048     0.64   00.65
001049     0.64   00.65
001050     0.64   00.65
001051     0.64   00.65
001052     0.64   00.65
001053     0.64   00.65
001054     0.64   00.65
001055     0.64   00.64
001056     0.64   00.64
001057     0.64   00.64
001058     0.63   00.64
001059     0.63   00.64
001060     0.63   00.64
001061     0.63   00.64
001062     0.63   00.64
001063     0.63   00.64
001064     0.63   00.64
001065     0.63   00.64
001066     0.63   00.64
001067     0.63   00.64
001068     0.63   00.63
001069     0.63   00.63
001070     0.63   00.63
001071     0.63   00.63
001072     0.63   00.63
001073     0.63   00.63
001074     0.62   00.63
001075     0.62   00.63
001076     0.62   00.63
001077     0.62   00.63
001078     0.62   00.63
001079     0.62   00.63
001080     0.62   00.63
001081     0.62   00.63
001082     0.62   00.62
001083     0.62   00.62
001084     0.61   00.62
001085     0.61   00.62
001086     0.61   00.62
001087     0.61   00.62
001088     0.61   00.62
001089     0.61   00.62
001090     0.61   00.62
001091     0.61   00.62
001092     0.61   00.62
001093     0.61   00.61
001094     0.61   00.61
001095     0.61   00.61
001096     0.60   00.61
001097     0.60   00.61
001098     0.60   00.61
001099     0.60   00.61
001100     0.60   00.61
001101     0.60   00.61
001102     0.60   00.61
001103     0.60   00.61
001104     0.60   00.61
001105     0.60   00.61
001106     0.60   00.61
001107     0.60   00.61
001108     0.60   00.61
001109     0.60   00.61
001110     0.60   00.61
001111     0.60   00.60
001112     0.60   00.60
001113     0.60   00.60
001114     0.60   00.60
001115     0.59   00.60
001116     0.59   00.60
001117     0.59   00.60
001118     0.59   00.60
001119     0.59   00.60
001120     0.59   00.60
001121     0.59   00.60
001122     0.59   00.60
001123     0.59   00.60
001124     0.59   00.60
001125     0.59   00.60
001126     0.59   00.60
001127     0.59   00.60
001128     0.59   00.59
001129     0.59   00.59
001130     0.59   00.59
001131     0.59   00.59
001132     0.59   00.59
001133     0.59   00.59
001134     0.58   00.59
001135     0.58   00.59
001136     0.58   00.59
001137     0.58   00.59
001138     0.58   00.59
001139     0.58   00.59
001140     0.58   00.59
001141     0.58   00.59
001142     0.58   00.59
001143     0.58   00.59
001144     0.58   00.58
001145     0.57   00.58
001146     0.57   00.58
001147     0.57   00.58
001148     0.57   00.58
001149     0.57   00.58
001150     0.57   00.58
001151     0.57   00.58
001152     0.57   00.58
001153     0.57   00.58
001154     0.57   00.58
001155     0.57   00.58
001156     0.57   00.58
001157     0.57   00.57
001158     0.57   00.57
001159     0.56   00.57
001160     0.56   00.57
001161     0.56   00.57
001162     0.56   00.57
001163     0.56   00.57
001164     0.56   00.57
001165     0.56   00.57
001166     0.56   00.57
001167     0.56   00.57
001168     0.56   00.57
001169     0.56   00.57
001170     0.56   00.56
001171     0.56   00.56
001172     0.56   00.56
001173     0.56   00.56
001174     0.56   00.56
001175     0.56   00.56
001176     0.55   00.56
001177     0.55   00.56
001178     0.55   00.56
001179     0.55   00.56
001180     0.55   00.56
001181     0.55   00.56
001182     0.55   00.56
001183     0.55   00.55
001184     0.55   00.55
001185     0.55   00.55
001186     0.55   00.55
001187     0.54   00.55
001188     0.54   00.55
001189     0.54   00.55
001190     0.54   00.55
001191     0.54   00.55
001192     0.54   00.55
001193     0.54   00.55
001194     0.54   00.54
001195     0.54   00.54
001196     0.54   00.54
001197     0.54   00.54
001198     0.53   00.54
001199     0.53   00.54
001200     0.53   00.54
001201     0.53   00.54
001202     0.53   00.54
001203     0.53   00.54
001204     0.53   00.54
001205     0.53   00.54
001206     0.53   00.54
001207     0.53   00.54
001208     0.53   00.53
001209     0.53   00.53
001210     0.53   00.53
001211     0.53   00.53
001212     0.53   00.53
001213     0.52   00.53
001214     0.52   00.53
001215     0.52   00.53
001216     0.52   00.53
001217     0.52   00.53
001218     0.52   00.53
001219     0.52   00.53
001220     0.52   00.53
001221     0.52   00.53
001222     0.52   00.53
001223     0.52   00.52
001224     0.52   00.52
001225     0.52   00.52
001226     0.52   00.52
001227     0.51   00.52
001228     0.51   00.52
001229     0.51   00.52
001230     0.51   00.52
001231     0.51   00.52
001232     0.51   00.52
001233     0.51   00.52
001234     0.51   00.52
001235     0.51   00.52
001236     0.51   00.52
001237     0.51   00.51
001238     0.51   00.51
001239     0.51   00.51
001240     0.51   00.51
001241     0.51   00.51
001242     0.51   00.51
001243     0.51   00.51
001244     0.51   00.51
001245     0.51   00.51
001246     0.50   00.51
001247     0.50   00.51
001248     0.50   00.51
001249     0.50   00.51
001250     0.50   00.51
001251     0.50   00.51
001252     0.50   00.51
001253     0.50   00.51
001254     0.50   00.51
001255     0.50   00.51
001256     0.50   00.51
001257     0.50   00.50
001258     0.50   00.50
001259     0.50   00.50
001260     0.50   00.50
001261     0.50   00.50
001262     0.49   00.50
001263     0.49   00.50
001264     0.49   00.50
001265     0.49   00.50
001266     0.49   00.50
001267     0.49   00.50
001268     0.49   00.50
001269     0.49   00.50
001270     0.49   00.50
001271     0.49   00.50
001272     0.49   00.50
001273     0.49   00.50
001274     0.49   00.50
001275     0.49   00.50
001276     0.49   00.49
001277     0.48   00.49
001278     0.48   00.49
001279     0.48   00.49
001280     0.48   00.49
001281     0.48   00.49
001282     0.48   00.49
001283     0.48   00.49
001284     0.48   00.49
001285     0.48   00.49
001286     0.48   00.49
001287     0.48   00.49
001288     0.48   00.49
001289     0.48   00.49
001290     0.48   00.49
001291     0.48   00.49
001292     0.48   00.49
001293     0.48   00.49
001294     0.48   00.49
001295     0.48   00.49
001296     0.48   00.49
001297     0.48   00.49
001298     0.48   00.48
001299     0.48   00.48
001300     0.48   00.48
001301     0.48   00.48
001302     0.48   00.48
001303     0.48   00.48
001304     0.48   00.48
001305     0.48   00.48
001306     0.48   00.48
001307     0.48   00.48
001308     0.47   00.48
001309     0.47   00.48
001310     0.47   00.48
001311     0.47   00.48
001312     0.47   00.48
001313     0.47   00.48
001314     0.47   00.48
001315     0.47   00.48
001316     0.47   00.48
001317     0.47   00.47
001318     0.47   00.47
001319     0.47   00.47
001320     0.47   00.47
001321     0.47   00.47
001322     0.47   00.47
001323     0.47   00.47
001324     0.47   00.47
001325     0.47   00.47
001326     0.46   00.47
001327     0.46   00.47
001328     0.46   00.47
001329     0.46   00.47
001330     0.46   00.47
001331     0.46   00.47
001332     0.46   00.47
001333     0.46   00.47
001334     0.46   00.47
001335     0.46   00.47
001336     0.46   00.47
001337     0.46   00.46
001338     0.46   00.46
001339     0.46   00.46
001340     0.46   00.46
001341     0.46   00.46
001342     0.46   00.46
001343     0.46   00.46
001344     0.46   00.46
001345     0.45   00.46
001346     0.45   00.46
001347     0.45   00.46
001348     0.45   00.46
001349     0.45   00.46
001350     0.45   00.46
001351     0.45   00.46
001352     0.45   00.46
001353     0.45   00.46
001354     0.45   00.46
001355     0.45   00.46
001356     0.45   00.46
001357     0.45   00.45
001358     0.45   00.45
001359     0.45   00.45
001360     0.45   00.45
001361     0.45   00.45
001362     0.45   00.45
001363     0.45   00.45
001364     0.45   00.45
001365     0.45   00.45
001366     0.45   00.45
001367     0.44   00.45
001368     0.44   00.45
001369     0.44   00.45
001370     0.44   00.45
001371     0.44   00.45
001372     0.44   00.45
001373     0.44   00.45
001374     0.44   00.45
001375     0.44   00.45
001376     0.44   00.45
001377     0.44   00.45
001378     0.44   00.45
001379     0.44   00.45
001380     0.44   00.44
001381     0.44   00.44
001382     0.44   00.44
001383     0.44   00.44
001384     0.44   00.44
001385     0.44   00.44
001386     0.44   00.44
001387     0.44   00.44
001388     0.44   00.44
001389     0.43   00.44
001390     0.43   00.44
001391     0.43   00.44
001392     0.43   00.44
001393     0.43   00.44
001394     0.43   00.44
001395     0.43   00.44
001396     0.43   00.44
001397     0.43   00.44
001398     0.43   00.44
001399     0.43   00.44
001400     0.43   00.43
001401     0.43   00.43
001402     0.43   00.43
001403     0.43   00.43
001404     0.43   00.43
001405     0.43   00.43
001406     0.42   00.43
001407     0.42   00.43
001408     0.42   00.43
001409     0.42   00.43
001410     0.42   00.43
001411     0.42   00.43
001412     0.42   00.43
001413     0.42   00.43
001414     0.42   00.43
001415     0.42   00.43
001416     0.42   00.43
001417     0.42   00.43
001418     0.42   00.43
001419     0.42   00.42
001420     0.42   00.42
001421     0.42   00.42
001422     0.42   00.42
001423     0.42   00.42
001424     0.42   00.42
001425     0.41   00.42
001426     0.41   00.42
001427     0.41   00.42
001428     0.41   00.42
001429     0.41   00.42
001430     0.41   00.42
001431     0.41   00.42
001432     0.41   00.42
001433     0.41   00.42
001434     0.41   00.42
001435     0.41   00.42
001436     0.41   00.42
001437     0.41   00.42
001438     0.41   00.42
001439     0.41   00.42
001440     0.41   00.42
001441     0.41   00.42
001442     0.41   00.42
001443     0.41   00.42
001444     0.41   00.42
001445     0.41   00.42
001446     0.41   00.42
001447     0.41   00.41
001448     0.41   00.41
001449     0.41   00.41
001450     0.41   00.41
001451     0.40   00.41
001452     0.40   00.41
001453     0.40   00.41
001454     0.40   00.41
001455     0.40   00.41
001456     0.40   00.41
001457     0.40   00.41
001458     0.40   00.41
001459     0.40   00.41
001460     0.40   00.41
001461     0.40   00.41
001462     0.40   00.41
001463     0.40   00.41
001464     0.40   00.41
001465     0.40   00.41
001466     0.40   00.41
001467     0.40   00.41
001468     0.40   00.40
001469     0.40   00.40
001470     0.40   00.40
001471     0.40   00.40
001472     0.40   00.40
001473     0.40   00.40
001474     0.40   00.40
001475     0.39   00.40
001476     0.39   00.40
001477     0.39   00.40
001478     0.39   00.40
001479     0.39   00.40
001480     0.39   00.40
001481     0.39   00.40
001482     0.39   00.40
001483     0.39   00.40
001484     0.39   00.40
001485     0.39   00.40
001486     0.39   00.40
001487     0.39   00.40
001488     0.39   00.40
001489     0.39   00.40
001490     0.39   00.40
001491     0.39   00.40
001492     0.39   00.40
001493     0.39   00.40
001494     0.39   00.40
001495     0.39   00.40
001496     0.39   00.40
001497     0.39   00.40
001498     0.39   00.40
001499     0.39   00.40
001500     0.39   00.39
001501     0.39   00.39
001502     0.39   00.39
001503     0.39   00.39
001504     0.39   00.39
001505     0.39   00.39
001506     0.39   00.39
001507     0.39   00.39
001508     0.39   00.39
001509     0.39   00.39
001510     0.39   00.39
001511     0.39   00.39
001512     0.39   00.39
001513     0.38   00.39
001514     0.38   00.39
001515     0.38   00.39
001516     0.38   00.39
001517     0.38   00.39
001518     0.38   00.39
001519     0.38   00.39
001520     0.38   00.39
001521     0.38   00.39
001522     0.38   00.39
001523     0.38   00.39
001524     0.38   00.39
001525     0.38   00.38
001526     0.38   00.38
001527     0.38   00.38
001528     0.38   00.38
001529     0.38   00.38
001530     0.38   00.38
001531     0.38   00.38
001532     0.38   00.38
001533     0.38   00.38
001534     0.38   00.38
001535     0.38   00.38
001536     0.38   00.38
001537     0.38   00.38
001538     0.38   00.38
001539     0.37   00.38
001540     0.37   00.38
001541     0.37   00.38
001542     0.37   00.38
001543     0.37   00.38
001544     0.37   00.38
001545     0.37   00.38
001546     0.37   00.38
001547     0.37   00.38
001548     0.37   00.38
001549     0.37   00.38
001550     0.37   00.38
001551     0.37   00.38
001552     0.37   00.38
001553     0.37   00.38
001554     0.37   00.37
001555     0.37   00.37
001556     0.37   00.37
001557     0.37   00.37
001558     0.37   00.37
001559     0.37   00.37
001560     0.37   00.37
001561     0.37   00.37
001562     0.37   00.37
001563     0.37   00.37
001564     0.37   00.37
001565     0.37   00.37
001566     0.37   00.37
001567     0.37   00.37
001568     0.37   00.37
001569     0.37   00.37
001570     0.37   00.37
001571     0.37   00.37
001572     0.37   00.37
001573     0.37   00.37
001574     0.37   00.37
001575     0.37   00.37
001576     0.37   00.37
001577     0.36   00.37
001578     0.36   00.37
001579     0.36   00.37
001580     0.36   00.37
001581     0.36   00.37
001582     0.36   00.37
001583     0.36   00.37
001584     0.36   00.37
001585     0.36   00.37
001586     0.36   00.37
001587     0.36   00.37
001588     0.36   00.37
001589     0.36   00.37
001590     0.36   00.36
001591     0.36   00.36
001592     0.36   00.36
001593     0.36   00.37
001594     0.36   00.37
001595     0.36   00.36
001596     0.36   00.36
001597     0.36   00.36
001598     0.36   00.36
001599     0.36   00.36
001600     0.36   00.36
001601     0.36   00.36
001602     0.36   00.36
001603     0.36   00.36
001604     0.36   00.36
001605     0.36   00.36
001606     0.36   00.36
001607     0.36   00.36
001608     0.36   00.36
001609     0.36   00.36
001610     0.36   00.36
001611     0.36   00.36
001612     0.36   00.36
001613     0.36   00.36
001614     0.36   00.36
001615     0.36   00.36
001616     0.36   00.36
001617     0.36   00.36
001618     0.36   00.36
001619     0.36   00.36
001620     0.35   00.36
001621     0.35   00.36
001622     0.35   00.36
001623     0.35   00.36
001624     0.35   00.36
001625     0.35   00.36
001626     0.35   00.36
001627     0.35   00.36
001628     0.35   00.36
001629     0.35   00.36
001630     0.35   00.36
001631     0.35   00.36
001632     0.35   00.36
001633     0.35   00.36
001634     0.35   00.36
001635     0.35   00.36
001636     0.35   00.36
001637     0.35   00.35
001638     0.35   00.35
001639     0.35   00.35
001640     0.35   00.35
001641     0.35   00.35
001642     0.35   00.35
001643     0.35   00.35
001644     0.35   00.35
001645     0.35   00.35
001646     0.35   00.35
001647     0.35   00.35
001648     0.35   00.35
001649     0.35   00.35
001650     0.35   00.35
001651     0.35   00.35
001652     0.35   00.35
001653     0.35   00.35
001654     0.35   00.35
001655     0.35   00.35
001656     0.35   00.35
001657     0.34   00.35
001658     0.34   00.35
001659     0.34   00.35
001660     0.34   00.35
001661     0.34   00.35
001662     0.34   00.35
001663     0.34   00.35
001664     0.34   00.35
001665     0.34   00.35
001666     0.34   00.35
001667     0.34   00.35
001668     0.34   00.35
001669     0.34   00.35
001670     0.34   00.35
001671     0.34   00.35
001672     0.34   00.35
001673     0.34   00.35
001674     0.34   00.35
001675     0.34   00.35
001676     0.34   00.34
001677     0.34   00.34
001678     0.34   00.34
001679     0.34   00.34
001680     0.34   00.34
001681     0.34   00.34
001682     0.34   00.34
001683     0.33   00.34
001684     0.33   00.34
001685     0.33   00.34
001686     0.33   00.34
001687     0.33   00.34
001688     0.33   00.34
001689     0.33   00.34
001690     0.33   00.34
001691     0.33   00.34
001692     0.33   00.34
001693     0.33   00.34
001694     0.33   00.34
001695     0.33   00.34
001696     0.33   00.34
001697     0.33   00.34
001698     0.33   00.34
001699     0.33   00.34
001700     0.33   00.34
001701     0.33   00.34
001702     0.33   00.34
001703     0.33   00.34
001704     0.33   00.34
001705     0.33   00.34
001706     0.33   00.34
001707     0.33   00.34
001708     0.33   00.34
001709     0.33   00.34
001710     0.33   00.34
001711     0.33   00.33
001712     0.33   00.33
001713     0.33   00.33
001714     0.33   00.33
001715     0.33   00.33
001716     0.33   00.33
001717     0.33   00.33
001718     0.33   00.33
001719     0.33   00.33
001720     0.33   00.33
001721     0.33   00.33
001722     0.33   00.33
001723     0.33   00.33
001724     0.33   00.33
001725     0.33   00.33
001726     0.33   00.33
001727     0.33   00.33
001728     0.33   00.33
001729     0.33   00.33
001730     0.33   00.33
001731     0.33   00.33
001732     0.32   00.33
001733     0.32   00.33
001734     0.32   00.33
001735     0.32   00.33
001736     0.32   00.33
001737     0.32   00.33
001738     0.32   00.33
001739     0.32   00.33
001740     0.32   00.33
001741     0.32   00.33
001742     0.32   00.33
001743     0.32   00.33
001744     0.32   00.33
001745     0.32   00.33
001746     0.32   00.33
001747     0.32   00.33
001748     0.32   00.33
001749     0.32   00.33
001750     0.32   00.33
001751     0.32   00.32
001752     0.32   00.32
001753     0.32   00.32
001754     0.32   00.32
001755     0.32   00.32
001756     0.32   00.32
001757     0.32   00.32
001758     0.32   00.32
001759     0.32   00.32
001760     0.32   00.32
001761     0.32   00.32
001762     0.32   00.32
001763     0.32   00.32
001764     0.32   00.32
001765     0.32   00.32
001766     0.32   00.32
001767     0.32   00.32
001768     0.32   00.32
001769     0.32   00.32
001770     0.32   00.32
001771     0.32   00.32
001772     0.32   00.32
001773     0.32   00.32
001774     0.32   00.32
001775     0.32   00.32
001776     0.32   00.32
001777     0.32   00.32
001778     0.32   00.32
001779     0.31   00.32
001780     0.31   00.32
001781     0.31   00.32
001782     0.31   00.32
001783     0.31   00.32
001784     0.31   00.32
001785     0.31   00.32
001786     0.31   00.32
001787     0.31   00.32
001788     0.31   00.32
001789     0.31   00.32
001790     0.31   00.32
001791     0.31   00.32
001792     0.31   00.32
001793     0.31   00.32
001794     0.31   00.32
001795     0.31   00.32
001796     0.31   00.32
001797     0.31   00.32
001798     0.31   00.32
001799     0.31   00.32
001800     0.31   00.32
001801     0.31   00.32
001802     0.31   00.32
001803     0.31   00.32
001804     0.31   00.32
001805     0.31   00.32
001806     0.31   00.32
001807     0.31   00.32
001808     0.31   00.32
001809     0.31   00.32
001810     0.31   00.32
001811     0.31   00.32
001812     0.31   00.32
001813     0.31   00.32
001814     0.31   00.31
001815     0.31   00.32
001816     0.31   00.31
001817     0.31   00.31
001818     0.31   00.31
001819     0.31   00.31
001820     0.31   00.31
001821     0.31   00.31
001822     0.31   00.31
001823     0.31   00.31
001824     0.31   00.31
001825     0.31   00.31
001826     0.31   00.31
001827     0.31   00.31
001828     0.31   00.31
001829     0.31   00.31
001830     0.31   00.31
001831     0.31   00.31
001832     0.31   00.31
001833     0.31   00.31
001834     0.31   00.31
001835     0.30   00.31
001836     0.30   00.31
001837     0.30   00.31
001838     0.30   00.31
001839     0.30   00.31
001840     0.30   00.31
001841     0.30   00.31
001842     0.30   00.31
001843     0.30   00.31
001844     0.30   00.31
001845     0.30   00.31
001846     0.30   00.31
001847     0.30   00.31
001848     0.30   00.31
001849     0.30   00.31
001850     0.30   00.31
001851     0.30   00.31
001852     0.30   00.31
001853     0.30   00.31
001854     0.30   00.31
001855     0.30   00.31
001856     0.30   00.31
001857     0.30   00.31
001858     0.30   00.31
001859     0.30   00.31
001860     0.30   00.31
001861     0.30   00.31
001862     0.30   00.31
001863     0.30   00.31
001864     0.30   00.31
001865     0.30   00.31
001866     0.30   00.31
001867     0.30   00.31
001868     0.30   00.31
001869     0.30   00.31
001870     0.30   00.31
001871     0.30   00.30
001872     0.30   00.31
001873     0.30   00.31
001874     0.30   00.31
001875     0.30   00.30
001876     0.30   00.30
001877     0.30   00.30
001878     0.30   00.30
001879     0.30   00.30
001880     0.30   00.30
001881     0.30   00.30
001882     0.30   00.30
001883     0.30   00.30
001884     0.30   00.30
001885     0.30   00.30
001886     0.30   00.30
001887     0.30   00.30
001888     0.30   00.30
001889     0.30   00.30
001890     0.30   00.30
001891     0.30   00.30
001892     0.30   00.30
001893     0.30   00.30
001894     0.30   00.30
001895     0.30   00.30
001896     0.30   00.30
001897     0.30   00.30
001898     0.30   00.30
001899     0.30   00.30
001900     0.30   00.30
001901     0.30   00.30
001902     0.30   00.30
001903     0.30   00.30
001904     0.30   00.30
001905     0.30   00.30
001906     0.30   00.30
001907     0.30   00.30
001908     0.30   00.30
001909     0.30   00.30
001910     0.30   00.30
001911     0.30   00.30
001912     0.29   00.30
001913     0.29   00.30
001914     0.29   00.30
001915     0.29   00.30
001916     0.29   00.30
001917     0.29   00.30
001918     0.29   00.30
001919     0.29   00.30
001920     0.29   00.30
001921     0.29   00.30
001922     0.29   00.30
001923     0.29   00.30
001924     0.29   00.30
001925     0.29   00.30
001926     0.29   00.30
001927     0.29   00.30
001928     0.29   00.30
001929     0.29   00.30
001930     0.29   00.30
001931     0.29   00.30
001932     0.29   00.30
001933     0.29   00.30
001934     0.29   00.30
001935     0.29   00.30
001936     0.29   00.30
001937     0.29   00.30
001938     0.29   00.30
001939     0.29   00.30
001940     0.29   00.30
001941     0.29   00.29
001942     0.29   00.29
001943     0.29   00.29
001944     0.29   00.30
001945     0.29   00.30
001946     0.29   00.29
001947     0.29   00.29
001948     0.29   00.29
001949     0.29   00.29
001950     0.29   00.29
001951     0.29   00.29
001952     0.29   00.29
001953     0.29   00.29
001954     0.29   00.29
001955     0.29   00.29
001956     0.29   00.29
001957     0.29   00.29
001958     0.29   00.29
001959     0.29   00.29
001960     0.29   00.29
001961     0.29   00.29
001962     0.29   00.29
001963     0.29   00.29
001964     0.29   00.29
001965     0.29   00.29
001966     0.29   00.29
001967     0.29   00.29
001968     0.29   00.29
001969     0.28   00.29
001970     0.28   00.29
001971     0.28   00.29
001972     0.28   00.29
001973     0.28   00.29
001974     0.28   00.29
001975     0.28   00.29
001976     0.28   00.29
001977     0.28   00.29
001978     0.28   00.29
001979     0.28   00.29
001980     0.28   00.29
001981     0.28   00.29
001982     0.28   00.29
001983     0.28   00.29
001984     0.28   00.29
001985     0.28   00.29
001986     0.28   00.29
001987     0.28   00.29
001988     0.28   00.29
001989     0.28   00.29
001990     0.28   00.29
001991     0.28   00.29
001992     0.28   00.29
001993     0.28   00.29
001994     0.28   00.29
001995     0.28   00.29
001996     0.28   00.29
001997     0.28   00.29
001998     0.28   00.29
001999     0.28   00.29
002000     0.28   00.29
002001     0.28   00.29
002002     0.28   00.29
002003     0.28   00.29
002004     0.28   00.29
002005     0.28   00.29
002006     0.28   00.28
002007     0.28   00.28
002008     0.28   00.28
002009     0.28   00.28
002010     0.28   00.28
002011     0.28   00.28
002012     0.28   00.28
002013     0.28   00.28
002014     0.28   00.28
002015     0.28   00.28
002016     0.28   00.28
002017     0.28   00.28
002018     0.28   00.28
002019     0.28   00.28
002020     0.28   00.28
002021     0.28   00.28
002022     0.28   00.28
002023     0.28   00.28
002024     0.28   00.28
002025     0.28   00.28
002026     0.28   00.28
002027     0.28   00.28
002028     0.28   00.28
002029     0.28   00.28
002030     0.28   00.28
002031     0.28   00.28
002032     0.28   00.28
002033     0.28   00.28
002034     0.28   00.28
002035     0.28   00.28
002036     0.28   00.28
002037     0.28   00.28
002038     0.28   00.28
002039     0.28   00.28
002040     0.28   00.28
002041     0.28   00.28
002042     0.28   00.28
002043     0.28   00.28
002044     0.28   00.28
002045     0.28   00.28
002046     0.28   00.28
002047     0.28   00.28
002048     0.28   00.28
002049     0.28   00.28
002050     0.28   00.28
002051     0.28   00.28
002052     0.27   00.28
002053     0.27   00.28
002054     0.27   00.28
002055     0.27   00.28
002056     0.27   00.28
002057     0.27   00.28
002058     0.27   00.28
002059     0.27   00.28
002060     0.27   00.28
002061     0.27   00.28
002062     0.27   00.28
002063     0.27   00.28
002064     0.27   00.28
002065     0.27   00.28
002066     0.27   00.28
002067     0.27   00.28
002068     0.27   00.28
002069     0.27   00.28
002070     0.27   00.28
002071     0.27   00.28
002072     0.27   00.28
002073     0.27   00.28
002074     0.27   00.28
002075     0.27   00.28
002076     0.27   00.28
002077     0.27   00.28
002078     0.27   00.28
002079     0.27   00.28
002080     0.27   00.28
002081     0.27   00.28
002082     0.27   00.28
002083     0.27   00.28
002084     0.27   00.28
002085     0.27   00.28
002086     0.27   00.28
002087     0.27   00.28
002088     0.27   00.28
002089     0.27   00.28
002090     0.27   00.28
002091     0.27   00.28
002092     0.27   00.28
002093     0.27   00.28
002094     0.27   00.28
002095     0.27   00.27
002096     0.27   00.28
002097     0.27   00.28
002098     0.27   00.28
002099     0.27   00.28
002100     0.27   00.27
002101     0.27   00.27
002102     0.27   00.28
002103     0.27   00.28
002104     0.27   00.27
002105     0.27   00.27
002106     0.27   00.27
002107     0.27   00.28
002108     0.27   00.28
002109     0.27   00.27
002110     0.27   00.27
002111     0.27   00.27
002112     0.27   00.27
002113     0.27   00.27
002114     0.27   00.27
002115     0.27   00.27
002116     0.27   00.27
002117     0.27   00.27
002118     0.27   00.27
002119     0.27   00.27
002120     0.27   00.27
002121     0.27   00.27
002122     0.27   00.27
002123     0.27   00.27
002124     0.27   00.27
002125     0.27   00.27
002126     0.27   00.27
002127     0.27   00.27
002128     0.27   00.27
002129     0.27   00.27
002130     0.27   00.27
002131     0.27   00.27
002132     0.27   00.27
002133     0.27   00.27
002134     0.27   00.27
002135     0.27   00.27
002136     0.27   00.27
002137     0.27   00.27
002138     0.27   00.27
002139     0.27   00.27
002140     0.27   00.27
002141     0.27   00.27
002142     0.27   00.27
002143     0.27   00.27
002144     0.27   00.27
002145     0.27   00.27
002146     0.27   00.27
002147     0.27   00.27
002148     0.27   00.27
002149     0.27   00.27
002150     0.27   00.27
002151     0.27   00.27
002152     0.27   00.27
002153     0.27   00.27
002154     0.27   00.27
002155     0.26   00.27
002156     0.26   00.27
002157     0.26   00.27
002158     0.26   00.27
002159     0.26   00.27
002160     0.26   00.27
002161     0.26   00.27
002162     0.26   00.27
002163     0.26   00.27
002164     0.26   00.27
002165     0.26   00.27
002166     0.26   00.27
002167     0.26   00.27
002168     0.26   00.27
002169     0.26   00.27
002170     0.26   00.27
002171     0.26   00.27
002172     0.26   00.27
002173     0.26   00.27
002174     0.26   00.27
002175     0.26   00.27
002176     0.26   00.27
002177     0.26   00.27
002178     0.26   00.27
002179     0.26   00.27
002180     0.26   00.27
002181     0.26   00.27
002182     0.26   00.27
002183     0.26   00.27
002184     0.26   00.27
002185     0.26   00.27
002186     0.26   00.27
002187     0.26   00.27
002188     0.26   00.27
002189     0.26   00.27
002190     0.26   00.26
002191     0.26   00.26
002192     0.26   00.26
002193     0.26   00.26
002194     0.26   00.26
002195     0.26   00.26
002196     0.26   00.26
002197     0.26   00.26
002198     0.26   00.26
002199     0.26   00.26
002200     0.26   00.26
002201     0.26   00.26
002202     0.26   00.26
002203     0.26   00.26
002204     0.26   00.26
002205     0.26   00.26
002206     0.26   00.26
002207     0.26   00.26
002208     0.26   00.26
002209     0.26   00.26
002210     0.26   00.26
002211     0.26   00.26
002212     0.26   00.26
002213     0.26   00.26
002214     0.26   00.26
002215     0.26   00.26
002216     0.26   00.26
002217     0.26   00.26
002218     0.26   00.26
002219     0.26   00.26
002220     0.26   00.26
002221     0.26   00.26
002222     0.26   00.26
002223     0.26   00.26
002224     0.26   00.26
002225     0.26   00.26
002226     0.26   00.26
002227     0.26   00.26
002228     0.26   00.26
002229     0.26   00.26
002230     0.26   00.26
002231     0.26   00.26
002232     0.25   00.26
002233     0.25   00.26
002234     0.25   00.26
002235     0.25   00.26
002236     0.25   00.26
002237     0.25   00.26
002238     0.25   00.26
002239     0.25   00.26
002240     0.25   00.26
002241     0.25   00.26
002242     0.25   00.26
002243     0.25   00.26
002244     0.25   00.26
002245     0.25   00.26
002246     0.25   00.26
002247     0.25   00.26
002248     0.25   00.26
002249     0.25   00.26
002250     0.25   00.26
002251     0.25   00.26
002252     0.25   00.26
002253     0.25   00.26
002254     0.25   00.26
002255     0.25   00.26
002256     0.25   00.26
002257     0.25   00.26
002258     0.25   00.26
002259     0.25   00.26
002260     0.25   00.26
002261     0.25   00.26
002262     0.25   00.26
002263     0.25   00.26
002264     0.25   00.26
002265     0.25   00.26
002266     0.25   00.26
002267     0.25   00.26
002268     0.25   00.26
002269     0.25   00.26
002270     0.25   00.26
002271     0.25   00.26
002272     0.25   00.26
002273     0.25   00.26
002274     0.25   00.26
002275     0.25   00.26
002276     0.25   00.26
002277     0.25   00.26
002278     0.25   00.26
002279     0.25   00.26
002280     0.25   00.26
002281     0.25   00.26
002282     0.25   00.26
002283     0.25   00.26
002284     0.25   00.26
002285     0.25   00.26
002286     0.25   00.26
002287     0.25   00.26
002288     0.25   00.26
002289     0.25   00.26
002290     0.25   00.26
002291     0.25   00.26
002292     0.25   00.26
002293     0.25   00.26
002294     0.25   00.26
002295     0.25   00.26
002296     0.25   00.26
002297     0.25   00.26
002298     0.25   00.26
002299     0.25   00.26
002300     0.25   00.26
002301     0.25   00.26
002302     0.25   00.26
002303     0.25   00.26
002304     0.25   00.26
002305     0.25   00.26
002306     0.25   00.26
002307     0.25   00.26
002308     0.25   00.26
002309     0.25   00.26
002310     0.25   00.26
002311     0.25   00.26
002312     0.25   00.26
002313     0.25   00.26
002314     0.25   00.26
002315     0.25   00.26
002316     0.25   00.26
002317     0.25   00.26
002318     0.25   00.26
002319     0.25   00.26
002320     0.25   00.26
002321     0.25   00.26
002322     0.25   00.26
002323     0.25   00.26
002324     0.25   00.26
002325     0.25   00.26
002326     0.25   00.26
002327     0.25   00.26
002328     0.25   00.26
002329     0.25   00.26
002330     0.25   00.26
002331     0.25   00.26
002332     0.25   00.26
002333     0.25   00.26
002334     0.25   00.26
002335     0.25   00.26
002336     0.25   00.26
002337     0.25   00.26
002338     0.25   00.26
002339     0.25   00.26
002340     0.25   00.26
002341     0.25   00.26
002342     0.25   00.26
002343     0.25   00.26
002344     0.25   00.26
002345     0.25   00.26
002346     0.25   00.26
002347     0.25   00.26
002348     0.25   00.26
002349     0.25   00.26
002350     0.25   00.26
002351     0.25   00.26
002352     0.25   00.26
002353     0.25   00.26
002354     0.25   00.26
002355     0.25   00.26
002356     0.25   00.26
002357     0.25   00.26
002358     0.25   00.26
002359     0.25   00.26
002360     0.25   00.26
002361     0.25   00.25
002362     0.25   00.26
002363     0.25   00.25
002364     0.25   00.25
002365     0.25   00.25
002366     0.25   00.25
002367     0.25   00.25
002368     0.25   00.25
002369     0.25   00.25
002370     0.25   00.25
002371     0.25   00.25
002372     0.25   00.25
002373     0.25   00.25
002374     0.25   00.25
002375     0.25   00.25
002376     0.25   00.25
002377     0.25   00.25
002378     0.25   00.25
002379     0.25   00.25
002380     0.25   00.25
002381     0.25   00.25
002382     0.25   00.25
002383     0.25   00.25
002384     0.25   00.25
002385     0.25   00.25
002386     0.25   00.25
002387     0.25   00.25
002388     0.25   00.25
002389     0.25   00.25
002390     0.25   00.25
002391     0.25   00.25
002392     0.25   00.25
002393     0.25   00.25
002394     0.25   00.25
002395     0.25   00.25
002396     0.25   00.25
002397     0.25   00.25
002398     0.25   00.25
002399     0.25   00.25
002400     0.25   00.25
002401     0.25   00.25
002402     0.25   00.25
002403     0.25   00.25
002404     0.25   00.25
002405     0.25   00.25
002406     0.25   00.25
002407     0.25   00.25
002408     0.25   00.25
002409     0.25   00.25
002410     0.25   00.25
002411     0.25   00.25
002412     0.25   00.25
002413     0.25   00.25
002414     0.25   00.25
002415     0.25   00.25
002416     0.25   00.25
002417     0.25   00.25
002418     0.25   00.25
002419     0.25   00.25
002420     0.25   00.25
002421     0.25   00.25
002422     0.25   00.25
002423     0.25   00.25
002424     0.25   00.25
002425     0.25   00.25
002426     0.25   00.25
002427     0.25   00.25
002428     0.25   00.25
002429     0.25   00.25
002430     0.25   00.25
002431     0.25   00.25
002432     0.25   00.25
002433     0.24   00.25
002434     0.24   00.25
002435     0.24   00.25
002436     0.24   00.25
002437     0.24   00.25
002438     0.24   00.25
002439     0.24   00.25
002440     0.24   00.25
002441     0.24   00.25
002442     0.24   00.25
002443     0.24   00.25
002444     0.24   00.25
002445     0.24   00.25
002446     0.24   00.25
002447     0.24   00.25
002448     0.24   00.25
002449     0.24   00.25
002450     0.24   00.25
002451     0.24   00.25
002452     0.24   00.25
002453     0.24   00.25
002454     0.24   00.25
002455     0.24   00.25
002456     0.24   00.25
002457     0.24   00.25
002458     0.24   00.25
002459     0.24   00.25
002460     0.24   00.25
002461     0.24   00.25
002462     0.24   00.25
002463     0.24   00.25
002464     0.24   00.25
002465     0.24   00.25
002466     0.24   00.25
002467     0.24   00.25
002468     0.24   00.25
002469     0.24   00.25
002470     0.24   00.25
002471     0.24   00.25
002472     0.24   00.25
002473     0.24   00.25
002474     0.24   00.25
002475     0.24   00.25
002476     0.24   00.25
002477     0.24   00.25
002478     0.24   00.25
002479     0.24   00.25
002480     0.24   00.25
002481     0.24   00.25
002482     0.24   00.25
002483     0.24   00.25
002484     0.24   00.25
002485     0.24   00.25
002486     0.24   00.25
002487     0.24   00.25
002488     0.24   00.25
002489     0.24   00.25
002490     0.24   00.25
002491     0.24   00.25
002492     0.24   00.25
002493     0.24   00.25
002494     0.24   00.25
002495     0.24   00.25
002496     0.24   00.25
002497     0.24   00.25
002498     0.24   00.25
002499     0.24   00.25
002500     0.24   00.25
002501     0.24   00.25
002502     0.24   00.25
002503     0.24   00.25
002504     0.24   00.25
002505     0.24   00.25
002506     0.24   00.24
002507     0.24   00.25
002508     0.24   00.24
002509     0.24   00.25
002510     0.24   00.25
002511     0.24   00.25
002512     0.24   00.25
002513     0.24   00.25
002514     0.24   00.25
002515     0.24   00.25
002516     0.24   00.25
002517     0.24   00.25
002518     0.24   00.24
002519     0.24   00.24
002520     0.24   00.24
002521     0.24   00.24
002522     0.24   00.24
002523     0.24   00.25
002524     0.24   00.25
002525     0.24   00.24
002526     0.24   00.24
002527     0.24   00.24
002528     0.24   00.24
002529     0.24   00.24
002530     0.24   00.24
002531     0.24   00.24
002532     0.24   00.24
002533     0.24   00.24
002534     0.24   00.24
002535     0.24   00.24
002536     0.24   00.24
002537     0.24   00.24
002538     0.24   00.24
002539     0.24   00.24
002540     0.24   00.24
002541     0.24   00.24
002542     0.24   00.24
002543     0.24   00.24
002544     0.24   00.24
002545     0.24   00.24
002546     0.24   00.24
002547     0.24   00.24
002548     0.24   00.24
002549     0.24   00.24
002550     0.24   00.24
002551     0.24   00.24
002552     0.24   00.24
002553     0.24   00.24
002554     0.24   00.24
002555     0.24   00.24
002556     0.24   00.24
002557     0.24   00.24
002558     0.24   00.24
002559     0.24   00.24
002560     0.24   00.24
002561     0.24   00.24
002562     0.24   00.24
002563     0.24   00.24
002564     0.24   00.24
002565     0.24   00.24
002566     0.24   00.24
002567     0.24   00.24
002568     0.24   00.24
002569     0.24   00.24
002570     0.24   00.24
002571     0.24   00.24
002572     0.24   00.24
002573     0.24   00.24
002574     0.24   00.24
002575     0.24   00.24
002576     0.24   00.24
002577     0.24   00.24
002578     0.24   00.24
002579     0.24   00.24
002580     0.24   00.24
002581     0.24   00.24
002582     0.24   00.24
002583     0.24   00.24
002584     0.24   00.24
002585     0.24   00.24
002586     0.24   00.24
002587     0.24   00.24
002588     0.24   00.24
002589     0.24   00.24
002590     0.24   00.24
002591     0.24   00.24
002592     0.24   00.24
002593     0.24   00.24
002594     0.24   00.24
002595     0.24   00.24
002596     0.24   00.24
002597     0.24   00.24
002598     0.24   00.24
002599     0.24   00.24
002600     0.24   00.24
002601     0.24   00.24
002602     0.24   00.24
002603     0.24   00.24
002604     0.24   00.24
002605     0.24   00.24
002606     0.24   00.24
002607     0.24   00.24
002608     0.24   00.24
002609     0.24   00.24
002610     0.24   00.24
002611     0.24   00.24
002612     0.24   00.24
002613     0.24   00.24
002614     0.24   00.24
002615     0.24   00.24
002616     0.24   00.24
002617     0.24   00.24
002618     0.24   00.24
002619     0.24   00.24
002620     0.24   00.24
002621     0.24   00.24
002622     0.24   00.24
002623     0.24   00.24
002624     0.24   00.24
002625     0.23   00.24
002626     0.23   00.24
002627     0.23   00.24
002628     0.23   00.24
002629     0.23   00.24
002630     0.23   00.24
002631     0.23   00.24
002632     0.23   00.24
002633     0.23   00.24
002634     0.23   00.24
002635     0.23   00.24
002636     0.23   00.24
002637     0.23   00.24
002638     0.23   00.24
002639     0.23   00.24
002640     0.23   00.24
002641     0.23   00.24
002642     0.23   00.24
002643     0.23   00.24
002644     0.23   00.24
002645     0.23   00.24
002646     0.23   00.24
002647     0.23   00.24
002648     0.23   00.24
002649     0.23   00.24
002650     0.23   00.24
002651     0.23   00.24
002652     0.23   00.24
002653     0.23   00.24
002654     0.23   00.24
002655     0.23   00.24
002656     0.23   00.24
002657     0.23   00.24
002658     0.23   00.24
002659     0.23   00.24
002660     0.23   00.24
002661     0.23   00.24
002662     0.23   00.24
002663     0.23   00.24
002664     0.23   00.24
002665     0.23   00.24
002666     0.23   00.24
002667     0.23   00.24
002668     0.23   00.24
002669     0.23   00.24
002670     0.23   00.24
002671     0.23   00.24
002672     0.23   00.24
002673     0.23   00.24
002674     0.23   00.24
002675     0.23   00.24
002676     0.23   00.24
002677     0.23   00.24
002678     0.23   00.24
002679     0.23   00.24
002680     0.23   00.24
002681     0.23   00.24
002682     0.23   00.24
002683     0.23   00.24
002684     0.23   00.24
002685     0.23   00.24
002686     0.23   00.24
002687     0.23   00.24
002688     0.23   00.24
002689     0.23   00.24
002690     0.23   00.24
002691     0.23   00.24
002692     0.23   00.24
002693     0.23   00.24
002694     0.23   00.23
002695     0.23   00.23
002696     0.23   00.23
002697     0.23   00.23
002698     0.23   00.23
002699     0.23   00.23
002700     0.23   00.23
002701     0.23   00.23
002702     0.23   00.23
002703     0.23   00.23
002704     0.23   00.23
002705     0.23   00.23
002706     0.23   00.23
002707     0.23   00.23
002708     0.23   00.23
002709     0.23   00.23
002710     0.23   00.23
002711     0.23   00.23
002712     0.23   00.23
002713     0.23   00.23
002714     0.23   00.23
002715     0.23   00.23
002716     0.23   00.23
002717     0.23   00.23
002718     0.23   00.23
002719     0.23   00.23
002720     0.23   00.23
002721     0.23   00.23
002722     0.23   00.23
002723     0.23   00.23
002724     0.23   00.23
002725     0.23   00.23
002726     0.23   00.23
002727     0.23   00.23
002728     0.23   00.23
002729     0.23   00.23
002730     0.23   00.23
002731     0.23   00.23
002732     0.23   00.23
002733     0.23   00.23
002734     0.23   00.23
002735     0.23   00.23
002736     0.23   00.23
002737     0.23   00.23
002738     0.23   00.23
002739     0.23   00.23
002740     0.23   00.23
002741     0.23   00.23
002742     0.23   00.23
002743     0.23   00.23
002744     0.23   00.23
002745     0.23   00.23
002746     0.23   00.23
002747     0.23   00.23
002748     0.23   00.23
002749     0.23   00.23
002750     0.23   00.23
002751     0.23   00.23
002752     0.23   00.23
002753     0.23   00.23
002754     0.23   00.23
002755     0.23   00.23
002756     0.23   00.23
002757     0.23   00.23
002758     0.23   00.23
002759     0.23   00.23
002760     0.23   00.23
002761     0.23   00.23
002762     0.23   00.23
002763     0.23   00.23
002764     0.23   00.23
002765     0.23   00.23
002766     0.23   00.23
002767     0.23   00.23
002768     0.23   00.23
002769     0.22   00.23
002770     0.22   00.23
002771     0.22   00.23
002772     0.22   00.23
002773     0.22   00.23
002774     0.22   00.23
002775     0.22   00.23
002776     0.22   00.23
002777     0.22   00.23
002778     0.22   00.23
002779     0.22   00.23
002780     0.22   00.23
002781     0.22   00.23
002782     0.22   00.23
002783     0.22   00.23
002784     0.22   00.23
002785     0.22   00.23
002786     0.22   00.23
002787     0.22   00.23
002788     0.22   00.23
002789     0.22   00.23
002790     0.22   00.23
002791     0.22   00.23
002792     0.22   00.23
002793     0.22   00.23
002794     0.22   00.23
002795     0.22   00.23
002796     0.22   00.23
002797     0.22   00.23
002798     0.22   00.23
002799     0.22   00.23
002800     0.22   00.23
002801     0.22   00.23
002802     0.22   00.23
002803     0.22   00.23
002804     0.22   00.23
002805     0.22   00.23
002806     0.22   00.23
002807     0.22   00.23
002808     0.22   00.23
002809     0.22   00.23
002810     0.22   00.23
002811     0.22   00.23
002812     0.22   00.23
002813     0.22   00.23
002814     0.22   00.23
002815     0.22   00.23
002816     0.22   00.23
002817     0.22   00.23
002818     0.22   00.23
002819     0.22   00.23
002820     0.22   00.23
002821     0.22   00.23
002822     0.22   00.23
002823     0.22   00.23
002824     0.22   00.23
002825     0.22   00.23
002826     0.22   00.23
002827     0.22   00.23
002828     0.22   00.23
002829     0.22   00.23
002830     0.22   00.23
002831     0.22   00.23
002832     0.22   00.23
002833     0.22   00.23
002834     0.22   00.23
002835     0.22   00.23
002836     0.22   00.23
002837     0.22   00.23
002838     0.22   00.23
002839     0.22   00.23
002840     0.22   00.23
002841     0.22   00.23
002842     0.22   00.23
002843     0.22   00.23
002844     0.22   00.23
002845     0.22   00.23
002846     0.22   00.23
002847     0.22   00.23
002848     0.22   00.23
002849     0.22   00.23
002850     0.22   00.23
002851     0.22   00.23
002852     0.22   00.23
002853     0.22   00.23
002854     0.22   00.23
002855     0.22   00.23
002856     0.22   00.23
002857     0.22   00.23
002858     0.22   00.23
002859     0.22   00.23
002860     0.22   00.23
002861     0.22   00.23
002862     0.22   00.23
002863     0.22   00.23
002864     0.22   00.23
002865     0.22   00.23
002866     0.22   00.23
002867     0.22   00.23
002868     0.22   00.23
002869     0.22   00.23
002870     0.22   00.23
002871     0.22   00.23
002872     0.22   00.23
002873     0.22   00.23
002874     0.22   00.23
002875     0.22   00.23
002876     0.22   00.23
002877     0.22   00.23
002878     0.22   00.23
002879     0.22   00.23
002880     0.22   00.23
002881     0.22   00.23
002882     0.22   00.23
002883     0.22   00.23
002884     0.22   00.23
002885     0.22   00.23
002886     0.22   00.23
002887     0.22   00.23
002888     0.22   00.23
002889     0.22   00.23
002890     0.22   00.23
002891     0.22   00.23
002892     0.22   00.23
002893     0.22   00.23
002894     0.22   00.23
002895     0.22   00.23
002896     0.22   00.23
002897     0.22   00.23
002898     0.22   00.23
002899     0.22   00.23
002900     0.22   00.23
002901     0.22   00.23
002902     0.22   00.23
002903     0.22   00.23
002904     0.22   00.23
002905     0.22   00.23
002906     0.22   00.23
002907     0.22   00.23
002908     0.22   00.23
002909     0.22   00.23
002910     0.22   00.23
002911     0.22   00.23
002912     0.22   00.23
002913     0.22   00.23
002914     0.22   00.23
002915     0.22   00.23
002916     0.22   00.23
002917     0.22   00.23
002918     0.22   00.23
002919     0.22   00.23
002920     0.22   00.23
002921     0.22   00.23
002922     0.22   00.23
002923     0.22   00.23
002924     0.22   00.23
002925     0.22   00.23
002926     0.22   00.23
002927     0.22   00.23
002928     0.22   00.23
002929     0.22   00.23
002930     0.22   00.23
002931     0.22   00.23
002932     0.22   00.23
002933     0.22   00.23
002934     0.22   00.23
002935     0.22   00.23
002936     0.22   00.23
002937     0.22   00.23
002938     0.22   00.23
002939     0.22   00.23
002940     0.22   00.23
002941     0.22   00.23
002942     0.22   00.23
002943     0.22   00.23
002944     0.22   00.23
002945     0.22   00.23
002946     0.22   00.23
002947     0.22   00.23
002948     0.22   00.23
002949     0.22   00.23
002950     0.22   00.23
002951     0.22   00.23
002952     0.22   00.23
002953     0.22   00.23
002954     0.22   00.23
002955     0.22   00.23
002956     0.22   00.23
002957     0.22   00.23
002958     0.22   00.23
002959     0.22   00.23
002960     0.22   00.23
002961     0.22   00.23
002962     0.22   00.23
002963     0.22   00.23
002964     0.22   00.23
002965     0.22   00.23
002966     0.22   00.23
002967     0.22   00.23
002968     0.22   00.23
002969     0.22   00.23
002970     0.22   00.23
002971     0.22   00.23
002972     0.22   00.23
002973     0.22   00.23
002974     0.22   00.23
002975     0.22   00.23
002976     0.22   00.23
002977     0.22   00.23
002978     0.22   00.23
002979     0.22   00.23
002980     0.22   00.23
002981     0.22   00.23
002982     0.22   00.23
002983     0.22   00.23
002984     0.22   00.23
002985     0.22   00.23
002986     0.22   00.23
002987     0.22   00.23
002988     0.22   00.23
002989     0.22   00.23
002990     0.22   00.23
002991     0.22   00.23
002992     0.22   00.23
002993     0.22   00.23
002994     0.22   00.23
002995     0.22   00.23
002996     0.22   00.23
002997     0.22   00.23
002998     0.22   00.23
002999     0.22   00.23
003000     0.22   00.23
003001     0.22   00.23
