000001     48.01   48.76
000002     47.99   48.56
000003     47.79   48.37
000004     47.77   48.27
000005     47.71   48.14
000006     47.64   48.08
000007     47.54   48.00
000008     47.38   47.85
000009     47.28   47.77
000010     47.28   47.70
000011     47.04   47.59
000012     47.04   47.54
000013     47.04   47.45
000014     47.03   47.37
000015     46.87   47.31
000016     46.87   47.26
000017     46.87   47.24
000018     46.80   47.16
000019     46.78   47.08
000020     46.77   47.06
000021     46.75   47.02
000022     46.68   46.95
000023     46.65   46.89
000024     46.59   46.85
000025     46.55   46.80
000026     46.52   46.76
000027     46.49   46.69
000028     46.45   46.65
000029     46.39   46.60
000030     46.36   46.53
000031     46.36   46.51
000032     46.30   46.50
000033     46.30   46.49
000034     46.30   46.46
000035     46.27   46.45
000036     46.25   46.40
000037     46.25   46.38
000038     46.25   46.36
000039     46.22   46.34
000040     46.20   46.31
000041     46.16   46.28
000042     46.12   46.25
000043     46.12   46.24
000044     46.12   46.22
000045     46.09   46.20
000046     46.09   46.18
000047     46.08   46.17
000048     46.08   46.15
000049     46.06   46.14
000050     46.05   46.12
000051     46.04   46.10
000052     46.04   46.09
000053     46.02   46.09
000054     46.00   46.07
000055     46.00   46.06
000056     46.00   46.05
000057     45.99   46.04
000058     45.98   46.02
000059     45.98   46.02
000060     45.97   46.01
000061     45.96   46.00
000062     45.96   45.99
000063     45.96   45.99
000064     45.94   45.98
000065     45.94   45.98
000066     45.94   45.97
000067     45.93   45.97
000068     45.93   45.96
000069     45.93   45.96
000070     45.92   45.95
000071     45.92   45.95
000072     45.91   45.94
000073     45.91   45.94
000074     45.91   45.93
000075     45.91   45.93
000076     45.91   45.93
000077     45.89   45.92
000078     45.89   45.92
000079     45.88   45.91
000080     45.88   45.91
000081     45.88   45.90
000082     45.87   45.90
000083     45.87   45.89
000084     45.87   45.89
000085     45.86   45.88
000086     45.86   45.88
000087     45.86   45.88
000088     45.86   45.87
000089     45.85   45.87
000090     45.85   45.87
000091     45.84   45.86
000092     45.84   45.86
000093     45.84   45.86
000094     45.83   45.86
000095     45.83   45.86
000096     45.83   45.85
000097     45.83   45.84
000098     45.82   45.84
000099     45.82   45.84
000100     45.82   45.83
000101     45.81   45.83
000102     45.81   45.83
000103     45.80   45.83
000104     45.80   45.82
000105     45.80   45.82
000106     45.80   45.81
000107     45.80   45.81
000108     45.80   45.81
000109     45.79   45.81
000110     45.79   45.81
000111     45.79   45.80
000112     45.79   45.80
000113     45.78   45.80
000114     45.78   45.79
000115     45.78   45.79
000116     45.77   45.79
000117     45.77   45.79
000118     45.77   45.78
000119     45.76   45.78
000120     45.76   45.78
000121     45.76   45.77
000122     45.76   45.77
000123     45.76   45.77
000124     45.75   45.77
000125     45.75   45.77
000126     45.75   45.77
000127     45.75   45.76
000128     45.75   45.76
000129     45.75   45.76
000130     45.74   45.76
000131     45.74   45.75
000132     45.74   45.75
000133     45.74   45.75
000134     45.74   45.75
000135     45.73   45.75
000136     45.73   45.75
000137     45.73   45.74
000138     45.73   45.74
000139     45.73   45.74
000140     45.73   45.74
000141     45.72   45.74
000142     45.72   45.74
000143     45.72   45.73
000144     45.72   45.73
000145     45.71   45.73
000146     45.71   45.73
000147     45.71   45.72
000148     45.71   45.72
000149     45.70   45.72
000150     45.70   45.71
000151     45.70   45.71
000152     45.69   45.71
000153     45.69   45.71
000154     45.69   45.70
000155     45.69   45.70
000156     45.69   45.70
000157     45.68   45.70
000158     45.68   45.70
000159     45.68   45.69
000160     45.68   45.69
000161     45.68   45.69
000162     45.68   45.69
000163     45.68   45.69
000164     45.68   45.69
000165     45.67   45.68
000166     45.67   45.68
000167     45.67   45.68
000168     45.67   45.68
000169     45.66   45.67
000170     45.66   45.67
000171     45.66   45.67
000172     45.66   45.67
000173     45.66   45.67
000174     45.66   45.67
000175     45.65   45.67
000176     45.65   45.66
000177     45.65   45.66
000178     45.65   45.66
000179     45.65   45.66
000180     45.65   45.66
000181     45.65   45.65
000182     45.64   45.65
000183     45.64   45.65
000184     45.64   45.65
000185     45.64   45.65
000186     45.64   45.65
000187     45.64   45.64
000188     45.63   45.64
000189     45.63   45.64
000190     45.63   45.64
000191     45.63   45.64
000192     45.62   45.64
000193     45.62   45.63
000194     45.62   45.63
000195     45.62   45.63
000196     45.62   45.63
000197     45.62   45.63
000198     45.61   45.63
000199     45.61   45.62
000200     45.61   45.62
000201     45.61   45.62
000202     45.61   45.62
000203     45.61   45.62
000204     45.61   45.62
000205     45.61   45.62
000206     45.61   45.61
000207     45.61   45.61
000208     45.60   45.61
000209     45.60   45.61
000210     45.60   45.61
000211     45.60   45.61
000212     45.60   45.61
000213     45.60   45.61
000214     45.59   45.60
000215     45.59   45.60
000216     45.59   45.60
000217     45.59   45.60
000218     45.59   45.60
000219     45.59   45.60
000220     45.59   45.60
000221     45.59   45.60
000222     45.59   45.59
000223     45.59   45.59
000224     45.59   45.59
000225     45.58   45.59
000226     45.58   45.59
000227     45.58   45.59
000228     45.58   45.59
000229     45.58   45.59
000230     45.58   45.59
000231     45.58   45.58
000232     45.58   45.58
000233     45.57   45.58
000234     45.57   45.58
000235     45.57   45.58
000236     45.57   45.58
000237     45.57   45.58
000238     45.57   45.58
000239     45.57   45.58
000240     45.57   45.58
000241     45.57   45.57
000242     45.56   45.57
000243     45.56   45.57
000244     45.56   45.57
000245     45.56   45.57
000246     45.56   45.57
000247     45.56   45.57
000248     45.56   45.57
000249     45.56   45.57
000250     45.56   45.57
000251     45.56   45.57
000252     45.56   45.57
000253     45.56   45.56
000254     45.56   45.56
000255     45.55   45.56
000256     45.55   45.56
000257     45.55   45.56
000258     45.55   45.56
000259     45.55   45.56
000260     45.55   45.56
000261     45.55   45.56
000262     45.55   45.56
000263     45.55   45.55
000264     45.55   45.55
000265     45.55   45.55
000266     45.54   45.55
000267     45.54   45.55
000268     45.54   45.55
000269     45.54   45.55
000270     45.54   45.55
000271     45.54   45.55
000272     45.54   45.55
000273     45.54   45.54
000274     45.54   45.54
000275     45.54   45.54
000276     45.54   45.54
000277     45.53   45.54
000278     45.53   45.54
000279     45.53   45.54
000280     45.53   45.54
000281     45.53   45.54
000282     45.53   45.54
000283     45.53   45.54
000284     45.53   45.53
000285     45.53   45.53
000286     45.53   45.53
000287     45.53   45.53
000288     45.52   45.53
000289     45.52   45.53
000290     45.52   45.53
000291     45.52   45.53
000292     45.52   45.53
000293     45.52   45.53
000294     45.52   45.53
000295     45.52   45.53
000296     45.52   45.52
000297     45.52   45.52
000298     45.52   45.52
000299     45.51   45.52
000300     45.51   45.52
000301     45.51   45.52
000302     45.51   45.52
000303     45.51   45.52
000304     45.51   45.52
000305     45.51   45.51
000306     45.51   45.51
000307     45.51   45.51
000308     45.51   45.51
000309     45.51   45.51
000310     45.51   45.51
000311     45.50   45.51
000312     45.50   45.51
000313     45.50   45.51
000314     45.50   45.51
000315     45.50   45.51
000316     45.50   45.50
000317     45.50   45.50
000318     45.50   45.50
000319     45.50   45.50
000320     45.50   45.50
000321     45.50   45.50
000322     45.50   45.50
000323     45.49   45.50
000324     45.49   45.50
000325     45.49   45.50
000326     45.49   45.50
000327     45.49   45.50
000328     45.49   45.50
000329     45.49   45.49
000330     45.49   45.49
000331     45.49   45.49
000332     45.49   45.49
000333     45.49   45.49
000334     45.49   45.49
000335     45.49   45.49
000336     45.49   45.49
000337     45.49   45.49
000338     45.48   45.49
000339     45.48   45.49
000340     45.48   45.49
000341     45.48   45.49
000342     45.48   45.49
000343     45.48   45.49
000344     45.48   45.48
000345     45.48   45.48
000346     45.48   45.48
000347     45.48   45.48
000348     45.48   45.48
000349     45.48   45.48
000350     45.48   45.48
000351     45.47   45.48
000352     45.47   45.48
000353     45.47   45.48
000354     45.47   45.48
000355     45.47   45.48
000356     45.47   45.48
000357     45.47   45.48
000358     45.47   45.48
000359     45.47   45.47
000360     45.47   45.47
000361     45.47   45.47
000362     45.47   45.47
000363     45.47   45.47
000364     45.47   45.47
000365     45.47   45.47
000366     45.47   45.47
000367     45.47   45.47
000368     45.47   45.47
000369     45.46   45.47
000370     45.46   45.47
000371     45.46   45.47
000372     45.46   45.47
000373     45.46   45.47
000374     45.46   45.47
000375     45.46   45.46
000376     45.46   45.46
000377     45.46   45.46
000378     45.46   45.46
000379     45.46   45.46
000380     45.46   45.46
000381     45.46   45.46
000382     45.45   45.46
000383     45.45   45.46
000384     45.45   45.46
000385     45.45   45.46
000386     45.45   45.46
000387     45.45   45.45
000388     45.45   45.45
000389     45.45   45.45
000390     45.45   45.45
000391     45.45   45.45
000392     45.45   45.45
000393     45.45   45.45
000394     45.45   45.45
000395     45.45   45.45
000396     45.45   45.45
000397     45.45   45.45
000398     45.45   45.45
000399     45.45   45.45
000400     45.44   45.45
000401     45.44   45.45
000402     45.44   45.45
000403     45.44   45.45
000404     45.44   45.45
000405     45.44   45.45
000406     45.44   45.45
000407     45.44   45.44
000408     45.44   45.44
000409     45.44   45.44
000410     45.44   45.44
000411     45.44   45.44
000412     45.44   45.44
000413     45.44   45.44
000414     45.43   45.44
000415     45.43   45.44
000416     45.43   45.44
000417     45.43   45.44
000418     45.43   45.44
000419     45.43   45.44
000420     45.43   45.43
000421     45.43   45.43
000422     45.43   45.43
000423     45.43   45.43
000424     45.43   45.43
000425     45.42   45.43
000426     45.42   45.43
000427     45.42   45.43
000428     45.42   45.43
000429     45.42   45.43
000430     45.42   45.43
000431     45.42   45.42
000432     45.42   45.42
000433     45.42   45.42
000434     45.42   45.42
000435     45.42   45.42
000436     45.41   45.42
000437     45.41   45.42
000438     45.41   45.42
000439     45.41   45.42
000440     45.41   45.42
000441     45.41   45.42
000442     45.41   45.41
000443     45.41   45.42
000444     45.41   45.41
000445     45.41   45.41
000446     45.41   45.41
000447     45.41   45.41
000448     45.41   45.41
000449     45.40   45.41
000450     45.40   45.41
000451     45.40   45.41
000452     45.40   45.41
000453     45.40   45.41
000454     45.40   45.41
000455     45.40   45.40
000456     45.40   45.40
000457     45.40   45.40
000458     45.40   45.40
000459     45.39   45.40
000460     45.39   45.40
000461     45.39   45.40
000462     45.39   45.40
000463     45.39   45.40
000464     45.39   45.39
000465     45.39   45.39
000466     45.39   45.39
000467     45.38   45.39
000468     45.38   45.39
000469     45.38   45.39
000470     45.38   45.39
000471     45.38   45.39
000472     45.38   45.38
000473     45.38   45.38
000474     45.38   45.38
000475     45.37   45.38
000476     45.37   45.38
000477     45.37   45.38
000478     45.37   45.38
000479     45.37   45.38
000480     45.37   45.37
000481     45.37   45.37
000482     45.37   45.37
000483     45.36   45.37
000484     45.36   45.37
000485     45.36   45.37
000486     45.36   45.37
000487     45.36   45.37
000488     45.36   45.36
000489     45.35   45.36
000490     45.35   45.36
000491     45.35   45.36
000492     45.35   45.36
000493     45.35   45.36
000494     45.35   45.36
000495     45.35   45.36
000496     45.35   45.36
000497     45.34   45.35
000498     45.34   45.35
000499     45.34   45.35
000500     45.34   45.35
000501     45.34   45.35
000502     45.34   45.35
000503     45.34   45.35
000504     45.33   45.35
000505     45.33   45.34
000506     45.33   45.34
000507     45.33   45.34
000508     45.33   45.34
000509     45.33   45.33
000510     45.32   45.33
000511     45.32   45.33
000512     45.32   45.33
000513     45.32   45.33
000514     45.32   45.33
000515     45.31   45.32
000516     45.31   45.32
000517     45.31   45.32
000518     45.31   45.32
000519     45.31   45.32
000520     45.31   45.32
000521     45.31   45.32
000522     45.31   45.31
000523     45.30   45.31
000524     45.30   45.31
000525     45.30   45.31
000526     45.30   45.31
000527     45.30   45.31
000528     45.29   45.30
000529     45.29   45.30
000530     45.29   45.30
000531     45.29   45.30
000532     45.29   45.30
000533     45.29   45.29
000534     45.28   45.29
000535     45.28   45.29
000536     45.28   45.29
000537     45.28   45.29
000538     45.27   45.28
000539     45.27   45.28
000540     45.27   45.28
000541     45.27   45.28
000542     45.27   45.28
000543     45.27   45.28
000544     45.27   45.28
000545     45.26   45.27
000546     45.26   45.27
000547     45.26   45.27
000548     45.25   45.27
000549     45.25   45.27
000550     45.25   45.27
000551     45.25   45.26
000552     45.25   45.26
000553     45.24   45.26
000554     45.24   45.26
000555     45.24   45.26
000556     45.23   45.25
000557     45.23   45.25
000558     45.23   45.24
000559     45.23   45.24
000560     45.23   45.24
000561     45.22   45.24
000562     45.22   45.23
000563     45.22   45.23
000564     45.22   45.23
000565     45.22   45.23
000566     45.22   45.23
000567     45.21   45.22
000568     45.21   45.22
000569     45.21   45.22
000570     45.21   45.22
000571     45.20   45.22
000572     45.20   45.21
000573     45.20   45.21
000574     45.20   45.21
000575     45.20   45.21
000576     45.19   45.20
000577     45.19   45.20
000578     45.18   45.20
000579     45.18   45.20
000580     45.18   45.20
000581     45.18   45.20
000582     45.18   45.19
000583     45.17   45.19
000584     45.17   45.19
000585     45.17   45.18
000586     45.17   45.18
000587     45.16   45.18
000588     45.16   45.17
000589     45.15   45.17
000590     45.15   45.17
000591     45.15   45.16
000592     45.14   45.16
000593     45.14   45.16
000594     45.13   45.15
000595     45.13   45.15
000596     45.13   45.14
000597     45.13   45.14
000598     45.12   45.14
000599     45.12   45.14
000600     45.12   45.13
000601     45.12   45.13
000602     45.11   45.13
000603     45.11   45.12
000604     45.10   45.12
000605     45.10   45.12
000606     45.10   45.12
000607     45.10   45.12
000608     45.09   45.11
000609     45.09   45.11
000610     45.09   45.11
000611     45.09   45.11
000612     45.09   45.10
000613     45.09   45.10
000614     45.08   45.10
000615     45.08   45.09
000616     45.07   45.09
000617     45.07   45.09
000618     45.06   45.08
000619     45.06   45.08
000620     45.06   45.08
000621     45.06   45.08
000622     45.06   45.08
000623     45.06   45.08
000624     45.05   45.07
000625     45.05   45.07
000626     45.05   45.07
000627     45.04   45.06
000628     45.04   45.06
000629     45.03   45.06
000630     45.03   45.05
000631     45.03   45.05
000632     45.03   45.05
000633     45.03   45.04
000634     45.01   45.04
000635     45.01   45.04
000636     45.01   45.04
000637     45.01   45.03
000638     45.01   45.03
000639     45.00   45.03
000640     45.00   45.02
000641     45.00   45.02
000642     44.99   45.01
000643     44.98   45.01
000644     44.98   45.00
000645     44.98   45.00
000646     44.98   44.99
000647     44.97   44.99
000648     44.97   44.99
000649     44.96   44.98
000650     44.95   44.98
000651     44.95   44.97
000652     44.95   44.97
000653     44.94   44.96
000654     44.94   44.96
000655     44.93   44.95
000656     44.92   44.95
000657     44.92   44.94
000658     44.92   44.94
000659     44.91   44.93
000660     44.91   44.93
000661     44.91   44.93
000662     44.91   44.92
000663     44.90   44.92
000664     44.90   44.92
000665     44.89   44.91
000666     44.88   44.91
000667     44.88   44.91
000668     44.88   44.90
000669     44.88   44.90
000670     44.87   44.90
000671     44.87   44.89
000672     44.86   44.89
000673     44.86   44.88
000674     44.86   44.88
000675     44.85   44.88
000676     44.85   44.87
000677     44.85   44.87
000678     44.84   44.86
000679     44.83   44.86
000680     44.83   44.86
000681     44.83   44.85
000682     44.81   44.85
000683     44.81   44.85
000684     44.81   44.84
000685     44.81   44.83
000686     44.81   44.83
000687     44.81   44.82
000688     44.80   44.82
000689     44.80   44.82
000690     44.79   44.81
000691     44.79   44.81
000692     44.79   44.81
000693     44.78   44.80
000694     44.78   44.80
000695     44.77   44.79
000696     44.77   44.79
000697     44.76   44.78
000698     44.76   44.78
000699     44.75   44.78
000700     44.75   44.77
000701     44.75   44.77
000702     44.74   44.76
000703     44.73   44.76
000704     44.73   44.75
000705     44.72   44.75
000706     44.71   44.75
000707     44.71   44.74
000708     44.70   44.74
000709     44.70   44.73
000710     44.70   44.73
000711     44.69   44.72
000712     44.68   44.71
000713     44.68   44.71
000714     44.68   44.71
000715     44.67   44.70
000716     44.67   44.70
000717     44.66   44.69
000718     44.65   44.69
000719     44.65   44.69
000720     44.64   44.68
000721     44.64   44.67
000722     44.64   44.67
000723     44.63   44.67
000724     44.63   44.66
000725     44.63   44.66
000726     44.62   44.66
000727     44.62   44.65
000728     44.62   44.64
000729     44.60   44.64
000730     44.60   44.63
000731     44.59   44.63
000732     44.59   44.62
000733     44.59   44.62
000734     44.59   44.62
000735     44.58   44.61
000736     44.58   44.60
000737     44.57   44.60
000738     44.56   44.59
000739     44.55   44.59
000740     44.55   44.59
000741     44.55   44.59
000742     44.55   44.58
000743     44.55   44.58
000744     44.55   44.57
000745     44.55   44.57
000746     44.54   44.57
000747     44.53   44.56
000748     44.53   44.56
000749     44.53   44.55
000750     44.52   44.55
000751     44.51   44.55
000752     44.51   44.54
000753     44.51   44.54
000754     44.51   44.53
000755     44.50   44.53
000756     44.49   44.52
000757     44.48   44.52
000758     44.48   44.51
000759     44.48   44.51
000760     44.47   44.50
000761     44.46   44.49
000762     44.46   44.49
000763     44.45   44.48
000764     44.45   44.48
000765     44.45   44.48
000766     44.44   44.47
000767     44.44   44.47
000768     44.43   44.47
000769     44.42   44.46
000770     44.42   44.46
000771     44.42   44.45
000772     44.41   44.45
000773     44.41   44.44
000774     44.40   44.43
000775     44.39   44.43
000776     44.39   44.43
000777     44.39   44.42
000778     44.38   44.42
000779     44.38   44.41
000780     44.38   44.41
000781     44.37   44.40
000782     44.37   44.39
000783     44.36   44.39
000784     44.35   44.38
000785     44.35   44.38
000786     44.35   44.37
000787     44.35   44.37
000788     44.34   44.37
000789     44.33   44.37
000790     44.33   44.36
000791     44.32   44.36
000792     44.32   44.35
000793     44.31   44.35
000794     44.31   44.34
000795     44.31   44.34
000796     44.29   44.33
000797     44.28   44.32
000798     44.28   44.32
000799     44.28   44.31
000800     44.27   44.30
000801     44.26   44.30
000802     44.26   44.29
000803     44.26   44.29
000804     44.26   44.29
000805     44.26   44.28
000806     44.25   44.28
000807     44.23   44.27
000808     44.23   44.27
000809     44.22   44.26
000810     44.22   44.26
000811     44.22   44.26
000812     44.21   44.25
000813     44.21   44.24
000814     44.21   44.24
000815     44.20   44.23
000816     44.20   44.23
000817     44.18   44.22
000818     44.18   44.22
000819     44.18   44.21
000820     44.17   44.20
000821     44.17   44.20
000822     44.17   44.20
000823     44.17   44.20
000824     44.17   44.20
000825     44.15   44.19
000826     44.14   44.18
000827     44.14   44.17
000828     44.13   44.16
000829     44.13   44.16
000830     44.12   44.16
000831     44.12   44.15
000832     44.12   44.15
000833     44.11   44.14
000834     44.10   44.14
000835     44.09   44.13
000836     44.08   44.12
000837     44.07   44.11
000838     44.06   44.10
000839     44.05   44.09
000840     44.05   44.09
000841     44.04   44.09
000842     44.04   44.08
000843     44.04   44.07
000844     44.03   44.06
000845     44.02   44.06
000846     44.01   44.05
000847     44.01   44.05
000848     44.00   44.04
000849     44.00   44.04
000850     43.98   44.03
000851     43.98   44.02
000852     43.98   44.02
000853     43.98   44.02
000854     43.98   44.02
000855     43.97   44.01
000856     43.96   44.01
000857     43.96   44.00
000858     43.95   43.99
000859     43.95   43.98
000860     43.95   43.98
000861     43.95   43.97
000862     43.93   43.97
000863     43.93   43.96
000864     43.93   43.96
000865     43.91   43.95
000866     43.91   43.95
000867     43.91   43.94
000868     43.90   43.94
000869     43.90   43.93
000870     43.89   43.93
000871     43.89   43.93
000872     43.88   43.92
000873     43.88   43.92
000874     43.87   43.91
000875     43.87   43.91
000876     43.87   43.90
000877     43.86   43.89
000878     43.85   43.89
000879     43.85   43.88
000880     43.83   43.87
000881     43.83   43.87
000882     43.81   43.86
000883     43.81   43.85
000884     43.81   43.85
000885     43.80   43.84
000886     43.79   43.84
000887     43.79   43.83
000888     43.78   43.83
000889     43.78   43.82
000890     43.77   43.82
000891     43.77   43.81
000892     43.76   43.81
000893     43.76   43.79
000894     43.76   43.79
000895     43.75   43.79
000896     43.75   43.78
000897     43.74   43.77
000898     43.74   43.77
000899     43.74   43.77
000900     43.73   43.76
000901     43.73   43.76
000902     43.73   43.75
000903     43.72   43.75
000904     43.71   43.75
000905     43.71   43.74
000906     43.69   43.74
000907     43.69   43.74
000908     43.69   43.73
000909     43.69   43.72
000910     43.68   43.72
000911     43.67   43.71
000912     43.67   43.71
000913     43.66   43.70
000914     43.66   43.70
000915     43.65   43.70
000916     43.65   43.69
000917     43.65   43.69
000918     43.64   43.69
000919     43.64   43.68
000920     43.64   43.67
000921     43.63   43.67
000922     43.63   43.66
000923     43.62   43.66
000924     43.62   43.65
000925     43.62   43.65
000926     43.61   43.65
000927     43.60   43.64
000928     43.60   43.64
000929     43.59   43.63
000930     43.59   43.63
000931     43.59   43.62
000932     43.58   43.62
000933     43.57   43.61
000934     43.57   43.61
000935     43.56   43.60
000936     43.55   43.60
000937     43.55   43.59
000938     43.54   43.59
000939     43.54   43.59
000940     43.54   43.58
000941     43.53   43.58
000942     43.52   43.57
000943     43.51   43.56
000944     43.51   43.55
000945     43.51   43.55
000946     43.50   43.54
000947     43.50   43.54
000948     43.50   43.54
000949     43.50   43.53
000950     43.49   43.53
000951     43.49   43.52
000952     43.48   43.52
000953     43.47   43.52
000954     43.47   43.51
000955     43.46   43.50
000956     43.45   43.50
000957     43.45   43.49
000958     43.44   43.49
000959     43.44   43.48
000960     43.44   43.48
000961     43.42   43.47
000962     43.42   43.46
000963     43.41   43.45
000964     43.41   43.45
000965     43.41   43.44
000966     43.40   43.44
000967     43.40   43.43
000968     43.39   43.42
000969     43.38   43.42
000970     43.38   43.41
000971     43.36   43.41
000972     43.36   43.40
000973     43.35   43.40
000974     43.35   43.39
000975     43.34   43.38
000976     43.34   43.38
000977     43.34   43.37
000978     43.33   43.37
000979     43.33   43.36
000980     43.31   43.36
000981     43.31   43.35
000982     43.31   43.35
000983     43.31   43.34
000984     43.31   43.34
000985     43.29   43.34
000986     43.28   43.33
000987     43.28   43.33
000988     43.26   43.33
000989     43.26   43.32
000990     43.26   43.31
000991     43.26   43.30
000992     43.25   43.30
000993     43.25   43.29
000994     43.24   43.29
000995     43.24   43.28
000996     43.24   43.28
000997     43.22   43.27
000998     43.22   43.27
000999     43.20   43.26
001000     43.20   43.25
001001     43.19   43.24
001002     43.19   43.23
001003     43.19   43.22
001004     43.17   43.22
001005     43.17   43.22
001006     43.17   43.21
001007     43.16   43.20
001008     43.16   43.20
001009     43.16   43.20
001010     43.14   43.19
001011     43.14   43.18
001012     43.14   43.18
001013     43.13   43.18
001014     43.13   43.18
001015     43.13   43.17
001016     43.12   43.16
001017     43.12   43.16
001018     43.12   43.16
001019     43.11   43.15
001020     43.10   43.14
001021     43.10   43.14
001022     43.09   43.13
001023     43.09   43.13
001024     43.09   43.13
001025     43.08   43.12
001026     43.08   43.12
001027     43.08   43.12
001028     43.08   43.11
001029     43.07   43.10
001030     43.05   43.10
001031     43.04   43.09
001032     43.04   43.09
001033     43.04   43.08
001034     43.02   43.07
001035     43.00   43.07
001036     43.00   43.06
001037     43.00   43.06
001038     43.00   43.06
001039     43.00   43.05
001040     43.00   43.05
001041     43.00   43.04
001042     42.99   43.04
001043     42.99   43.03
001044     42.99   43.03
001045     42.98   43.02
001046     42.98   43.02
001047     42.96   43.01
001048     42.96   43.01
001049     42.95   43.00
001050     42.94   43.00
001051     42.94   42.99
001052     42.94   42.99
001053     42.93   42.98
001054     42.92   42.97
001055     42.92   42.97
001056     42.92   42.96
001057     42.92   42.96
001058     42.92   42.96
001059     42.91   42.95
001060     42.91   42.95
001061     42.91   42.94
001062     42.90   42.95
001063     42.90   42.94
001064     42.89   42.93
001065     42.89   42.92
001066     42.88   42.92
001067     42.87   42.91
001068     42.87   42.90
001069     42.86   42.90
001070     42.86   42.89
001071     42.86   42.89
001072     42.85   42.89
001073     42.84   42.88
001074     42.84   42.88
001075     42.84   42.88
001076     42.82   42.87
001077     42.82   42.87
001078     42.82   42.86
001079     42.82   42.86
001080     42.81   42.85
001081     42.81   42.85
001082     42.80   42.85
001083     42.79   42.84
001084     42.79   42.84
001085     42.78   42.84
001086     42.78   42.83
001087     42.78   42.83
001088     42.78   42.82
001089     42.76   42.82
001090     42.76   42.81
001091     42.76   42.81
001092     42.76   42.80
001093     42.76   42.80
001094     42.74   42.79
001095     42.74   42.79
001096     42.73   42.78
001097     42.73   42.78
001098     42.72   42.77
001099     42.72   42.76
001100     42.72   42.76
001101     42.72   42.76
001102     42.71   42.75
001103     42.70   42.75
001104     42.70   42.75
001105     42.70   42.74
001106     42.69   42.74
001107     42.69   42.73
001108     42.69   42.74
001109     42.68   42.73
001110     42.68   42.73
001111     42.67   42.72
001112     42.67   42.71
001113     42.66   42.71
001114     42.66   42.70
001115     42.66   42.69
001116     42.66   42.69
001117     42.66   42.69
001118     42.65   42.68
001119     42.65   42.68
001120     42.64   42.68
001121     42.63   42.67
001122     42.62   42.67
001123     42.61   42.67
001124     42.61   42.66
001125     42.61   42.66
001126     42.61   42.65
001127     42.61   42.65
001128     42.60   42.64
001129     42.59   42.63
001130     42.59   42.63
001131     42.59   42.63
001132     42.58   42.62
001133     42.58   42.61
001134     42.57   42.61
001135     42.56   42.60
001136     42.56   42.60
001137     42.55   42.59
001138     42.54   42.59
001139     42.53   42.58
001140     42.53   42.57
001141     42.52   42.57
001142     42.52   42.56
001143     42.52   42.56
001144     42.50   42.55
001145     42.49   42.55
001146     42.49   42.54
001147     42.49   42.54
001148     42.49   42.53
001149     42.48   42.53
001150     42.47   42.52
001151     42.47   42.51
001152     42.47   42.51
001153     42.46   42.51
001154     42.46   42.51
001155     42.46   42.50
001156     42.45   42.50
001157     42.45   42.49
001158     42.45   42.50
001159     42.45   42.49
001160     42.45   42.49
001161     42.45   42.49
001162     42.44   42.48
001163     42.42   42.48
001164     42.42   42.47
001165     42.42   42.47
001166     42.41   42.47
001167     42.41   42.46
001168     42.41   42.45
001169     42.41   42.45
001170     42.40   42.45
001171     42.40   42.44
001172     42.40   42.44
001173     42.40   42.43
001174     42.39   42.43
001175     42.38   42.42
001176     42.38   42.42
001177     42.37   42.42
001178     42.36   42.41
001179     42.36   42.41
001180     42.36   42.41
001181     42.36   42.40
001182     42.36   42.40
001183     42.35   42.40
001184     42.35   42.39
001185     42.35   42.39
001186     42.34   42.38
001187     42.32   42.38
001188     42.32   42.37
001189     42.32   42.37
001190     42.32   42.37
001191     42.32   42.36
001192     42.32   42.36
001193     42.32   42.35
001194     42.31   42.35
001195     42.30   42.35
001196     42.30   42.35
001197     42.30   42.34
001198     42.28   42.34
001199     42.28   42.34
001200     42.28   42.34
001201     42.28   42.33
001202     42.28   42.32
001203     42.28   42.32
001204     42.27   42.32
001205     42.27   42.32
001206     42.27   42.32
001207     42.27   42.31
001208     42.27   42.31
001209     42.26   42.31
001210     42.25   42.30
001211     42.25   42.30
001212     42.25   42.29
001213     42.25   42.29
001214     42.25   42.29
001215     42.25   42.29
001216     42.24   42.28
001217     42.24   42.28
001218     42.23   42.28
001219     42.23   42.28
001220     42.23   42.28
001221     42.22   42.27
001222     42.21   42.27
001223     42.21   42.26
001224     42.21   42.25
001225     42.21   42.25
001226     42.19   42.24
001227     42.19   42.24
001228     42.18   42.24
001229     42.18   42.23
001230     42.18   42.23
001231     42.18   42.22
001232     42.18   42.22
001233     42.18   42.22
001234     42.18   42.22
001235     42.18   42.21
001236     42.17   42.21
001237     42.17   42.21
001238     42.16   42.21
001239     42.15   42.20
001240     42.15   42.19
001241     42.15   42.19
001242     42.15   42.19
001243     42.14   42.18
001244     42.14   42.18
001245     42.14   42.17
001246     42.14   42.17
001247     42.14   42.17
001248     42.14   42.17
001249     42.13   42.17
001250     42.13   42.17
001251     42.12   42.16
001252     42.12   42.16
001253     42.12   42.15
001254     42.12   42.15
001255     42.12   42.15
001256     42.11   42.15
001257     42.10   42.14
001258     42.10   42.14
001259     42.09   42.14
001260     42.09   42.13
001261     42.09   42.13
001262     42.09   42.13
001263     42.09   42.12
001264     42.09   42.12
001265     42.08   42.12
001266     42.08   42.12
001267     42.07   42.11
001268     42.07   42.11
001269     42.07   42.11
001270     42.07   42.11
001271     42.07   42.11
001272     42.06   42.10
001273     42.06   42.10
001274     42.06   42.10
001275     42.06   42.10
001276     42.06   42.10
001277     42.06   42.10
001278     42.06   42.10
001279     42.06   42.10
001280     42.05   42.09
001281     42.05   42.09
001282     42.04   42.09
001283     42.03   42.08
001284     42.03   42.07
001285     42.03   42.07
001286     42.03   42.06
001287     42.01   42.06
001288     42.01   42.05
001289     42.01   42.05
001290     42.01   42.05
001291     42.01   42.05
001292     42.01   42.05
001293     42.01   42.04
001294     42.01   42.04
001295     42.00   42.04
001296     42.00   42.03
001297     42.00   42.03
001298     41.99   42.03
001299     41.99   42.03
001300     41.99   42.03
001301     41.98   42.03
001302     41.98   42.03
001303     41.98   42.02
001304     41.98   42.02
001305     41.98   42.02
001306     41.97   42.01
001307     41.97   42.01
001308     41.97   42.01
001309     41.97   42.00
001310     41.96   42.01
001311     41.96   42.00
001312     41.96   42.00
001313     41.95   42.00
001314     41.95   42.00
001315     41.95   41.99
001316     41.94   41.98
001317     41.94   41.98
001318     41.94   41.98
001319     41.93   41.97
001320     41.93   41.97
001321     41.93   41.97
001322     41.93   41.97
001323     41.93   41.97
001324     41.93   41.96
001325     41.92   41.96
001326     41.91   41.96
001327     41.91   41.95
001328     41.90   41.94
001329     41.90   41.94
001330     41.89   41.94
001331     41.89   41.93
001332     41.89   41.93
001333     41.89   41.93
001334     41.89   41.93
001335     41.89   41.93
001336     41.88   41.93
001337     41.88   41.93
001338     41.87   41.93
001339     41.87   41.92
001340     41.87   41.92
001341     41.87   41.92
001342     41.87   41.92
001343     41.87   41.91
001344     41.86   41.91
001345     41.86   41.90
001346     41.86   41.89
001347     41.85   41.89
001348     41.85   41.88
001349     41.85   41.88
001350     41.84   41.88
001351     41.84   41.88
001352     41.84   41.88
001353     41.83   41.88
001354     41.83   41.88
001355     41.83   41.88
001356     41.83   41.87
001357     41.83   41.87
001358     41.83   41.87
001359     41.83   41.87
001360     41.83   41.87
001361     41.83   41.87
001362     41.83   41.87
001363     41.83   41.87
001364     41.83   41.87
001365     41.83   41.86
001366     41.83   41.86
001367     41.83   41.86
001368     41.83   41.86
001369     41.83   41.86
001370     41.83   41.86
001371     41.83   41.86
001372     41.83   41.86
001373     41.83   41.86
001374     41.82   41.85
001375     41.82   41.86
001376     41.82   41.86
001377     41.82   41.86
001378     41.82   41.85
001379     41.82   41.85
001380     41.80   41.85
001381     41.80   41.85
001382     41.80   41.84
001383     41.80   41.84
001384     41.80   41.84
001385     41.80   41.84
001386     41.80   41.84
001387     41.80   41.84
001388     41.80   41.83
001389     41.80   41.83
001390     41.80   41.83
001391     41.80   41.83
001392     41.79   41.82
001393     41.79   41.83
001394     41.79   41.83
001395     41.79   41.83
001396     41.79   41.83
001397     41.79   41.83
001398     41.79   41.83
001399     41.79   41.83
001400     41.79   41.82
001401     41.79   41.82
001402     41.79   41.83
001403     41.79   41.82
001404     41.79   41.83
001405     41.79   41.83
001406     41.79   41.83
001407     41.79   41.82
001408     41.79   41.82
001409     41.79   41.82
001410     41.78   41.82
001411     41.78   41.82
001412     41.78   41.82
001413     41.76   41.81
001414     41.76   41.81
001415     41.76   41.81
001416     41.76   41.81
001417     41.76   41.81
001418     41.76   41.82
001419     41.76   41.81
001420     41.76   41.81
001421     41.76   41.81
001422     41.76   41.81
001423     41.76   41.80
001424     41.76   41.80
001425     41.76   41.80
001426     41.76   41.80
001427     41.76   41.80
001428     41.76   41.79
001429     41.76   41.79
001430     41.76   41.79
001431     41.76   41.79
001432     41.76   41.79
001433     41.76   41.79
001434     41.76   41.79
001435     41.76   41.79
001436     41.75   41.79
001437     41.75   41.79
001438     41.75   41.79
001439     41.75   41.79
001440     41.75   41.79
001441     41.75   41.78
001442     41.75   41.78
001443     41.75   41.78
001444     41.75   41.78
001445     41.75   41.78
001446     41.75   41.78
001447     41.75   41.78
001448     41.75   41.78
001449     41.75   41.78
001450     41.75   41.78
001451     41.74   41.78
001452     41.74   41.78
001453     41.74   41.78
001454     41.74   41.78
001455     41.74   41.77
001456     41.73   41.77
001457     41.73   41.77
001458     41.73   41.77
001459     41.73   41.77
001460     41.73   41.77
001461     41.73   41.77
001462     41.73   41.77
001463     41.73   41.77
001464     41.72   41.77
001465     41.72   41.77
001466     41.72   41.77
001467     41.72   41.76
001468     41.72   41.76
001469     41.72   41.76
001470     41.72   41.76
001471     41.72   41.76
001472     41.72   41.76
001473     41.72   41.76
001474     41.71   41.75
001475     41.71   41.75
001476     41.71   41.74
001477     41.71   41.74
001478     41.71   41.74
001479     41.71   41.74
001480     41.71   41.74
001481     41.71   41.74
001482     41.71   41.75
001483     41.71   41.74
001484     41.71   41.74
001485     41.71   41.74
001486     41.71   41.74
001487     41.70   41.74
001488     41.70   41.74
001489     41.70   41.74
001490     41.70   41.74
001491     41.70   41.74
001492     41.70   41.74
001493     41.70   41.74
001494     41.70   41.73
001495     41.70   41.73
001496     41.70   41.73
001497     41.70   41.73
001498     41.70   41.73
001499     41.70   41.73
001500     41.70   41.73
001501     41.70   41.73
001502     41.70   41.73
001503     41.69   41.73
001504     41.69   41.73
001505     41.69   41.73
001506     41.69   41.73
001507     41.69   41.73
001508     41.69   41.73
001509     41.69   41.73
001510     41.69   41.73
001511     41.68   41.73
001512     41.68   41.72
001513     41.68   41.72
001514     41.68   41.72
001515     41.68   41.72
001516     41.68   41.72
001517     41.68   41.71
001518     41.68   41.71
001519     41.68   41.71
001520     41.68   41.71
001521     41.68   41.71
001522     41.68   41.71
001523     41.68   41.71
001524     41.68   41.71
001525     41.68   41.71
001526     41.68   41.71
001527     41.67   41.71
001528     41.67   41.71
001529     41.67   41.71
001530     41.67   41.71
001531     41.66   41.71
001532     41.66   41.70
001533     41.66   41.70
001534     41.66   41.70
001535     41.66   41.69
001536     41.66   41.69
001537     41.66   41.69
001538     41.66   41.69
001539     41.65   41.69
001540     41.65   41.69
001541     41.65   41.68
001542     41.65   41.68
001543     41.65   41.68
001544     41.65   41.68
001545     41.65   41.68
001546     41.65   41.68
001547     41.65   41.68
001548     41.65   41.68
001549     41.65   41.68
001550     41.65   41.68
001551     41.64   41.68
001552     41.64   41.68
001553     41.64   41.68
001554     41.64   41.68
001555     41.64   41.68
001556     41.64   41.67
001557     41.64   41.67
001558     41.64   41.67
001559     41.64   41.67
001560     41.63   41.67
001561     41.63   41.66
001562     41.63   41.66
001563     41.63   41.66
001564     41.63   41.67
001565     41.63   41.66
001566     41.62   41.66
001567     41.62   41.66
001568     41.62   41.66
001569     41.62   41.66
001570     41.62   41.66
001571     41.62   41.66
001572     41.62   41.66
001573     41.62   41.66
001574     41.62   41.66
001575     41.62   41.66
001576     41.62   41.66
001577     41.62   41.66
001578     41.62   41.66
001579     41.62   41.66
001580     41.62   41.66
001581     41.62   41.66
001582     41.61   41.65
001583     41.61   41.65
001584     41.61   41.65
001585     41.61   41.65
001586     41.61   41.65
001587     41.61   41.65
001588     41.61   41.65
001589     41.61   41.64
001590     41.61   41.65
001591     41.61   41.65
001592     41.61   41.65
001593     41.61   41.64
001594     41.61   41.64
001595     41.61   41.64
001596     41.61   41.64
001597     41.61   41.65
001598     41.61   41.64
001599     41.61   41.65
001600     41.61   41.65
001601     41.61   41.65
001602     41.61   41.65
001603     41.61   41.65
001604     41.61   41.65
001605     41.61   41.65
001606     41.61   41.65
001607     41.61   41.65
001608     41.61   41.65
001609     41.61   41.64
001610     41.61   41.64
001611     41.61   41.64
001612     41.61   41.64
001613     41.60   41.64
001614     41.60   41.64
001615     41.60   41.64
001616     41.60   41.64
001617     41.60   41.64
001618     41.60   41.64
001619     41.60   41.64
001620     41.60   41.64
001621     41.60   41.64
001622     41.60   41.64
001623     41.60   41.65
001624     41.60   41.65
001625     41.60   41.65
001626     41.60   41.65
001627     41.60   41.64
001628     41.60   41.64
001629     41.60   41.64
001630     41.60   41.63
001631     41.59   41.63
001632     41.59   41.63
001633     41.59   41.63
001634     41.59   41.63
001635     41.59   41.63
001636     41.59   41.63
001637     41.59   41.62
001638     41.59   41.62
001639     41.59   41.63
001640     41.59   41.63
001641     41.59   41.63
001642     41.59   41.63
001643     41.59   41.63
001644     41.59   41.63
001645     41.59   41.63
001646     41.59   41.63
001647     41.59   41.62
001648     41.59   41.62
001649     41.59   41.62
001650     41.59   41.63
001651     41.59   41.63
001652     41.59   41.63
001653     41.59   41.62
001654     41.59   41.62
001655     41.59   41.62
001656     41.59   41.62
001657     41.59   41.62
001658     41.58   41.62
001659     41.58   41.62
001660     41.58   41.62
001661     41.58   41.62
001662     41.58   41.62
001663     41.58   41.62
001664     41.58   41.62
001665     41.58   41.62
001666     41.58   41.62
001667     41.58   41.62
001668     41.58   41.62
001669     41.58   41.61
001670     41.58   41.61
001671     41.57   41.61
001672     41.57   41.61
001673     41.57   41.61
001674     41.57   41.60
001675     41.57   41.60
001676     41.57   41.61
001677     41.57   41.60
001678     41.57   41.60
001679     41.57   41.61
001680     41.57   41.61
001681     41.57   41.60
001682     41.57   41.60
001683     41.56   41.60
001684     41.56   41.60
001685     41.56   41.60
001686     41.56   41.60
001687     41.56   41.60
001688     41.56   41.60
001689     41.56   41.60
001690     41.56   41.60
001691     41.56   41.60
001692     41.56   41.60
001693     41.56   41.60
001694     41.56   41.60
001695     41.56   41.59
001696     41.56   41.60
001697     41.56   41.60
001698     41.56   41.60
001699     41.56   41.59
001700     41.56   41.59
001701     41.56   41.59
001702     41.56   41.59
001703     41.56   41.59
001704     41.55   41.59
001705     41.55   41.59
001706     41.55   41.59
001707     41.55   41.59
001708     41.55   41.59
001709     41.55   41.59
001710     41.55   41.59
001711     41.55   41.59
001712     41.55   41.58
001713     41.55   41.58
001714     41.55   41.59
001715     41.55   41.59
001716     41.55   41.59
001717     41.55   41.59
001718     41.55   41.58
001719     41.55   41.58
001720     41.55   41.58
001721     41.55   41.58
001722     41.54   41.58
001723     41.54   41.57
001724     41.54   41.58
001725     41.54   41.58
001726     41.54   41.58
001727     41.54   41.58
001728     41.54   41.58
001729     41.54   41.58
001730     41.54   41.58
001731     41.54   41.58
001732     41.54   41.58
001733     41.54   41.58
001734     41.54   41.58
001735     41.54   41.58
001736     41.54   41.59
001737     41.54   41.58
001738     41.54   41.58
001739     41.54   41.58
001740     41.54   41.58
001741     41.54   41.58
001742     41.54   41.58
001743     41.54   41.58
001744     41.54   41.58
001745     41.54   41.58
001746     41.54   41.58
001747     41.54   41.57
001748     41.54   41.57
001749     41.54   41.57
001750     41.54   41.57
001751     41.53   41.57
001752     41.53   41.57
001753     41.53   41.57
001754     41.53   41.57
001755     41.53   41.57
001756     41.53   41.57
001757     41.53   41.57
001758     41.53   41.57
001759     41.53   41.57
001760     41.53   41.57
001761     41.53   41.57
001762     41.53   41.57
001763     41.53   41.56
001764     41.53   41.56
001765     41.53   41.56
001766     41.53   41.56
001767     41.53   41.56
001768     41.53   41.56
001769     41.53   41.56
001770     41.53   41.56
001771     41.53   41.56
001772     41.53   41.56
001773     41.53   41.56
001774     41.53   41.56
001775     41.53   41.56
001776     41.53   41.56
001777     41.53   41.56
001778     41.53   41.56
001779     41.53   41.56
001780     41.53   41.56
001781     41.53   41.56
001782     41.53   41.56
001783     41.53   41.56
001784     41.53   41.56
001785     41.53   41.56
001786     41.53   41.56
001787     41.53   41.56
001788     41.53   41.56
001789     41.53   41.56
001790     41.53   41.56
001791     41.53   41.56
001792     41.53   41.56
001793     41.53   41.57
001794     41.53   41.56
001795     41.53   41.56
001796     41.53   41.57
001797     41.53   41.57
001798     41.53   41.57
001799     41.53   41.57
001800     41.53   41.57
001801     41.53   41.57
001802     41.53   41.57
001803     41.53   41.57
001804     41.53   41.57
001805     41.53   41.57
001806     41.53   41.57
001807     41.53   41.57
001808     41.53   41.56
001809     41.53   41.57
001810     41.53   41.57
001811     41.53   41.57
001812     41.53   41.57
001813     41.53   41.56
001814     41.53   41.56
001815     41.53   41.56
001816     41.53   41.56
001817     41.53   41.56
001818     41.52   41.56
001819     41.52   41.56
001820     41.52   41.56
001821     41.52   41.56
001822     41.52   41.56
001823     41.52   41.55
001824     41.52   41.56
001825     41.52   41.56
001826     41.52   41.55
001827     41.52   41.55
001828     41.52   41.55
001829     41.52   41.56
001830     41.52   41.56
001831     41.52   41.56
001832     41.52   41.56
001833     41.52   41.56
001834     41.52   41.56
001835     41.52   41.56
001836     41.52   41.56
001837     41.52   41.56
001838     41.52   41.56
001839     41.52   41.56
001840     41.52   41.57
001841     41.52   41.57
001842     41.52   41.57
001843     41.52   41.57
001844     41.52   41.57
001845     41.52   41.57
001846     41.52   41.56
001847     41.52   41.56
001848     41.52   41.56
001849     41.52   41.56
001850     41.52   41.56
001851     41.52   41.56
001852     41.52   41.56
001853     41.52   41.56
001854     41.52   41.55
001855     41.52   41.55
001856     41.52   41.55
001857     41.52   41.56
001858     41.52   41.55
001859     41.52   41.55
001860     41.52   41.55
001861     41.52   41.55
001862     41.52   41.55
001863     41.52   41.55
001864     41.52   41.55
001865     41.52   41.55
001866     41.52   41.56
001867     41.52   41.55
001868     41.52   41.55
001869     41.52   41.55
001870     41.52   41.56
001871     41.52   41.56
001872     41.52   41.56
001873     41.52   41.56
001874     41.52   41.56
001875     41.52   41.56
001876     41.52   41.56
001877     41.52   41.56
001878     41.52   41.57
001879     41.52   41.56
001880     41.52   41.56
001881     41.52   41.56
001882     41.52   41.56
001883     41.52   41.56
001884     41.52   41.56
001885     41.52   41.56
001886     41.52   41.56
001887     41.52   41.56
001888     41.52   41.56
001889     41.52   41.55
001890     41.52   41.55
001891     41.52   41.55
001892     41.52   41.56
001893     41.52   41.56
001894     41.52   41.56
001895     41.52   41.56
001896     41.52   41.56
001897     41.52   41.56
001898     41.52   41.56
001899     41.52   41.56
001900     41.52   41.56
001901     41.52   41.56
001902     41.52   41.56
001903     41.52   41.56
001904     41.52   41.56
001905     41.52   41.56
001906     41.52   41.56
001907     41.52   41.56
001908     41.52   41.56
001909     41.52   41.56
001910     41.52   41.56
001911     41.52   41.56
001912     41.52   41.56
001913     41.52   41.56
001914     41.52   41.56
001915     41.52   41.56
001916     41.52   41.56
001917     41.52   41.56
001918     41.52   41.56
001919     41.52   41.56
001920     41.52   41.56
001921     41.52   41.56
001922     41.52   41.56
001923     41.52   41.56
001924     41.52   41.56
001925     41.52   41.56
001926     41.52   41.56
001927     41.52   41.56
001928     41.52   41.56
001929     41.52   41.56
001930     41.52   41.55
001931     41.52   41.56
001932     41.52   41.56
001933     41.52   41.56
001934     41.52   41.56
001935     41.52   41.56
001936     41.52   41.56
001937     41.52   41.56
001938     41.52   41.56
001939     41.52   41.56
001940     41.52   41.56
001941     41.52   41.57
001942     41.52   41.57
001943     41.52   41.57
001944     41.52   41.57
001945     41.52   41.57
001946     41.52   41.57
001947     41.52   41.57
001948     41.52   41.57
001949     41.52   41.57
001950     41.52   41.57
001951     41.52   41.57
001952     41.52   41.56
001953     41.52   41.56
001954     41.52   41.56
001955     41.52   41.56
001956     41.52   41.56
001957     41.52   41.56
001958     41.52   41.56
001959     41.52   41.56
001960     41.52   41.56
001961     41.52   41.56
001962     41.52   41.56
001963     41.52   41.56
001964     41.52   41.56
001965     41.52   41.56
001966     41.52   41.56
001967     41.52   41.56
001968     41.52   41.56
001969     41.52   41.55
001970     41.52   41.55
001971     41.52   41.55
001972     41.52   41.55
001973     41.52   41.55
001974     41.52   41.55
001975     41.52   41.55
001976     41.52   41.55
001977     41.52   41.55
001978     41.52   41.55
001979     41.52   41.55
001980     41.52   41.55
001981     41.52   41.55
001982     41.52   41.56
001983     41.52   41.56
001984     41.52   41.56
001985     41.52   41.56
001986     41.52   41.56
001987     41.52   41.56
001988     41.52   41.56
001989     41.52   41.56
001990     41.52   41.56
001991     41.52   41.56
001992     41.52   41.56
001993     41.52   41.56
001994     41.52   41.56
001995     41.52   41.56
001996     41.52   41.56
001997     41.52   41.56
001998     41.52   41.56
001999     41.52   41.55
002000     41.52   41.55
002001     41.52   41.56
002002     41.52   41.55
002003     41.52   41.56
002004     41.52   41.56
002005     41.52   41.56
002006     41.52   41.56
002007     41.52   41.56
002008     41.52   41.56
002009     41.52   41.56
002010     41.52   41.56
002011     41.52   41.56
002012     41.52   41.56
002013     41.52   41.56
002014     41.52   41.56
002015     41.52   41.56
002016     41.52   41.56
002017     41.52   41.56
002018     41.52   41.56
002019     41.52   41.56
002020     41.52   41.56
002021     41.52   41.56
002022     41.52   41.56
002023     41.52   41.56
002024     41.52   41.56
002025     41.52   41.56
002026     41.52   41.56
002027     41.52   41.56
002028     41.52   41.56
002029     41.52   41.56
002030     41.52   41.56
002031     41.52   41.56
002032     41.52   41.56
002033     41.52   41.56
002034     41.52   41.56
002035     41.52   41.56
002036     41.52   41.56
002037     41.52   41.56
002038     41.52   41.56
002039     41.52   41.56
002040     41.52   41.56
002041     41.52   41.56
002042     41.52   41.56
002043     41.52   41.56
002044     41.52   41.56
002045     41.52   41.56
002046     41.52   41.55
002047     41.52   41.56
002048     41.52   41.56
002049     41.52   41.55
002050     41.52   41.56
002051     41.52   41.55
002052     41.52   41.56
002053     41.52   41.55
002054     41.52   41.55
002055     41.52   41.55
002056     41.52   41.55
002057     41.52   41.55
002058     41.52   41.55
002059     41.52   41.55
002060     41.52   41.55
002061     41.52   41.56
002062     41.52   41.55
002063     41.52   41.55
002064     41.52   41.55
002065     41.52   41.55
002066     41.52   41.55
002067     41.52   41.55
002068     41.52   41.55
002069     41.52   41.55
002070     41.52   41.55
002071     41.52   41.54
002072     41.52   41.55
002073     41.52   41.55
002074     41.52   41.55
002075     41.52   41.55
002076     41.51   41.55
002077     41.51   41.55
002078     41.51   41.55
002079     41.51   41.55
002080     41.51   41.55
002081     41.51   41.55
002082     41.51   41.55
002083     41.51   41.55
002084     41.51   41.55
002085     41.51   41.55
002086     41.51   41.55
002087     41.51   41.55
002088     41.51   41.55
002089     41.51   41.55
002090     41.51   41.55
002091     41.51   41.55
002092     41.51   41.55
002093     41.51   41.55
002094     41.51   41.55
002095     41.51   41.55
002096     41.51   41.55
002097     41.51   41.56
002098     41.51   41.56
002099     41.51   41.55
002100     41.51   41.55
002101     41.51   41.55
002102     41.51   41.55
002103     41.51   41.55
002104     41.51   41.54
002105     41.51   41.54
002106     41.51   41.54
002107     41.51   41.54
002108     41.51   41.55
002109     41.51   41.55
002110     41.51   41.55
002111     41.51   41.55
002112     41.51   41.55
002113     41.51   41.55
002114     41.51   41.55
002115     41.51   41.55
002116     41.51   41.55
002117     41.51   41.55
002118     41.51   41.55
002119     41.51   41.55
002120     41.51   41.55
002121     41.51   41.56
002122     41.51   41.56
002123     41.51   41.55
002124     41.51   41.55
002125     41.51   41.55
002126     41.51   41.55
002127     41.51   41.55
002128     41.51   41.55
002129     41.51   41.55
002130     41.51   41.56
002131     41.51   41.56
002132     41.51   41.55
002133     41.51   41.55
002134     41.51   41.55
002135     41.51   41.55
002136     41.51   41.55
002137     41.51   41.55
002138     41.51   41.55
002139     41.51   41.55
002140     41.51   41.55
002141     41.51   41.56
002142     41.51   41.55
002143     41.51   41.55
002144     41.51   41.55
002145     41.51   41.55
002146     41.51   41.55
002147     41.51   41.55
002148     41.51   41.55
002149     41.51   41.55
002150     41.51   41.55
002151     41.51   41.55
002152     41.51   41.55
002153     41.51   41.55
002154     41.51   41.55
002155     41.51   41.55
002156     41.51   41.55
002157     41.51   41.55
002158     41.51   41.55
002159     41.51   41.55
002160     41.51   41.55
002161     41.51   41.55
002162     41.51   41.55
002163     41.51   41.55
002164     41.51   41.55
002165     41.51   41.55
002166     41.51   41.55
002167     41.51   41.55
002168     41.51   41.55
002169     41.51   41.55
002170     41.51   41.55
002171     41.51   41.55
002172     41.51   41.54
002173     41.51   41.54
002174     41.51   41.54
002175     41.51   41.54
002176     41.51   41.54
002177     41.51   41.55
002178     41.51   41.54
002179     41.51   41.55
002180     41.51   41.55
002181     41.51   41.55
002182     41.51   41.55
002183     41.51   41.55
002184     41.51   41.55
002185     41.51   41.55
002186     41.51   41.55
002187     41.50   41.55
002188     41.50   41.54
002189     41.50   41.53
002190     41.50   41.54
002191     41.50   41.53
002192     41.50   41.53
002193     41.49   41.53
002194     41.49   41.53
002195     41.49   41.52
002196     41.49   41.53
002197     41.48   41.53
002198     41.48   41.53
002199     41.48   41.53
002200     41.48   41.52
002201     41.48   41.51
002202     41.48   41.51
002203     41.48   41.52
002204     41.48   41.52
002205     41.48   41.52
002206     41.48   41.52
002207     41.48   41.52
002208     41.48   41.52
002209     41.48   41.52
002210     41.48   41.52
002211     41.48   41.52
002212     41.48   41.52
002213     41.48   41.52
002214     41.48   41.52
002215     41.48   41.52
002216     41.48   41.52
002217     41.48   41.52
002218     41.48   41.52
002219     41.48   41.52
002220     41.48   41.52
002221     41.48   41.52
002222     41.48   41.52
002223     41.48   41.52
002224     41.48   41.53
002225     41.48   41.52
002226     41.48   41.53
002227     41.48   41.53
002228     41.48   41.52
002229     41.48   41.52
002230     41.48   41.52
002231     41.48   41.52
002232     41.48   41.52
002233     41.48   41.52
002234     41.48   41.52
002235     41.48   41.52
002236     41.48   41.52
002237     41.48   41.52
002238     41.48   41.52
002239     41.48   41.52
002240     41.48   41.52
002241     41.48   41.52
002242     41.48   41.53
002243     41.48   41.52
002244     41.48   41.52
002245     41.48   41.52
002246     41.48   41.52
002247     41.48   41.53
002248     41.48   41.52
002249     41.48   41.53
002250     41.48   41.53
002251     41.48   41.53
002252     41.48   41.52
002253     41.48   41.52
002254     41.48   41.52
002255     41.48   41.52
002256     41.48   41.53
002257     41.48   41.53
002258     41.48   41.53
002259     41.48   41.53
002260     41.48   41.53
002261     41.48   41.53
002262     41.48   41.53
002263     41.48   41.53
002264     41.48   41.53
002265     41.48   41.53
002266     41.48   41.52
002267     41.48   41.53
002268     41.48   41.53
002269     41.48   41.53
002270     41.48   41.53
002271     41.48   41.53
002272     41.48   41.53
002273     41.48   41.53
002274     41.48   41.53
002275     41.48   41.52
002276     41.48   41.53
002277     41.48   41.53
002278     41.48   41.53
002279     41.48   41.53
002280     41.48   41.53
002281     41.48   41.53
002282     41.48   41.52
002283     41.48   41.52
002284     41.48   41.52
002285     41.48   41.52
002286     41.48   41.53
002287     41.48   41.52
002288     41.48   41.52
002289     41.48   41.52
002290     41.48   41.52
002291     41.48   41.52
002292     41.48   41.52
002293     41.48   41.52
002294     41.48   41.52
002295     41.48   41.52
002296     41.48   41.52
002297     41.48   41.52
002298     41.48   41.52
002299     41.48   41.52
002300     41.48   41.52
002301     41.48   41.52
002302     41.48   41.52
002303     41.48   41.52
002304     41.48   41.52
002305     41.48   41.52
002306     41.48   41.52
002307     41.48   41.52
002308     41.48   41.52
002309     41.48   41.53
002310     41.48   41.53
002311     41.48   41.53
002312     41.48   41.53
002313     41.48   41.52
002314     41.48   41.53
002315     41.48   41.53
002316     41.48   41.53
002317     41.48   41.53
002318     41.48   41.53
002319     41.48   41.53
002320     41.48   41.53
002321     41.48   41.53
002322     41.48   41.53
002323     41.48   41.52
002324     41.48   41.53
002325     41.48   41.53
002326     41.48   41.53
002327     41.48   41.53
002328     41.48   41.53
002329     41.48   41.53
002330     41.48   41.53
002331     41.48   41.53
002332     41.48   41.53
002333     41.48   41.53
002334     41.48   41.53
002335     41.48   41.53
002336     41.48   41.53
002337     41.48   41.53
002338     41.48   41.53
002339     41.48   41.53
002340     41.48   41.54
002341     41.48   41.53
002342     41.48   41.53
002343     41.48   41.52
002344     41.48   41.52
002345     41.48   41.52
002346     41.48   41.52
002347     41.48   41.53
002348     41.48   41.53
002349     41.48   41.53
002350     41.48   41.53
002351     41.48   41.53
002352     41.48   41.53
002353     41.48   41.53
002354     41.48   41.52
002355     41.48   41.52
002356     41.48   41.52
002357     41.48   41.52
002358     41.48   41.52
002359     41.48   41.53
002360     41.48   41.52
002361     41.48   41.53
002362     41.48   41.53
002363     41.48   41.53
002364     41.48   41.52
002365     41.48   41.52
002366     41.48   41.53
002367     41.48   41.53
002368     41.48   41.53
002369     41.48   41.53
002370     41.48   41.53
002371     41.48   41.53
002372     41.48   41.53
002373     41.48   41.53
002374     41.48   41.53
002375     41.48   41.53
002376     41.48   41.53
002377     41.48   41.53
002378     41.48   41.53
002379     41.48   41.53
002380     41.48   41.53
002381     41.48   41.53
002382     41.48   41.53
002383     41.48   41.53
002384     41.48   41.53
002385     41.48   41.53
002386     41.48   41.53
002387     41.48   41.52
002388     41.48   41.52
002389     41.48   41.53
002390     41.48   41.53
002391     41.48   41.53
002392     41.48   41.53
002393     41.48   41.53
002394     41.48   41.53
002395     41.48   41.53
002396     41.48   41.53
002397     41.48   41.53
002398     41.48   41.54
002399     41.48   41.53
002400     41.48   41.53
002401     41.48   41.52
002402     41.48   41.52
002403     41.48   41.52
002404     41.48   41.52
002405     41.48   41.52
002406     41.48   41.53
002407     41.48   41.52
002408     41.48   41.52
002409     41.48   41.52
002410     41.48   41.53
002411     41.48   41.53
002412     41.48   41.53
002413     41.48   41.53
002414     41.48   41.53
002415     41.48   41.53
002416     41.48   41.53
002417     41.48   41.53
002418     41.48   41.53
002419     41.48   41.53
002420     41.48   41.53
002421     41.48   41.53
002422     41.48   41.53
002423     41.48   41.53
002424     41.48   41.52
002425     41.48   41.52
002426     41.48   41.53
002427     41.48   41.53
002428     41.48   41.53
002429     41.48   41.53
002430     41.48   41.53
002431     41.48   41.54
002432     41.48   41.53
002433     41.48   41.53
002434     41.48   41.53
002435     41.48   41.53
002436     41.48   41.53
002437     41.48   41.52
002438     41.48   41.53
002439     41.48   41.52
002440     41.48   41.52
002441     41.48   41.52
002442     41.48   41.52
002443     41.48   41.52
002444     41.48   41.52
002445     41.48   41.52
002446     41.48   41.52
002447     41.48   41.52
002448     41.48   41.52
002449     41.48   41.52
002450     41.48   41.52
002451     41.48   41.52
002452     41.48   41.52
002453     41.48   41.52
002454     41.48   41.53
002455     41.48   41.53
002456     41.48   41.53
002457     41.48   41.53
002458     41.48   41.53
002459     41.48   41.53
002460     41.48   41.53
002461     41.48   41.52
002462     41.48   41.52
002463     41.48   41.53
002464     41.48   41.53
002465     41.48   41.53
002466     41.48   41.53
002467     41.48   41.53
002468     41.48   41.52
002469     41.48   41.53
002470     41.48   41.53
002471     41.48   41.53
002472     41.48   41.53
002473     41.48   41.53
002474     41.48   41.53
002475     41.48   41.53
002476     41.48   41.53
002477     41.48   41.53
002478     41.48   41.53
002479     41.48   41.53
002480     41.48   41.53
002481     41.48   41.53
002482     41.48   41.53
002483     41.48   41.53
002484     41.48   41.53
002485     41.48   41.53
002486     41.48   41.53
002487     41.48   41.53
002488     41.48   41.53
002489     41.48   41.53
002490     41.48   41.53
002491     41.48   41.53
002492     41.48   41.52
002493     41.48   41.52
002494     41.48   41.52
002495     41.48   41.53
002496     41.48   41.53
002497     41.48   41.52
002498     41.48   41.53
002499     41.48   41.53
002500     41.48   41.53
002501     41.48   41.53
002502     41.48   41.53
002503     41.48   41.53
002504     41.48   41.52
002505     41.48   41.52
002506     41.48   41.53
002507     41.48   41.53
002508     41.48   41.53
002509     41.48   41.53
002510     41.48   41.53
002511     41.48   41.53
002512     41.48   41.53
002513     41.48   41.53
002514     41.48   41.53
002515     41.48   41.53
002516     41.48   41.53
002517     41.48   41.53
002518     41.48   41.53
002519     41.48   41.53
002520     41.48   41.53
002521     41.48   41.53
002522     41.48   41.54
002523     41.48   41.54
002524     41.48   41.53
002525     41.48   41.53
002526     41.48   41.53
002527     41.48   41.52
002528     41.48   41.52
002529     41.48   41.52
002530     41.48   41.52
002531     41.48   41.52
002532     41.48   41.52
002533     41.48   41.52
002534     41.48   41.52
002535     41.48   41.52
002536     41.48   41.52
002537     41.48   41.52
002538     41.48   41.52
002539     41.48   41.52
002540     41.48   41.52
002541     41.48   41.52
002542     41.48   41.53
002543     41.48   41.52
002544     41.48   41.53
002545     41.48   41.53
002546     41.48   41.53
002547     41.48   41.53
002548     41.48   41.53
002549     41.48   41.53
002550     41.48   41.53
002551     41.48   41.53
002552     41.48   41.53
002553     41.48   41.52
002554     41.48   41.52
002555     41.48   41.52
002556     41.48   41.52
002557     41.48   41.52
002558     41.48   41.52
002559     41.48   41.52
002560     41.48   41.53
002561     41.48   41.53
002562     41.48   41.53
002563     41.48   41.53
002564     41.48   41.53
002565     41.48   41.53
002566     41.48   41.53
002567     41.48   41.53
002568     41.48   41.53
002569     41.48   41.53
002570     41.48   41.53
002571     41.48   41.53
002572     41.48   41.53
002573     41.48   41.52
002574     41.48   41.52
002575     41.48   41.53
002576     41.48   41.53
002577     41.48   41.52
002578     41.48   41.53
002579     41.48   41.53
002580     41.48   41.52
002581     41.48   41.53
002582     41.48   41.53
002583     41.48   41.53
002584     41.48   41.53
002585     41.48   41.53
002586     41.48   41.52
002587     41.48   41.53
002588     41.48   41.53
002589     41.48   41.53
002590     41.48   41.52
002591     41.48   41.52
002592     41.48   41.53
002593     41.48   41.53
002594     41.48   41.53
002595     41.48   41.53
002596     41.48   41.53
002597     41.48   41.53
002598     41.48   41.53
002599     41.48   41.53
002600     41.48   41.52
002601     41.48   41.53
002602     41.48   41.53
002603     41.48   41.53
002604     41.48   41.53
002605     41.48   41.53
002606     41.48   41.53
002607     41.48   41.53
002608     41.48   41.53
002609     41.48   41.53
002610     41.48   41.53
002611     41.48   41.53
002612     41.48   41.53
002613     41.48   41.53
002614     41.48   41.53
002615     41.48   41.53
002616     41.48   41.53
002617     41.48   41.53
002618     41.48   41.53
002619     41.48   41.53
002620     41.48   41.53
002621     41.48   41.53
002622     41.48   41.53
002623     41.48   41.53
002624     41.48   41.53
002625     41.48   41.53
002626     41.48   41.53
002627     41.48   41.53
002628     41.48   41.52
002629     41.48   41.52
002630     41.48   41.52
002631     41.48   41.52
002632     41.48   41.52
002633     41.48   41.53
002634     41.48   41.52
002635     41.48   41.53
002636     41.48   41.53
002637     41.48   41.53
002638     41.48   41.53
002639     41.48   41.53
002640     41.48   41.53
002641     41.48   41.52
002642     41.48   41.52
002643     41.48   41.52
002644     41.48   41.52
002645     41.48   41.52
002646     41.48   41.52
002647     41.48   41.53
002648     41.48   41.53
002649     41.48   41.53
002650     41.48   41.53
002651     41.48   41.53
002652     41.48   41.53
002653     41.48   41.53
002654     41.48   41.53
002655     41.48   41.53
002656     41.48   41.53
002657     41.48   41.53
002658     41.48   41.53
002659     41.48   41.53
002660     41.48   41.54
002661     41.48   41.53
002662     41.48   41.53
002663     41.48   41.53
002664     41.48   41.53
002665     41.48   41.53
002666     41.48   41.53
002667     41.48   41.53
002668     41.48   41.53
002669     41.48   41.52
002670     41.48   41.53
002671     41.48   41.53
002672     41.48   41.53
002673     41.48   41.53
002674     41.48   41.53
002675     41.48   41.53
002676     41.48   41.53
002677     41.48   41.53
002678     41.48   41.53
002679     41.48   41.53
002680     41.48   41.53
002681     41.48   41.53
002682     41.48   41.53
002683     41.48   41.53
002684     41.48   41.53
002685     41.48   41.53
002686     41.48   41.53
002687     41.48   41.53
002688     41.48   41.53
002689     41.48   41.53
002690     41.48   41.53
002691     41.48   41.53
002692     41.48   41.53
002693     41.48   41.53
002694     41.48   41.53
002695     41.48   41.53
002696     41.48   41.53
002697     41.48   41.53
002698     41.48   41.53
002699     41.48   41.53
002700     41.48   41.53
002701     41.48   41.53
002702     41.48   41.53
002703     41.48   41.53
002704     41.48   41.53
002705     41.48   41.53
002706     41.48   41.53
002707     41.48   41.53
002708     41.48   41.53
002709     41.48   41.52
002710     41.48   41.52
002711     41.48   41.52
002712     41.48   41.53
002713     41.48   41.53
002714     41.48   41.53
002715     41.48   41.53
002716     41.48   41.53
002717     41.48   41.53
002718     41.48   41.53
002719     41.48   41.53
002720     41.48   41.53
002721     41.48   41.53
002722     41.48   41.53
002723     41.48   41.52
002724     41.48   41.52
002725     41.48   41.53
002726     41.48   41.53
002727     41.48   41.52
002728     41.48   41.52
002729     41.48   41.52
002730     41.48   41.52
002731     41.48   41.52
002732     41.48   41.52
002733     41.48   41.52
002734     41.48   41.52
002735     41.48   41.53
002736     41.48   41.53
002737     41.48   41.53
002738     41.48   41.53
002739     41.48   41.53
002740     41.48   41.53
002741     41.48   41.53
002742     41.48   41.53
002743     41.48   41.53
002744     41.48   41.53
002745     41.48   41.53
002746     41.48   41.53
002747     41.48   41.53
002748     41.48   41.53
002749     41.48   41.52
002750     41.48   41.53
002751     41.48   41.53
002752     41.48   41.53
002753     41.48   41.53
002754     41.48   41.53
002755     41.48   41.53
002756     41.48   41.53
002757     41.48   41.53
002758     41.48   41.53
002759     41.48   41.53
002760     41.48   41.53
002761     41.48   41.53
002762     41.48   41.53
002763     41.48   41.52
002764     41.48   41.53
002765     41.48   41.53
002766     41.48   41.53
002767     41.48   41.53
002768     41.48   41.52
002769     41.48   41.53
002770     41.48   41.53
002771     41.48   41.53
002772     41.48   41.53
002773     41.48   41.53
002774     41.48   41.53
002775     41.48   41.53
002776     41.48   41.53
002777     41.48   41.53
002778     41.48   41.53
002779     41.48   41.53
002780     41.48   41.53
002781     41.48   41.52
002782     41.48   41.52
002783     41.48   41.53
002784     41.48   41.53
002785     41.48   41.53
002786     41.48   41.53
002787     41.48   41.52
002788     41.48   41.52
002789     41.48   41.52
002790     41.48   41.53
002791     41.48   41.53
002792     41.48   41.52
002793     41.48   41.52
002794     41.48   41.53
002795     41.48   41.53
002796     41.48   41.53
002797     41.48   41.53
002798     41.48   41.53
002799     41.48   41.53
002800     41.48   41.53
002801     41.48   41.53
002802     41.48   41.53
002803     41.48   41.53
002804     41.48   41.52
002805     41.48   41.53
002806     41.48   41.53
002807     41.48   41.53
002808     41.48   41.53
002809     41.48   41.53
002810     41.48   41.53
002811     41.48   41.53
002812     41.48   41.53
002813     41.48   41.53
002814     41.48   41.52
002815     41.48   41.53
002816     41.48   41.53
002817     41.48   41.53
002818     41.48   41.53
002819     41.48   41.53
002820     41.48   41.53
002821     41.48   41.53
002822     41.48   41.53
002823     41.48   41.53
002824     41.48   41.53
002825     41.48   41.54
002826     41.48   41.53
002827     41.48   41.52
002828     41.48   41.52
002829     41.48   41.52
002830     41.48   41.53
002831     41.48   41.53
002832     41.48   41.53
002833     41.48   41.53
002834     41.48   41.53
002835     41.48   41.53
002836     41.48   41.53
002837     41.48   41.53
002838     41.48   41.53
002839     41.48   41.53
002840     41.48   41.53
002841     41.48   41.53
002842     41.48   41.53
002843     41.48   41.53
002844     41.48   41.53
002845     41.48   41.53
002846     41.48   41.53
002847     41.48   41.53
002848     41.48   41.53
002849     41.48   41.53
002850     41.48   41.53
002851     41.48   41.53
002852     41.48   41.53
002853     41.48   41.53
002854     41.48   41.53
002855     41.48   41.53
002856     41.48   41.53
002857     41.48   41.53
002858     41.48   41.53
002859     41.48   41.53
002860     41.48   41.53
002861     41.48   41.53
002862     41.48   41.53
002863     41.48   41.53
002864     41.48   41.53
002865     41.48   41.53
002866     41.48   41.53
002867     41.48   41.53
002868     41.48   41.54
002869     41.48   41.53
002870     41.48   41.54
002871     41.48   41.54
002872     41.48   41.54
002873     41.48   41.54
002874     41.48   41.54
002875     41.48   41.54
002876     41.48   41.54
002877     41.48   41.53
002878     41.48   41.53
002879     41.48   41.54
002880     41.48   41.53
002881     41.48   41.53
002882     41.48   41.53
002883     41.48   41.53
002884     41.48   41.52
002885     41.48   41.52
002886     41.48   41.52
002887     41.48   41.52
002888     41.48   41.52
002889     41.48   41.52
002890     41.48   41.52
002891     41.48   41.52
002892     41.48   41.52
002893     41.48   41.52
002894     41.48   41.53
002895     41.48   41.53
002896     41.48   41.52
002897     41.48   41.53
002898     41.48   41.53
002899     41.48   41.53
002900     41.48   41.53
002901     41.48   41.53
002902     41.48   41.53
002903     41.48   41.53
002904     41.48   41.53
002905     41.48   41.52
002906     41.48   41.53
002907     41.48   41.53
002908     41.48   41.53
002909     41.48   41.53
002910     41.48   41.53
002911     41.48   41.53
002912     41.48   41.53
002913     41.48   41.53
002914     41.48   41.53
002915     41.48   41.53
002916     41.48   41.53
002917     41.48   41.53
002918     41.48   41.53
002919     41.48   41.53
002920     41.48   41.53
002921     41.48   41.52
002922     41.48   41.52
002923     41.48   41.52
002924     41.48   41.52
002925     41.48   41.53
002926     41.48   41.53
002927     41.48   41.53
002928     41.48   41.53
002929     41.48   41.53
002930     41.48   41.53
002931     41.48   41.53
002932     41.48   41.54
002933     41.48   41.54
002934     41.48   41.53
002935     41.48   41.53
002936     41.48   41.53
002937     41.48   41.53
002938     41.48   41.53
002939     41.48   41.53
002940     41.48   41.53
002941     41.48   41.53
002942     41.48   41.54
002943     41.48   41.54
002944     41.48   41.54
002945     41.48   41.54
002946     41.48   41.54
002947     41.48   41.54
002948     41.48   41.54
002949     41.48   41.53
002950     41.48   41.53
002951     41.48   41.53
002952     41.48   41.53
002953     41.48   41.53
002954     41.48   41.53
002955     41.48   41.53
002956     41.48   41.53
002957     41.48   41.54
002958     41.48   41.53
002959     41.48   41.53
002960     41.48   41.53
002961     41.48   41.53
002962     41.48   41.54
002963     41.48   41.54
002964     41.48   41.54
002965     41.48   41.53
002966     41.48   41.53
002967     41.48   41.53
002968     41.48   41.53
002969     41.48   41.53
002970     41.48   41.53
002971     41.48   41.53
002972     41.48   41.53
002973     41.48   41.53
002974     41.48   41.53
002975     41.48   41.52
002976     41.48   41.52
002977     41.48   41.53
002978     41.48   41.53
002979     41.48   41.52
002980     41.48   41.53
002981     41.48   41.52
002982     41.48   41.53
002983     41.48   41.52
002984     41.48   41.53
002985     41.48   41.53
002986     41.48   41.53
002987     41.48   41.53
002988     41.48   41.53
002989     41.48   41.52
002990     41.48   41.53
002991     41.48   41.52
002992     41.48   41.53
002993     41.48   41.53
002994     41.48   41.53
002995     41.48   41.53
002996     41.48   41.53
002997     41.48   41.54
002998     41.48   41.54
002999     41.48   41.54
003000     41.48   41.54
003001     41.48   41.54
