000001     50.05   51.87
000002     50.05   499.95
000003     50.05   721.18
000004     50.05   758.87
000005     50.05   946.88
000006     50.05   1113.94
000007     50.05   1197.77
000008     50.05   1255.01
000009     50.05   1285.46
000010     50.05   1176.52
000011     50.05   1352.64
000012     50.05   1265.91
000013     50.05   1510.76
000014     50.05   1553.78
000015     50.05   1375.25
000016     50.05   1316.70
000017     50.05   1435.75
000018     50.05   1499.69
000019     50.05   1573.47
000020     50.05   1456.70
000021     50.05   1426.49
000022     50.05   1412.72
000023     50.05   1293.00
000024     50.05   1413.53
000025     50.05   1396.26
000026     50.05   1322.19
000027     50.05   1457.04
000028     50.05   1569.11
000029     50.05   1587.19
000030     50.05   1488.10
000031     50.05   1248.80
000032     50.05   1377.65
000033     50.05   1395.65
000034     50.05   1396.48
000035     50.05   1373.74
000036     50.05   1440.16
000037     50.05   1443.57
000038     50.05   1562.03
000039     50.05   1418.34
000040     50.05   1407.20
000041     50.05   1639.89
000042     50.05   1544.89
000043     50.05   1684.42
000044     50.05   1782.11
000045     50.05   1584.95
000046     50.05   1636.58
000047     50.05   1422.13
000048     50.05   1526.73
000049     50.05   1346.05
000050     50.05   1427.39
000051     50.05   1424.20
000052     50.05   1435.47
000053     50.05   1516.64
000054     50.05   1510.75
000055     50.05   1857.22
000056     50.05   1862.94
000057     50.05   1616.95
000058     50.05   1759.00
000059     50.05   1733.20
000060     50.05   1910.73
000061     50.05   2141.32
000062     50.05   1868.77
000063     50.05   1775.50
000064     50.05   1673.12
000065     50.05   1579.52
000066     50.05   1632.21
000067     50.05   1744.67
000068     50.05   1860.05
000069     50.05   1935.06
000070     50.05   1614.14
000071     50.05   1611.96
000072     50.05   1870.84
000073     50.05   2010.60
000074     50.05   2414.55
000075     50.05   1826.13
000076     50.05   1768.62
000077     50.05   2103.96
000078     50.05   1951.51
000079     50.05   1879.82
000080     50.05   2057.36
000081     50.05   1763.69
000082     50.05   2094.68
000083     50.05   2223.77
000084     50.05   2207.40
000085     50.05   2051.41
000086     50.05   2388.41
000087     50.05   2059.90
000088     50.05   2207.63
000089     50.05   1913.26
000090     50.05   2287.59
000091     50.05   2445.17
000092     50.05   2369.25
000093     50.05   2281.85
000094     50.05   2347.21
000095     50.05   2303.74
000096     50.05   2498.09
000097     50.05   2329.91
000098     50.05   2005.62
000099     50.05   2081.29
000100     50.05   2039.04
000101     50.05   1842.03
000102     50.05   1653.83
000103     50.05   1773.92
000104     50.05   1747.42
000105     50.05   1823.56
000106     50.05   1712.75
000107     50.05   1724.70
000108     50.05   1922.66
000109     50.05   1946.12
000110     50.05   2116.50
000111     50.05   1646.74
000112     50.05   1608.20
000113     50.05   1496.18
000114     50.05   1577.65
000115     50.05   1775.61
000116     50.05   1453.66
000117     50.05   1723.72
000118     50.05   1826.19
000119     50.05   1897.85
000120     50.05   1893.74
000121     50.05   2260.45
000122     50.05   1883.33
000123     50.05   1841.75
000124     50.05   2026.87
000125     50.05   1877.61
000126     50.05   1926.30
000127     50.05   1872.70
000128     50.05   2188.21
000129     50.05   2128.21
000130     50.05   2027.21
000131     50.05   1890.15
000132     50.05   1829.38
000133     50.05   2059.89
000134     50.05   2036.36
000135     50.05   1890.25
000136     50.05   1869.92
000137     50.05   1970.81
000138     50.05   1889.43
000139     50.05   2102.53
000140     50.05   2067.07
000141     50.05   1966.69
000142     50.05   1826.96
000143     50.05   2110.25
000144     50.05   1619.12
000145     50.05   1673.00
000146     50.05   1803.73
000147     50.05   2098.52
000148     50.05   1744.27
000149     50.05   1826.63
000150     50.05   1681.20
000151     50.05   1830.76
000152     50.05   2019.74
000153     50.05   2089.17
000154     50.05   2311.24
000155     50.05   2283.88
000156     50.05   2052.38
000157     50.05   2109.64
000158     50.05   2149.44
000159     50.05   2053.67
000160     50.05   2040.20
000161     50.05   2171.02
000162     50.05   2127.57
000163     50.05   2126.97
000164     50.05   1899.39
000165     50.05   1805.48
000166     50.05   1869.58
000167     50.05   1942.90
000168     50.05   1992.86
000169     50.05   1945.76
000170     50.05   1757.28
000171     50.05   1888.77
000172     50.05   1789.52
000173     50.05   1854.02
000174     50.05   2001.25
000175     50.05   1908.08
000176     50.05   1603.09
000177     50.05   1642.09
000178     50.05   1819.81
000179     50.05   1748.77
000180     50.05   1863.85
000181     50.05   1981.20
000182     50.05   2008.20
000183     50.05   1820.87
000184     50.05   1731.31
000185     50.05   1791.38
000186     50.05   1615.70
000187     50.05   1681.80
000188     50.05   1903.58
000189     50.05   1807.21
000190     50.05   1535.93
000191     50.05   1615.06
000192     50.05   1628.17
000193     50.05   1445.18
000194     50.05   1508.39
000195     50.05   1543.97
000196     50.05   1576.36
000197     50.05   1674.56
000198     50.05   2043.33
000199     50.05   1694.40
000200     50.05   1813.93
000201     50.05   1801.97
000202     50.05   2066.37
000203     50.05   1986.02
000204     50.05   2114.92
000205     50.05   2086.62
000206     50.05   2023.47
000207     50.05   1825.85
000208     50.05   1694.84
000209     50.05   1589.20
000210     50.05   1613.60
000211     50.05   1550.35
000212     50.05   1607.22
000213     50.05   1626.84
000214     50.05   1537.00
000215     50.05   1575.31
000216     50.05   1474.51
000217     50.05   1611.57
000218     50.05   1719.77
000219     50.05   1741.89
000220     50.05   1717.42
000221     50.05   1813.39
000222     50.05   1865.40
000223     50.05   1795.32
000224     50.05   1768.92
000225     50.05   1827.31
000226     50.05   2053.36
000227     50.05   2197.99
000228     50.05   1776.31
000229     50.05   1623.12
000230     50.05   1780.51
000231     50.05   1609.03
000232     50.05   1685.49
000233     50.05   1546.27
000234     50.05   1611.40
000235     50.05   1712.73
000236     50.05   1681.23
000237     50.05   1711.04
000238     50.05   1797.43
000239     50.05   1906.16
000240     50.05   2163.66
000241     50.05   1934.45
000242     50.05   1754.47
000243     50.05   1830.99
000244     50.05   1758.79
000245     50.05   1710.67
000246     50.05   1673.50
000247     50.05   1464.72
000248     50.05   1613.13
000249     50.05   1512.54
000250     50.05   1545.81
000251     50.05   1585.74
000252     50.05   1539.47
000253     50.05   1435.46
000254     50.05   1598.96
000255     50.05   1462.75
000256     50.05   1644.97
000257     50.05   1549.26
000258     50.05   1439.44
000259     50.05   1402.57
000260     50.05   1483.68
000261     50.05   1661.12
000262     50.05   1625.37
000263     50.05   1879.49
000264     50.05   1823.93
000265     50.05   1981.11
000266     50.05   1904.67
000267     50.05   1891.33
000268     50.05   1955.57
000269     50.05   1812.32
000270     50.05   1987.35
000271     50.05   2120.60
000272     50.05   1915.11
000273     50.05   1827.07
000274     50.05   1933.85
000275     50.05   1784.89
000276     50.05   1643.76
000277     50.05   1693.13
000278     50.05   1689.85
000279     50.05   1597.81
000280     50.05   1759.61
000281     50.05   1763.31
000282     50.05   1674.47
000283     50.05   1644.89
000284     50.05   1660.06
000285     50.05   1677.27
000286     50.05   1646.53
000287     50.05   1682.93
000288     50.05   1495.13
000289     50.05   1599.98
000290     50.05   1633.46
000291     50.05   1584.99
000292     50.05   1447.24
000293     50.05   1359.21
000294     50.05   1225.56
000295     50.05   1448.36
000296     50.05   1428.33
000297     50.05   1380.37
000298     50.05   1444.71
000299     50.05   1636.70
000300     50.05   1526.33
000301     50.05   1564.05
000302     50.05   1514.18
000303     50.05   1441.14
000304     50.05   1457.83
000305     50.05   1459.35
000306     50.05   1466.29
000307     50.05   1596.31
000308     50.05   1610.22
000309     50.05   1656.82
000310     50.05   1630.95
000311     50.05   1825.23
000312     50.05   1803.47
000313     50.05   1763.57
000314     50.05   1805.52
000315     50.05   1625.75
000316     50.05   1652.95
000317     50.05   1740.16
000318     50.05   1786.40
000319     50.05   1836.89
000320     50.05   1782.22
000321     50.05   1853.10
000322     50.05   1935.14
000323     50.05   1780.30
000324     50.05   2025.60
000325     50.05   2044.63
000326     50.05   2064.56
000327     50.05   2125.45
000328     50.05   2171.36
000329     50.05   2198.74
000330     50.05   2556.65
000331     50.05   2334.94
000332     50.05   2289.59
000333     50.05   1981.68
000334     50.05   1964.04
000335     50.05   2024.44
000336     50.05   2168.65
000337     50.05   1864.59
000338     50.05   2224.11
000339     50.05   2349.08
000340     50.05   2192.72
000341     50.05   2096.64
000342     50.05   2031.00
000343     50.05   1919.10
000344     50.05   2102.28
000345     50.05   1911.10
000346     50.05   1721.16
000347     50.05   1866.30
000348     50.05   1885.90
000349     50.05   1741.62
000350     50.05   1630.27
000351     50.05   1398.71
000352     50.05   1571.26
000353     50.05   1640.09
000354     50.05   1560.43
000355     50.05   1653.73
000356     50.05   1709.31
000357     50.05   1788.16
000358     50.05   1809.85
000359     50.05   2131.63
000360     50.05   2323.70
000361     50.05   1919.67
000362     50.05   2297.85
000363     50.05   2204.77
000364     50.05   2063.87
000365     50.05   2029.54
000366     50.05   1884.65
000367     50.05   2075.44
000368     50.05   1789.02
000369     50.05   1843.63
000370     50.05   1918.74
000371     50.05   1810.70
000372     50.05   1660.44
000373     50.05   1674.32
000374     50.05   1565.92
000375     50.05   1645.33
000376     50.05   1485.70
000377     50.05   1465.36
000378     50.05   1539.76
000379     50.05   1294.92
000380     50.05   1418.06
000381     50.05   1538.37
000382     50.05   1198.23
000383     50.05   1525.20
000384     50.05   1652.62
000385     50.05   1917.68
000386     50.05   1850.67
000387     50.05   1741.07
000388     50.05   1609.48
000389     50.05   1879.16
000390     50.05   1938.26
000391     50.05   1955.69
000392     50.05   1662.21
000393     50.05   1693.37
000394     50.05   1526.09
000395     50.05   1603.90
000396     50.05   1637.70
000397     50.05   1649.77
000398     50.05   1580.78
000399     50.05   1598.13
000400     50.05   1611.90
000401     50.05   1631.46
000402     50.05   1600.05
000403     50.05   1748.98
000404     50.05   1723.58
000405     50.05   1657.88
000406     50.05   1782.01
000407     50.05   1733.11
000408     50.05   1670.59
000409     50.05   1984.80
000410     50.05   1938.70
000411     50.05   1752.35
000412     50.05   1839.30
000413     50.05   1736.89
000414     50.05   1598.99
000415     50.05   1821.89
000416     50.05   1593.11
000417     50.05   1712.07
000418     50.05   2021.06
000419     50.05   2040.44
000420     50.05   2130.21
000421     50.05   2224.62
000422     50.05   2341.38
000423     50.05   2302.20
000424     50.05   1997.51
000425     50.05   1967.29
000426     50.05   1965.20
000427     50.05   2159.61
000428     50.05   2122.75
000429     50.05   1942.31
000430     50.05   1737.67
000431     50.05   1643.20
000432     50.05   1555.82
000433     50.05   1457.78
000434     50.05   1618.93
000435     50.05   1515.86
000436     50.05   1640.12
000437     50.05   1647.49
000438     50.05   1779.37
000439     50.05   1677.32
000440     50.05   1593.82
000441     50.05   1597.08
000442     50.05   1665.19
000443     50.05   1729.86
000444     50.05   1555.82
000445     50.05   1675.61
000446     50.05   1490.63
000447     50.05   1335.77
000448     50.05   1381.88
000449     50.05   1740.87
000450     50.05   1488.87
000451     50.05   1761.27
000452     50.05   1656.75
000453     50.05   1614.64
000454     50.05   1668.83
000455     50.05   1708.09
000456     50.05   1656.88
000457     50.05   1875.47
000458     50.05   1778.53
000459     50.05   1637.94
000460     50.05   1466.50
000461     50.05   1569.15
000462     50.05   1702.65
000463     50.05   1447.69
000464     50.05   1675.14
000465     50.05   1650.82
000466     50.05   1651.72
000467     50.05   1480.08
000468     50.05   1860.41
000469     50.05   1699.22
000470     50.05   1700.15
000471     50.05   1490.58
000472     50.05   1621.99
000473     50.05   1725.62
000474     50.05   1638.41
000475     50.05   1529.52
000476     50.05   1402.77
000477     50.05   1489.32
000478     50.05   1764.64
000479     50.05   1680.16
000480     50.05   1675.67
000481     50.05   1656.23
000482     50.05   1834.28
000483     50.05   1915.52
000484     50.05   2160.14
000485     50.05   1996.74
000486     50.05   1711.41
000487     50.05   1704.88
000488     50.05   1623.57
000489     50.05   1699.00
000490     50.05   1608.17
000491     50.05   1655.61
000492     50.05   1575.32
000493     50.05   1755.46
000494     50.05   2008.29
000495     50.05   1961.62
000496     50.05   1967.95
000497     50.05   2100.53
000498     50.05   2167.57
000499     50.05   2113.70
000500     50.05   2115.76
000501     50.05   2036.85
000502     50.05   2015.01
000503     50.05   2241.80
000504     50.05   2119.63
000505     50.05   1992.73
000506     50.05   1877.39
000507     50.05   1902.71
000508     50.05   1830.73
000509     50.05   1862.39
000510     50.05   1777.38
000511     50.05   2097.63
000512     50.05   2206.82
000513     50.05   2041.11
000514     50.05   1978.88
000515     50.05   1724.49
000516     50.05   1705.52
000517     50.05   1587.44
000518     50.05   1955.43
000519     50.05   1846.82
000520     50.05   1878.42
000521     50.05   1885.24
000522     50.05   1918.80
000523     50.05   1744.36
000524     50.05   1764.82
000525     50.05   1883.30
000526     50.05   1836.72
000527     50.05   1812.34
000528     50.05   1678.37
000529     50.05   1810.74
000530     50.05   1788.04
000531     50.05   1782.92
000532     50.05   1898.08
000533     50.05   1748.21
000534     50.05   1835.47
000535     50.05   1891.26
000536     50.05   1822.71
000537     50.05   1824.05
000538     50.05   2016.06
000539     50.05   2099.93
000540     50.05   1952.00
000541     50.05   1815.11
000542     50.05   1981.39
000543     50.05   1874.90
000544     50.05   1662.88
000545     50.05   1975.68
000546     50.05   2077.94
000547     50.05   1931.93
000548     50.05   1880.86
000549     50.05   2015.67
000550     50.05   2428.18
000551     50.05   1994.57
000552     49.66   1839.67
000553     49.66   1723.25
000554     49.66   1435.84
000555     49.66   1578.42
000556     49.66   1638.98
000557     49.66   1648.16
000558     49.66   1588.69
000559     49.66   1726.23
000560     49.66   1910.86
000561     49.66   1616.35
000562     49.66   1527.43
000563     49.66   1430.45
000564     49.66   1702.13
000565     49.66   1640.94
000566     49.66   2019.99
000567     49.66   1441.78
000568     49.66   1789.26
000569     49.66   1472.54
000570     49.66   1436.20
000571     49.66   1613.90
000572     49.66   1625.28
000573     49.66   1765.89
000574     49.66   1892.65
000575     49.66   1724.28
000576     49.66   1801.51
000577     49.66   1658.01
000578     49.66   1763.37
000579     49.66   1777.08
000580     49.66   1889.39
000581     49.66   1894.57
000582     49.66   1865.45
000583     49.66   2265.23
000584     49.66   1777.32
000585     49.66   1987.69
000586     49.66   1884.46
000587     49.66   1655.42
000588     49.66   1552.07
000589     49.66   1577.58
000590     49.66   1527.38
000591     49.66   1784.01
000592     49.66   1547.38
000593     49.66   1719.09
000594     49.66   1749.87
000595     49.66   1824.37
000596     49.66   1767.14
000597     49.66   1571.52
000598     49.66   1764.15
000599     49.66   1657.93
000600     49.66   1713.60
000601     49.66   1571.50
000602     49.66   1536.95
000603     49.66   1674.42
000604     49.66   1690.38
000605     49.66   1689.72
000606     49.66   1897.48
000607     49.66   1888.27
000608     49.66   1722.03
000609     49.66   1632.26
000610     49.66   1546.25
000611     49.66   1752.91
000612     49.66   1646.21
000613     49.66   1798.01
000614     49.66   1983.30
000615     49.66   2018.70
000616     49.66   2191.02
000617     49.66   2086.95
000618     49.66   2169.77
000619     49.66   1888.23
000620     49.66   1762.51
000621     49.66   1987.19
000622     49.66   2145.53
000623     49.66   2169.68
000624     49.66   2111.93
000625     49.66   1861.44
000626     49.66   2119.56
000627     49.66   2059.08
000628     49.66   2181.95
000629     49.66   2077.24
000630     49.66   1672.32
000631     49.66   1822.02
000632     49.66   1657.74
000633     49.66   1602.38
000634     49.66   1701.78
000635     49.66   1541.20
000636     49.66   1696.29
000637     49.66   1594.71
000638     49.66   1557.35
000639     49.66   1497.18
000640     49.66   1550.59
000641     49.66   1607.32
000642     49.66   1532.67
000643     49.66   1605.36
000644     49.66   1570.95
000645     49.66   1631.40
000646     49.66   1582.79
000647     49.66   1825.56
000648     49.66   1860.47
000649     49.66   1772.47
000650     49.66   1864.36
000651     49.66   1659.54
000652     49.66   1637.36
000653     49.66   1562.08
000654     49.66   1552.10
000655     49.66   1558.02
000656     49.66   1644.99
000657     49.66   1577.88
000658     49.66   1645.56
000659     49.66   1492.11
000660     49.66   1723.39
000661     49.66   1786.82
000662     49.66   1777.92
000663     49.66   1665.98
000664     49.66   1594.32
000665     49.66   1505.57
000666     49.66   1632.67
000667     49.66   1600.01
000668     49.66   1657.11
000669     49.66   1771.06
000670     49.66   1437.33
000671     49.66   1445.32
000672     49.66   1461.17
000673     49.66   1714.25
000674     49.66   1788.64
000675     49.66   1528.13
000676     49.66   1246.54
000677     49.66   1603.68
000678     49.66   1505.31
000679     49.66   1706.06
000680     49.66   1635.75
000681     49.66   1647.92
000682     49.66   1808.09
000683     49.66   1669.71
000684     49.66   1708.08
000685     49.66   1802.51
000686     49.66   1781.15
000687     49.66   1709.99
000688     49.66   1735.56
000689     49.66   1933.31
000690     49.66   1849.04
000691     49.66   1532.69
000692     49.66   1391.01
000693     49.66   1524.69
000694     49.66   1403.80
000695     49.66   1464.96
000696     49.66   1376.03
000697     49.66   1633.59
000698     49.66   1652.50
000699     49.66   1617.28
000700     49.66   1515.49
000701     49.66   1784.25
000702     49.66   1490.51
000703     49.66   1433.13
000704     49.66   1450.28
000705     49.66   1475.40
000706     49.66   1430.02
000707     49.66   1433.46
000708     49.66   1460.05
000709     49.66   1257.26
000710     49.66   1366.84
000711     49.66   1398.71
000712     49.66   1506.45
000713     49.66   1555.17
000714     49.66   1577.84
000715     49.66   1491.31
000716     49.66   1557.45
000717     49.66   1611.30
000718     49.66   1776.61
000719     49.66   1710.44
000720     49.66   1637.55
000721     49.66   1629.15
000722     49.66   1519.57
000723     49.66   1576.24
000724     49.66   1755.37
000725     49.66   1895.94
000726     49.66   1833.91
000727     49.66   1854.14
000728     49.66   1841.62
000729     49.66   1873.90
000730     49.66   2012.28
000731     49.66   1765.96
000732     49.66   1780.47
000733     49.66   1894.82
000734     49.66   1801.11
000735     49.66   1851.82
000736     49.66   1967.76
000737     49.66   1895.59
000738     49.66   1911.58
000739     49.66   1816.68
000740     49.66   1849.21
000741     49.66   1964.72
000742     49.66   1893.06
000743     49.66   1948.63
000744     49.66   1923.39
000745     49.66   1933.21
000746     49.66   1641.48
000747     49.66   1605.00
000748     49.66   1600.37
000749     49.66   1505.11
000750     49.66   1515.36
000751     49.66   1821.84
000752     49.66   1699.04
000753     49.66   1646.40
000754     49.66   1703.90
000755     49.66   1803.57
000756     49.66   1725.01
000757     49.66   1792.14
000758     49.66   1895.32
000759     49.66   1925.81
000760     49.66   1946.79
000761     49.66   1883.81
000762     49.66   1958.16
000763     49.66   1881.77
000764     49.66   1985.70
000765     49.66   1896.18
000766     49.66   1696.28
000767     49.66   1919.14
000768     49.66   1803.21
000769     49.66   1948.93
000770     49.66   1984.71
000771     49.66   1955.93
000772     49.66   1755.71
000773     49.66   1792.78
000774     49.66   1789.19
000775     49.66   1738.61
000776     49.66   1725.82
000777     49.66   1501.17
000778     49.66   1484.95
000779     49.66   1634.02
000780     49.66   1405.28
000781     49.66   1520.24
000782     49.66   1485.15
000783     49.66   1291.09
000784     49.66   1497.96
000785     49.66   1424.72
000786     49.66   1641.72
000787     49.66   1766.32
000788     49.66   1814.63
000789     49.66   1748.28
000790     49.66   1651.88
000791     49.66   1685.74
000792     49.66   1607.97
000793     49.66   1446.64
000794     49.66   1598.95
000795     49.66   1671.01
000796     49.66   1649.90
000797     49.66   1787.39
000798     49.66   1651.64
000799     49.66   1658.76
000800     49.66   1610.41
000801     49.66   1596.58
000802     49.66   1718.03
000803     49.66   1913.94
000804     49.66   1827.11
000805     49.66   2075.82
000806     49.66   2080.54
000807     49.66   1884.34
000808     49.66   1711.81
000809     49.66   1631.85
000810     49.66   1635.46
000811     49.66   1628.92
000812     49.66   1758.18
000813     49.66   1812.20
000814     49.66   1934.06
000815     49.66   2090.47
000816     49.66   1969.13
000817     49.66   1686.71
000818     49.66   1690.67
000819     49.66   1994.25
000820     49.66   2273.22
000821     49.66   1945.26
000822     49.66   1699.36
000823     49.66   1535.43
000824     49.66   1526.92
000825     49.66   1541.47
000826     49.66   1453.98
000827     49.66   1723.28
000828     49.66   1632.46
000829     49.66   1815.14
000830     49.66   1661.09
000831     49.66   1817.22
000832     49.66   1736.00
000833     49.66   1783.65
000834     49.66   1995.06
000835     49.66   2044.56
000836     49.66   1761.39
000837     49.66   1815.72
000838     49.66   1882.32
000839     49.66   1764.16
000840     49.66   1661.73
000841     49.66   1595.31
000842     49.66   1558.49
000843     49.66   1733.78
000844     49.66   1756.63
000845     49.66   1626.75
000846     49.66   1728.42
000847     49.66   1904.32
000848     49.66   2001.50
000849     49.66   1812.65
000850     49.66   1977.37
000851     49.66   2014.00
000852     49.66   1981.31
000853     49.66   1606.81
000854     49.66   1812.09
000855     49.66   2040.47
000856     49.66   1706.73
000857     49.66   1822.78
000858     49.66   2046.14
000859     49.66   2140.51
000860     49.66   2092.53
000861     49.66   2231.18
000862     49.66   1786.14
000863     49.66   1766.08
000864     49.66   2003.81
000865     49.66   1982.38
000866     49.66   1690.03
000867     49.66   1801.18
000868     49.66   1647.96
000869     49.66   1669.44
000870     49.66   1825.27
000871     49.66   1674.92
000872     49.66   1702.51
000873     49.66   1708.51
000874     49.66   1653.28
000875     49.66   1495.49
000876     49.66   1402.91
000877     49.66   1498.70
000878     49.66   1473.65
000879     49.66   1694.20
000880     49.66   1655.22
000881     49.66   1555.34
000882     49.66   1552.65
000883     49.66   1524.09
000884     49.66   1715.42
000885     49.66   1643.71
000886     49.66   1406.22
000887     49.66   1656.10
000888     49.66   1669.36
000889     49.66   1601.57
000890     49.66   1573.95
000891     49.66   1372.70
000892     49.66   1438.09
000893     49.66   1500.52
000894     49.66   1501.17
000895     49.66   1352.73
000896     49.66   1305.70
000897     49.66   1609.71
000898     49.66   1521.55
000899     49.66   1571.23
000900     49.66   1566.47
000901     49.66   1822.68
000902     49.66   1664.69
000903     49.66   1666.41
000904     49.66   1746.76
000905     49.66   1714.91
000906     49.66   1747.49
000907     49.66   1638.06
000908     49.66   1630.14
000909     49.66   1704.81
000910     49.66   1543.01
000911     49.66   1685.22
000912     49.66   1598.58
000913     49.66   1659.29
000914     49.66   1328.82
000915     49.66   1347.61
000916     49.66   1348.66
000917     49.66   1275.16
000918     49.66   1509.97
000919     49.66   1400.39
000920     49.66   1381.21
000921     49.66   1420.46
000922     49.66   1323.06
000923     49.66   1398.27
000924     49.66   1682.84
000925     49.66   1602.66
000926     49.66   1703.44
000927     49.66   1677.91
000928     49.66   1449.28
000929     49.66   1406.18
000930     49.66   1547.70
000931     49.66   1656.67
000932     49.66   1676.18
000933     49.66   1677.04
000934     49.66   1678.41
000935     49.66   1596.93
000936     49.66   1549.41
000937     49.66   1320.26
000938     49.66   1515.98
000939     49.66   1730.12
000940     49.66   1961.09
000941     49.66   1729.12
000942     49.66   1745.91
000943     49.66   1595.18
000944     49.66   1514.22
000945     49.66   1698.56
000946     49.66   1659.77
000947     49.66   1633.04
000948     49.66   1773.50
000949     49.66   2143.49
000950     49.66   1760.61
000951     49.66   1797.01
000952     49.66   1885.79
000953     49.66   2280.68
000954     49.66   2255.19
000955     49.66   1958.57
000956     49.66   1947.49
000957     49.66   1920.56
000958     49.66   1867.44
000959     49.66   1751.51
000960     49.66   1831.66
000961     49.66   1846.77
000962     49.66   1948.33
000963     49.66   1794.02
000964     49.66   1964.35
000965     49.66   1786.21
000966     49.66   1763.55
000967     49.66   1768.54
000968     49.66   1910.73
000969     49.66   1788.09
000970     49.66   1878.87
000971     49.66   1771.52
000972     49.66   1844.04
000973     49.66   1939.34
000974     49.66   1846.34
000975     49.66   1942.33
000976     49.66   2142.43
000977     49.66   2109.94
000978     49.66   2375.27
000979     49.66   2285.89
000980     49.66   2180.39
000981     49.66   1895.88
000982     49.66   2130.86
000983     49.66   2405.93
000984     49.66   2339.76
000985     49.66   1856.72
000986     49.66   1775.20
000987     49.66   1937.14
000988     49.66   1634.59
000989     49.66   1711.95
000990     49.66   1744.02
000991     49.66   1418.12
000992     49.66   1366.38
000993     49.66   1499.49
000994     49.66   1651.45
000995     49.66   1731.35
000996     49.66   1823.05
000997     49.66   1646.28
000998     49.66   1586.77
000999     49.66   1567.65
001000     49.66   1705.40
