000001     2.92   03.09
000002     2.91   03.06
000003     2.89   03.05
000004     2.88   03.04
000005     2.84   03.01
000006     2.84   02.99
000007     2.80   02.97
000008     2.79   02.94
000009     2.79   02.94
000010     2.79   02.93
000011     2.78   02.92
000012     2.73   02.91
000013     2.73   02.91
000014     2.72   02.89
000015     2.72   02.87
000016     2.70   02.85
000017     2.70   02.82
000018     2.68   02.81
000019     2.62   02.80
000020     2.62   02.77
000021     2.60   02.76
000022     2.60   02.74
000023     2.57   02.72
000024     2.51   02.70
000025     2.51   02.69
000026     2.51   02.68
000027     2.48   02.65
000028     2.48   02.64
000029     2.43   02.61
000030     2.43   02.58
000031     2.43   02.58
000032     2.41   02.56
000033     2.39   02.54
000034     2.33   02.50
000035     2.33   02.46
000036     2.32   02.44
000037     2.32   02.42
000038     2.29   02.39
000039     2.29   02.38
000040     2.26   02.35
000041     2.26   02.34
000042     2.25   02.33
000043     2.23   02.32
000044     2.19   02.30
000045     2.19   02.29
000046     2.19   02.28
000047     2.19   02.27
000048     2.19   02.26
000049     2.17   02.26
000050     2.16   02.24
000051     2.12   02.21
000052     2.11   02.20
000053     2.10   02.19
000054     2.10   02.17
000055     2.09   02.16
000056     2.08   02.15
000057     2.08   02.14
000058     2.07   02.13
000059     2.07   02.11
000060     2.07   02.11
000061     2.06   02.10
000062     2.05   02.09
000063     2.05   02.09
000064     2.04   02.08
000065     2.03   02.07
000066     2.02   02.07
000067     2.02   02.06
000068     2.01   02.05
000069     2.01   02.05
000070     2.01   02.04
000071     2.00   02.03
000072     2.00   02.03
000073     1.99   02.02
000074     1.99   02.02
000075     1.99   02.01
000076     1.98   02.01
000077     1.98   02.00
000078     1.98   02.00
000079     1.97   01.99
000080     1.97   01.99
000081     1.97   01.99
000082     1.97   01.98
000083     1.96   01.98
000084     1.96   01.97
000085     1.96   01.97
000086     1.95   01.97
000087     1.95   01.97
000088     1.95   01.97
000089     1.95   01.96
000090     1.95   01.96
000091     1.94   01.96
000092     1.94   01.96
000093     1.94   01.96
000094     1.94   01.95
000095     1.94   01.95
000096     1.94   01.95
000097     1.93   01.95
000098     1.93   01.95
000099     1.93   01.94
000100     1.93   01.94
000101     1.92   01.94
000102     1.92   01.94
000103     1.92   01.93
000104     1.92   01.93
000105     1.92   01.93
000106     1.92   01.93
000107     1.91   01.93
000108     1.91   01.93
000109     1.91   01.92
000110     1.91   01.92
000111     1.91   01.92
000112     1.91   01.92
000113     1.90   01.92
000114     1.90   01.91
000115     1.90   01.91
000116     1.90   01.91
000117     1.90   01.91
000118     1.89   01.91
000119     1.89   01.91
000120     1.89   01.90
000121     1.89   01.90
000122     1.88   01.90
000123     1.87   01.90
000124     1.87   01.89
000125     1.87   01.89
000126     1.87   01.89
000127     1.87   01.88
000128     1.87   01.88
000129     1.87   01.88
000130     1.87   01.88
000131     1.87   01.88
000132     1.87   01.88
000133     1.87   01.88
000134     1.86   01.87
000135     1.86   01.87
000136     1.86   01.87
000137     1.86   01.87
000138     1.86   01.87
000139     1.86   01.87
000140     1.85   01.86
000141     1.85   01.86
000142     1.85   01.86
000143     1.85   01.86
000144     1.85   01.86
000145     1.84   01.85
000146     1.84   01.85
000147     1.84   01.85
000148     1.84   01.85
000149     1.83   01.85
000150     1.83   01.84
000151     1.83   01.84
000152     1.83   01.84
000153     1.82   01.84
000154     1.82   01.84
000155     1.82   01.83
000156     1.82   01.83
000157     1.81   01.83
000158     1.81   01.83
000159     1.81   01.82
000160     1.81   01.82
000161     1.81   01.82
000162     1.81   01.82
000163     1.80   01.81
000164     1.80   01.81
000165     1.80   01.81
000166     1.80   01.81
000167     1.79   01.81
000168     1.79   01.80
000169     1.79   01.80
000170     1.79   01.80
000171     1.79   01.80
000172     1.78   01.79
000173     1.77   01.79
000174     1.77   01.79
000175     1.77   01.79
000176     1.77   01.78
000177     1.77   01.78
000178     1.77   01.78
000179     1.77   01.78
000180     1.77   01.78
000181     1.76   01.77
000182     1.76   01.77
000183     1.76   01.77
000184     1.75   01.77
000185     1.75   01.77
000186     1.75   01.76
000187     1.75   01.76
000188     1.75   01.76
000189     1.74   01.76
000190     1.74   01.76
000191     1.74   01.75
000192     1.74   01.75
000193     1.74   01.75
000194     1.73   01.75
000195     1.73   01.74
000196     1.73   01.74
000197     1.72   01.74
000198     1.72   01.74
000199     1.72   01.73
000200     1.72   01.73
000201     1.72   01.73
000202     1.72   01.73
000203     1.72   01.73
000204     1.72   01.73
000205     1.71   01.72
000206     1.71   01.72
000207     1.71   01.72
000208     1.71   01.72
000209     1.70   01.72
000210     1.70   01.71
000211     1.70   01.71
000212     1.70   01.71
000213     1.69   01.71
000214     1.69   01.71
000215     1.69   01.71
000216     1.69   01.70
000217     1.69   01.70
000218     1.69   01.70
000219     1.69   01.70
000220     1.69   01.70
000221     1.68   01.69
000222     1.68   01.69
000223     1.68   01.69
000224     1.67   01.69
000225     1.67   01.68
000226     1.67   01.68
000227     1.67   01.68
000228     1.67   01.68
000229     1.67   01.68
000230     1.66   01.67
000231     1.66   01.67
000232     1.66   01.67
000233     1.66   01.67
000234     1.66   01.67
000235     1.65   01.67
000236     1.65   01.66
000237     1.65   01.66
000238     1.65   01.66
000239     1.65   01.66
000240     1.65   01.66
000241     1.65   01.66
000242     1.64   01.65
000243     1.64   01.65
000244     1.64   01.65
000245     1.64   01.65
000246     1.64   01.65
000247     1.64   01.65
000248     1.64   01.64
000249     1.63   01.64
000250     1.63   01.64
000251     1.63   01.64
000252     1.63   01.64
000253     1.63   01.64
000254     1.63   01.63
000255     1.62   01.63
000256     1.62   01.63
000257     1.62   01.63
000258     1.62   01.63
000259     1.62   01.62
000260     1.61   01.62
000261     1.61   01.62
000262     1.61   01.62
000263     1.61   01.62
000264     1.60   01.62
000265     1.60   01.61
000266     1.60   01.61
000267     1.60   01.61
000268     1.60   01.61
000269     1.60   01.61
000270     1.60   01.61
000271     1.59   01.61
000272     1.59   01.61
000273     1.59   01.60
000274     1.59   01.60
000275     1.59   01.60
000276     1.58   01.60
000277     1.58   01.60
000278     1.58   01.59
000279     1.58   01.59
000280     1.58   01.59
000281     1.58   01.59
000282     1.57   01.59
000283     1.57   01.58
000284     1.57   01.58
000285     1.57   01.58
000286     1.57   01.58
000287     1.57   01.58
000288     1.57   01.58
000289     1.57   01.57
000290     1.56   01.57
000291     1.56   01.57
000292     1.56   01.57
000293     1.56   01.57
000294     1.56   01.57
000295     1.55   01.57
000296     1.55   01.56
000297     1.55   01.56
000298     1.55   01.56
000299     1.55   01.56
000300     1.55   01.56
000301     1.55   01.56
000302     1.55   01.56
000303     1.55   01.55
000304     1.54   01.55
000305     1.54   01.55
000306     1.54   01.55
000307     1.54   01.55
000308     1.54   01.55
000309     1.53   01.54
000310     1.53   01.54
000311     1.53   01.54
000312     1.53   01.54
000313     1.53   01.54
000314     1.53   01.54
000315     1.53   01.54
000316     1.52   01.53
000317     1.52   01.53
000318     1.52   01.53
000319     1.52   01.53
000320     1.52   01.53
000321     1.52   01.53
000322     1.52   01.53
000323     1.51   01.52
000324     1.51   01.52
000325     1.51   01.52
000326     1.51   01.52
000327     1.50   01.52
000328     1.50   01.51
000329     1.50   01.51
000330     1.50   01.51
000331     1.50   01.51
000332     1.49   01.51
000333     1.49   01.51
000334     1.49   01.50
000335     1.49   01.50
000336     1.49   01.50
000337     1.49   01.50
000338     1.49   01.50
000339     1.48   01.50
000340     1.48   01.49
000341     1.48   01.49
000342     1.48   01.49
000343     1.48   01.49
000344     1.48   01.49
000345     1.47   01.48
000346     1.47   01.48
000347     1.47   01.48
000348     1.47   01.48
000349     1.47   01.48
000350     1.46   01.48
000351     1.46   01.47
000352     1.46   01.47
000353     1.46   01.47
000354     1.46   01.47
000355     1.46   01.47
000356     1.46   01.47
000357     1.46   01.47
000358     1.45   01.46
000359     1.45   01.46
000360     1.45   01.46
000361     1.45   01.46
000362     1.45   01.46
000363     1.45   01.46
000364     1.44   01.45
000365     1.44   01.45
000366     1.44   01.45
000367     1.44   01.45
000368     1.43   01.45
000369     1.43   01.45
000370     1.43   01.45
000371     1.43   01.44
000372     1.43   01.44
000373     1.42   01.44
000374     1.42   01.43
000375     1.42   01.43
000376     1.42   01.43
000377     1.42   01.43
000378     1.42   01.43
000379     1.42   01.43
000380     1.42   01.43
000381     1.41   01.43
000382     1.41   01.43
000383     1.41   01.42
000384     1.41   01.42
000385     1.41   01.42
000386     1.41   01.42
000387     1.41   01.42
000388     1.40   01.42
000389     1.40   01.41
000390     1.40   01.41
000391     1.40   01.41
000392     1.40   01.41
000393     1.40   01.41
000394     1.40   01.41
000395     1.39   01.40
000396     1.39   01.40
000397     1.39   01.40
000398     1.39   01.40
000399     1.39   01.40
000400     1.39   01.39
000401     1.38   01.39
000402     1.38   01.39
000403     1.38   01.39
000404     1.38   01.39
000405     1.37   01.39
000406     1.37   01.39
000407     1.37   01.38
000408     1.36   01.38
000409     1.36   01.38
000410     1.36   01.38
000411     1.36   01.38
000412     1.36   01.37
000413     1.36   01.37
000414     1.36   01.37
000415     1.36   01.37
000416     1.36   01.37
000417     1.35   01.37
000418     1.35   01.36
000419     1.35   01.36
000420     1.35   01.36
000421     1.35   01.36
000422     1.35   01.36
000423     1.35   01.36
000424     1.35   01.36
000425     1.35   01.36
000426     1.35   01.35
000427     1.34   01.35
000428     1.34   01.35
000429     1.34   01.35
000430     1.34   01.35
000431     1.34   01.35
000432     1.34   01.35
000433     1.34   01.34
000434     1.33   01.34
000435     1.33   01.34
000436     1.33   01.34
000437     1.33   01.34
000438     1.33   01.34
000439     1.33   01.34
000440     1.32   01.33
000441     1.32   01.33
000442     1.32   01.33
000443     1.32   01.33
000444     1.32   01.33
000445     1.32   01.33
000446     1.32   01.32
000447     1.31   01.32
000448     1.31   01.32
000449     1.31   01.32
000450     1.31   01.32
000451     1.31   01.32
000452     1.31   01.32
000453     1.30   01.31
000454     1.30   01.31
000455     1.30   01.31
000456     1.30   01.31
000457     1.30   01.31
000458     1.29   01.31
000459     1.29   01.30
000460     1.29   01.30
000461     1.29   01.30
000462     1.29   01.30
000463     1.29   01.30
000464     1.29   01.30
000465     1.28   01.30
000466     1.28   01.29
000467     1.28   01.29
000468     1.28   01.29
000469     1.28   01.29
000470     1.28   01.29
000471     1.28   01.29
000472     1.28   01.29
000473     1.28   01.28
000474     1.27   01.28
000475     1.27   01.28
000476     1.27   01.28
000477     1.27   01.28
000478     1.27   01.28
000479     1.26   01.28
000480     1.26   01.27
000481     1.26   01.27
000482     1.26   01.27
000483     1.26   01.27
000484     1.26   01.27
000485     1.26   01.27
000486     1.26   01.27
000487     1.25   01.26
000488     1.25   01.26
000489     1.25   01.26
000490     1.25   01.26
000491     1.25   01.26
000492     1.25   01.26
000493     1.25   01.25
000494     1.24   01.25
000495     1.24   01.25
000496     1.24   01.25
000497     1.24   01.25
000498     1.24   01.25
000499     1.23   01.25
000500     1.23   01.24
000501     1.23   01.24
000502     1.23   01.24
000503     1.23   01.24
000504     1.23   01.24
000505     1.22   01.24
000506     1.22   01.24
000507     1.22   01.23
000508     1.22   01.23
000509     1.22   01.23
000510     1.22   01.23
000511     1.22   01.23
000512     1.22   01.23
000513     1.22   01.22
000514     1.22   01.22
000515     1.21   01.22
000516     1.21   01.22
000517     1.21   01.22
000518     1.21   01.22
000519     1.21   01.22
000520     1.20   01.22
000521     1.20   01.22
000522     1.20   01.21
000523     1.20   01.21
000524     1.20   01.21
000525     1.20   01.21
000526     1.20   01.21
000527     1.20   01.21
000528     1.20   01.21
000529     1.20   01.21
000530     1.19   01.20
000531     1.19   01.20
000532     1.19   01.20
000533     1.19   01.20
000534     1.19   01.20
000535     1.18   01.20
000536     1.18   01.20
000537     1.18   01.19
000538     1.18   01.19
000539     1.18   01.19
000540     1.18   01.19
000541     1.18   01.19
000542     1.18   01.19
000543     1.18   01.19
000544     1.17   01.18
000545     1.17   01.18
000546     1.17   01.18
000547     1.17   01.18
000548     1.17   01.18
000549     1.17   01.18
000550     1.17   01.18
000551     1.17   01.17
000552     1.16   01.17
000553     1.16   01.17
000554     1.16   01.17
000555     1.16   01.17
000556     1.16   01.17
000557     1.15   01.17
000558     1.15   01.16
000559     1.15   01.16
000560     1.15   01.16
000561     1.15   01.16
000562     1.15   01.16
000563     1.15   01.16
000564     1.14   01.15
000565     1.14   01.15
000566     1.14   01.15
000567     1.14   01.15
000568     1.14   01.15
000569     1.14   01.15
000570     1.14   01.15
000571     1.14   01.15
000572     1.13   01.14
000573     1.13   01.14
000574     1.13   01.14
000575     1.13   01.14
000576     1.13   01.14
000577     1.13   01.14
000578     1.13   01.14
000579     1.13   01.13
000580     1.12   01.13
000581     1.12   01.13
000582     1.12   01.13
000583     1.12   01.13
000584     1.12   01.13
000585     1.12   01.13
000586     1.11   01.13
000587     1.11   01.12
000588     1.11   01.12
000589     1.11   01.12
000590     1.11   01.12
000591     1.11   01.12
000592     1.11   01.12
000593     1.11   01.12
000594     1.10   01.11
000595     1.10   01.11
000596     1.10   01.11
000597     1.10   01.11
000598     1.10   01.11
000599     1.10   01.11
000600     1.10   01.11
000601     1.10   01.11
000602     1.10   01.10
000603     1.09   01.10
000604     1.09   01.10
000605     1.09   01.10
000606     1.09   01.10
000607     1.09   01.10
000608     1.09   01.10
000609     1.09   01.10
000610     1.08   01.09
000611     1.08   01.09
000612     1.08   01.09
000613     1.08   01.09
000614     1.08   01.09
000615     1.08   01.09
000616     1.08   01.09
000617     1.07   01.09
000618     1.07   01.08
000619     1.07   01.08
000620     1.07   01.08
000621     1.07   01.08
000622     1.07   01.08
000623     1.07   01.08
000624     1.07   01.08
000625     1.07   01.08
000626     1.07   01.08
000627     1.07   01.07
000628     1.07   01.07
000629     1.06   01.07
000630     1.06   01.07
000631     1.06   01.07
000632     1.06   01.07
000633     1.06   01.07
000634     1.06   01.06
000635     1.05   01.06
000636     1.05   01.06
000637     1.05   01.06
000638     1.05   01.06
000639     1.05   01.06
000640     1.05   01.06
000641     1.05   01.06
000642     1.05   01.06
000643     1.05   01.06
000644     1.04   01.05
000645     1.04   01.05
000646     1.04   01.05
000647     1.04   01.05
000648     1.04   01.05
000649     1.04   01.05
000650     1.04   01.05
000651     1.03   01.04
000652     1.03   01.04
000653     1.03   01.04
000654     1.03   01.04
000655     1.03   01.04
000656     1.03   01.04
000657     1.03   01.04
000658     1.02   01.03
000659     1.02   01.03
000660     1.02   01.03
000661     1.02   01.03
000662     1.02   01.03
000663     1.02   01.03
000664     1.02   01.03
000665     1.02   01.03
000666     1.02   01.02
000667     1.02   01.02
000668     1.01   01.02
000669     1.01   01.02
000670     1.01   01.02
000671     1.01   01.02
000672     1.01   01.02
000673     1.01   01.02
000674     1.01   01.02
000675     1.01   01.02
000676     1.00   01.01
000677     1.00   01.01
000678     1.00   01.01
000679     1.00   01.01
000680     1.00   01.01
000681     0.99   01.00
000682     0.99   01.00
000683     0.99   01.00
000684     0.99   01.00
000685     0.99   01.00
000686     0.99   01.00
000687     0.99   01.00
000688     0.99   00.99
000689     0.98   00.99
000690     0.98   00.99
000691     0.98   00.99
000692     0.98   00.99
000693     0.98   00.99
000694     0.98   00.99
000695     0.98   00.99
000696     0.98   00.99
000697     0.98   00.98
000698     0.98   00.98
000699     0.97   00.98
000700     0.97   00.98
000701     0.97   00.98
000702     0.97   00.98
000703     0.97   00.98
000704     0.97   00.98
000705     0.97   00.97
000706     0.97   00.97
000707     0.96   00.97
000708     0.96   00.97
000709     0.96   00.97
000710     0.96   00.97
000711     0.96   00.97
000712     0.96   00.97
000713     0.96   00.97
000714     0.96   00.96
000715     0.96   00.96
000716     0.96   00.96
000717     0.95   00.96
000718     0.95   00.96
000719     0.95   00.96
000720     0.95   00.96
000721     0.95   00.96
000722     0.95   00.96
000723     0.95   00.96
000724     0.95   00.96
000725     0.94   00.95
000726     0.94   00.95
000727     0.94   00.95
000728     0.94   00.95
000729     0.94   00.95
000730     0.94   00.95
000731     0.93   00.94
000732     0.93   00.94
000733     0.93   00.94
000734     0.93   00.94
000735     0.93   00.94
000736     0.93   00.94
000737     0.93   00.94
000738     0.93   00.94
000739     0.93   00.94
000740     0.92   00.93
000741     0.92   00.93
000742     0.92   00.93
000743     0.92   00.93
000744     0.92   00.93
000745     0.92   00.93
000746     0.92   00.93
000747     0.92   00.93
000748     0.92   00.93
000749     0.92   00.93
000750     0.91   00.92
000751     0.91   00.92
000752     0.91   00.92
000753     0.91   00.92
000754     0.91   00.92
000755     0.91   00.92
000756     0.91   00.92
000757     0.90   00.91
000758     0.90   00.91
000759     0.90   00.91
000760     0.90   00.91
000761     0.90   00.91
000762     0.90   00.91
000763     0.89   00.90
000764     0.89   00.90
000765     0.89   00.90
000766     0.89   00.90
000767     0.89   00.90
000768     0.89   00.90
000769     0.89   00.90
000770     0.89   00.90
000771     0.89   00.89
000772     0.88   00.89
000773     0.88   00.89
000774     0.88   00.89
000775     0.88   00.89
000776     0.88   00.89
000777     0.88   00.89
000778     0.88   00.88
000779     0.88   00.88
000780     0.87   00.88
000781     0.87   00.88
000782     0.87   00.88
000783     0.87   00.88
000784     0.87   00.88
000785     0.87   00.88
000786     0.87   00.88
000787     0.87   00.88
000788     0.87   00.88
000789     0.87   00.88
000790     0.87   00.87
000791     0.86   00.87
000792     0.86   00.87
000793     0.86   00.87
000794     0.86   00.87
000795     0.86   00.87
000796     0.86   00.87
000797     0.85   00.87
000798     0.85   00.86
000799     0.85   00.86
000800     0.85   00.86
000801     0.85   00.86
000802     0.85   00.86
000803     0.85   00.86
000804     0.85   00.86
000805     0.85   00.86
000806     0.85   00.86
000807     0.85   00.86
000808     0.84   00.86
000809     0.84   00.86
000810     0.84   00.85
000811     0.84   00.85
000812     0.84   00.85
000813     0.84   00.85
000814     0.84   00.85
000815     0.84   00.85
000816     0.84   00.85
000817     0.84   00.85
000818     0.84   00.84
000819     0.84   00.84
000820     0.84   00.84
000821     0.83   00.84
000822     0.83   00.84
000823     0.83   00.84
000824     0.83   00.84
000825     0.83   00.84
000826     0.83   00.84
000827     0.83   00.84
000828     0.82   00.83
000829     0.82   00.83
000830     0.82   00.83
000831     0.82   00.83
000832     0.82   00.83
000833     0.82   00.83
000834     0.82   00.83
000835     0.82   00.83
000836     0.82   00.83
000837     0.82   00.83
000838     0.82   00.83
000839     0.81   00.82
000840     0.81   00.82
000841     0.81   00.82
000842     0.81   00.82
000843     0.81   00.82
000844     0.81   00.82
000845     0.81   00.82
000846     0.81   00.82
000847     0.81   00.81
000848     0.81   00.81
000849     0.80   00.81
000850     0.80   00.81
000851     0.80   00.81
000852     0.80   00.81
000853     0.80   00.81
000854     0.80   00.81
000855     0.80   00.80
000856     0.80   00.80
000857     0.80   00.80
000858     0.79   00.80
000859     0.79   00.80
000860     0.79   00.80
000861     0.79   00.80
000862     0.79   00.80
000863     0.79   00.80
000864     0.79   00.79
000865     0.78   00.79
000866     0.78   00.79
000867     0.78   00.79
000868     0.78   00.79
000869     0.78   00.79
000870     0.78   00.79
000871     0.78   00.79
000872     0.78   00.79
000873     0.78   00.79
000874     0.78   00.78
000875     0.77   00.78
000876     0.77   00.78
000877     0.77   00.78
000878     0.77   00.78
000879     0.77   00.78
000880     0.77   00.78
000881     0.77   00.78
000882     0.77   00.78
000883     0.77   00.77
000884     0.77   00.77
000885     0.77   00.77
000886     0.77   00.77
000887     0.76   00.77
000888     0.76   00.77
000889     0.76   00.77
000890     0.76   00.77
000891     0.76   00.77
000892     0.76   00.77
000893     0.76   00.77
000894     0.76   00.76
000895     0.76   00.76
000896     0.76   00.76
000897     0.75   00.76
000898     0.75   00.76
000899     0.75   00.76
000900     0.75   00.76
000901     0.75   00.76
000902     0.75   00.76
000903     0.75   00.76
000904     0.75   00.76
000905     0.75   00.75
000906     0.75   00.75
000907     0.74   00.75
000908     0.74   00.75
000909     0.74   00.75
000910     0.74   00.75
000911     0.74   00.75
000912     0.74   00.75
000913     0.74   00.75
000914     0.74   00.75
000915     0.74   00.75
000916     0.74   00.75
000917     0.73   00.74
000918     0.73   00.74
000919     0.73   00.74
000920     0.73   00.74
000921     0.73   00.74
000922     0.73   00.74
000923     0.73   00.74
000924     0.73   00.74
000925     0.73   00.74
000926     0.73   00.74
000927     0.73   00.74
000928     0.73   00.73
000929     0.73   00.73
000930     0.72   00.73
000931     0.72   00.73
000932     0.72   00.73
000933     0.72   00.73
000934     0.72   00.73
000935     0.72   00.73
000936     0.72   00.73
000937     0.72   00.73
000938     0.72   00.72
000939     0.72   00.72
000940     0.71   00.72
000941     0.71   00.72
000942     0.71   00.72
000943     0.71   00.72
000944     0.71   00.72
000945     0.71   00.72
000946     0.71   00.72
000947     0.71   00.71
000948     0.71   00.71
000949     0.70   00.71
000950     0.70   00.71
000951     0.70   00.71
000952     0.70   00.71
000953     0.70   00.71
000954     0.70   00.71
000955     0.70   00.71
000956     0.70   00.71
000957     0.70   00.71
000958     0.69   00.71
000959     0.69   00.71
000960     0.69   00.70
000961     0.69   00.70
000962     0.69   00.70
000963     0.69   00.70
000964     0.69   00.70
000965     0.69   00.70
000966     0.69   00.70
000967     0.69   00.70
000968     0.69   00.70
000969     0.69   00.70
000970     0.69   00.70
000971     0.69   00.70
000972     0.69   00.69
000973     0.69   00.69
000974     0.69   00.69
000975     0.69   00.69
000976     0.68   00.69
000977     0.68   00.69
000978     0.68   00.69
000979     0.68   00.69
000980     0.68   00.69
000981     0.68   00.69
000982     0.68   00.69
000983     0.68   00.69
000984     0.68   00.69
000985     0.68   00.69
000986     0.68   00.68
000987     0.68   00.68
000988     0.68   00.68
000989     0.67   00.68
000990     0.67   00.68
000991     0.67   00.68
000992     0.67   00.68
000993     0.67   00.68
000994     0.67   00.68
000995     0.67   00.68
000996     0.67   00.68
000997     0.67   00.68
000998     0.67   00.68
000999     0.66   00.67
001000     0.66   00.67
001001     0.66   00.67
001002     0.66   00.67
001003     0.66   00.67
001004     0.66   00.67
001005     0.66   00.67
001006     0.66   00.67
001007     0.66   00.67
001008     0.66   00.67
001009     0.66   00.67
001010     0.66   00.67
001011     0.65   00.66
001012     0.65   00.66
001013     0.65   00.66
001014     0.65   00.66
001015     0.65   00.66
001016     0.65   00.66
001017     0.65   00.66
001018     0.65   00.66
001019     0.65   00.66
001020     0.65   00.66
001021     0.64   00.65
001022     0.64   00.65
001023     0.64   00.65
001024     0.64   00.65
001025     0.64   00.65
001026     0.64   00.65
001027     0.64   00.65
001028     0.64   00.65
001029     0.64   00.65
001030     0.64   00.65
001031     0.64   00.65
001032     0.64   00.65
001033     0.64   00.65
001034     0.64   00.64
001035     0.64   00.64
001036     0.64   00.64
001037     0.64   00.64
001038     0.64   00.64
001039     0.64   00.64
001040     0.64   00.64
001041     0.64   00.64
001042     0.63   00.64
001043     0.63   00.64
001044     0.63   00.64
001045     0.63   00.64
001046     0.63   00.64
001047     0.63   00.64
001048     0.63   00.64
001049     0.63   00.64
001050     0.63   00.63
001051     0.63   00.63
001052     0.62   00.63
001053     0.62   00.63
001054     0.62   00.63
001055     0.62   00.63
001056     0.62   00.63
001057     0.62   00.63
001058     0.62   00.63
001059     0.62   00.63
001060     0.62   00.63
001061     0.62   00.63
001062     0.62   00.62
001063     0.62   00.62
001064     0.62   00.62
001065     0.61   00.62
001066     0.61   00.62
001067     0.61   00.62
001068     0.61   00.62
001069     0.61   00.62
001070     0.61   00.62
001071     0.61   00.62
001072     0.61   00.62
001073     0.61   00.62
001074     0.61   00.62
001075     0.61   00.62
001076     0.61   00.62
001077     0.61   00.61
001078     0.61   00.61
001079     0.61   00.61
001080     0.61   00.61
001081     0.61   00.61
001082     0.60   00.61
001083     0.60   00.61
001084     0.60   00.61
001085     0.60   00.61
001086     0.60   00.61
001087     0.60   00.61
001088     0.60   00.61
001089     0.60   00.61
001090     0.60   00.61
001091     0.60   00.61
001092     0.60   00.61
001093     0.60   00.61
001094     0.60   00.60
001095     0.60   00.60
001096     0.60   00.60
001097     0.59   00.60
001098     0.59   00.60
001099     0.59   00.60
001100     0.59   00.60
001101     0.59   00.60
001102     0.59   00.60
001103     0.59   00.60
001104     0.59   00.60
001105     0.59   00.60
001106     0.59   00.60
001107     0.59   00.60
001108     0.59   00.60
001109     0.59   00.59
001110     0.59   00.59
001111     0.59   00.59
001112     0.58   00.59
001113     0.58   00.59
001114     0.58   00.59
001115     0.58   00.59
001116     0.58   00.59
001117     0.58   00.59
001118     0.58   00.59
001119     0.58   00.59
001120     0.58   00.59
001121     0.58   00.59
001122     0.58   00.58
001123     0.58   00.58
001124     0.58   00.58
001125     0.57   00.58
001126     0.57   00.58
001127     0.57   00.58
001128     0.57   00.58
001129     0.57   00.58
001130     0.57   00.58
001131     0.57   00.58
001132     0.57   00.58
001133     0.57   00.58
001134     0.57   00.57
001135     0.56   00.58
001136     0.56   00.57
001137     0.56   00.57
001138     0.56   00.57
001139     0.56   00.57
001140     0.56   00.57
001141     0.56   00.57
001142     0.56   00.57
001143     0.56   00.57
001144     0.56   00.57
001145     0.56   00.57
001146     0.56   00.56
001147     0.56   00.56
001148     0.55   00.56
001149     0.55   00.56
001150     0.55   00.56
001151     0.55   00.56
001152     0.55   00.56
001153     0.55   00.56
001154     0.55   00.56
001155     0.55   00.56
001156     0.55   00.56
001157     0.55   00.56
001158     0.55   00.56
001159     0.55   00.56
001160     0.55   00.55
001161     0.55   00.55
001162     0.54   00.55
001163     0.54   00.55
001164     0.54   00.55
001165     0.54   00.55
001166     0.54   00.55
001167     0.54   00.55
001168     0.54   00.55
001169     0.54   00.55
001170     0.54   00.55
001171     0.54   00.55
001172     0.54   00.55
001173     0.54   00.55
001174     0.54   00.55
001175     0.54   00.55
001176     0.54   00.55
001177     0.54   00.55
001178     0.54   00.55
001179     0.54   00.54
001180     0.54   00.54
001181     0.54   00.54
001182     0.54   00.54
001183     0.53   00.54
001184     0.53   00.54
001185     0.53   00.54
001186     0.53   00.54
001187     0.53   00.54
001188     0.53   00.54
001189     0.53   00.54
001190     0.53   00.54
001191     0.53   00.54
001192     0.53   00.54
001193     0.53   00.54
001194     0.53   00.54
001195     0.53   00.54
001196     0.53   00.54
001197     0.52   00.54
001198     0.52   00.53
001199     0.52   00.54
001200     0.52   00.53
001201     0.52   00.53
001202     0.52   00.53
001203     0.52   00.53
001204     0.52   00.53
001205     0.52   00.53
001206     0.52   00.53
001207     0.52   00.53
001208     0.52   00.53
001209     0.52   00.53
001210     0.52   00.53
001211     0.52   00.53
001212     0.52   00.53
001213     0.52   00.52
001214     0.52   00.52
001215     0.52   00.52
001216     0.52   00.52
001217     0.52   00.52
001218     0.52   00.52
001219     0.52   00.52
001220     0.52   00.52
001221     0.51   00.52
001222     0.51   00.52
001223     0.51   00.52
001224     0.51   00.52
001225     0.51   00.52
001226     0.51   00.52
001227     0.51   00.52
001228     0.51   00.52
001229     0.51   00.52
001230     0.51   00.52
001231     0.51   00.52
001232     0.51   00.52
001233     0.51   00.52
001234     0.51   00.51
001235     0.50   00.51
001236     0.50   00.51
001237     0.50   00.51
001238     0.50   00.51
001239     0.50   00.51
001240     0.50   00.51
001241     0.50   00.51
001242     0.50   00.51
001243     0.50   00.51
001244     0.50   00.51
001245     0.50   00.51
001246     0.50   00.51
001247     0.50   00.51
001248     0.50   00.51
001249     0.50   00.51
001250     0.50   00.51
001251     0.50   00.51
001252     0.50   00.50
001253     0.50   00.50
001254     0.50   00.50
001255     0.50   00.50
001256     0.49   00.50
001257     0.49   00.50
001258     0.49   00.50
001259     0.49   00.50
001260     0.49   00.50
001261     0.49   00.50
001262     0.49   00.50
001263     0.49   00.50
001264     0.49   00.50
001265     0.49   00.50
001266     0.49   00.50
001267     0.49   00.50
001268     0.49   00.50
001269     0.49   00.49
001270     0.49   00.49
001271     0.49   00.49
001272     0.49   00.49
001273     0.49   00.49
001274     0.48   00.49
001275     0.48   00.49
001276     0.48   00.49
001277     0.48   00.49
001278     0.48   00.49
001279     0.48   00.49
001280     0.48   00.49
001281     0.48   00.49
001282     0.48   00.49
001283     0.48   00.49
001284     0.48   00.49
001285     0.48   00.49
001286     0.48   00.49
001287     0.48   00.49
001288     0.48   00.49
001289     0.48   00.49
001290     0.48   00.49
001291     0.48   00.49
001292     0.48   00.49
001293     0.48   00.49
001294     0.48   00.49
001295     0.48   00.49
001296     0.48   00.48
001297     0.48   00.48
001298     0.48   00.48
001299     0.48   00.48
001300     0.48   00.48
001301     0.48   00.48
001302     0.47   00.48
001303     0.47   00.48
001304     0.47   00.48
001305     0.47   00.48
001306     0.47   00.48
001307     0.47   00.48
001308     0.47   00.48
001309     0.47   00.48
001310     0.47   00.48
001311     0.47   00.48
001312     0.47   00.48
001313     0.47   00.48
001314     0.47   00.48
001315     0.47   00.48
001316     0.47   00.47
001317     0.47   00.47
001318     0.47   00.47
001319     0.47   00.47
001320     0.47   00.47
001321     0.46   00.47
001322     0.46   00.47
001323     0.46   00.47
001324     0.46   00.47
001325     0.46   00.47
001326     0.46   00.47
001327     0.46   00.47
001328     0.46   00.47
001329     0.46   00.47
001330     0.46   00.47
001331     0.46   00.47
001332     0.46   00.47
001333     0.46   00.47
001334     0.46   00.47
001335     0.46   00.47
001336     0.46   00.47
001337     0.46   00.47
001338     0.46   00.47
001339     0.46   00.47
001340     0.46   00.46
001341     0.46   00.46
001342     0.46   00.46
001343     0.46   00.46
001344     0.46   00.46
001345     0.46   00.46
001346     0.46   00.46
001347     0.46   00.46
001348     0.46   00.46
001349     0.45   00.46
001350     0.45   00.46
001351     0.45   00.46
001352     0.45   00.46
001353     0.45   00.46
001354     0.45   00.46
001355     0.45   00.46
001356     0.45   00.46
001357     0.45   00.46
001358     0.45   00.46
001359     0.45   00.46
001360     0.45   00.46
001361     0.45   00.46
001362     0.45   00.46
001363     0.45   00.46
001364     0.45   00.46
001365     0.45   00.46
001366     0.45   00.45
001367     0.45   00.45
001368     0.45   00.45
001369     0.45   00.45
001370     0.45   00.45
001371     0.45   00.45
001372     0.45   00.45
001373     0.45   00.45
001374     0.45   00.45
001375     0.45   00.45
001376     0.45   00.45
001377     0.45   00.45
001378     0.45   00.45
001379     0.45   00.45
001380     0.44   00.45
001381     0.44   00.45
001382     0.44   00.45
001383     0.44   00.45
001384     0.44   00.45
001385     0.44   00.45
001386     0.44   00.45
001387     0.44   00.45
001388     0.44   00.45
001389     0.44   00.45
001390     0.44   00.45
001391     0.44   00.45
001392     0.44   00.45
001393     0.44   00.45
001394     0.44   00.45
001395     0.44   00.45
001396     0.44   00.45
001397     0.44   00.44
001398     0.44   00.44
001399     0.44   00.44
001400     0.44   00.44
001401     0.44   00.44
001402     0.44   00.44
001403     0.44   00.44
001404     0.44   00.44
001405     0.44   00.44
001406     0.44   00.44
001407     0.43   00.44
001408     0.43   00.44
001409     0.43   00.44
001410     0.43   00.44
001411     0.43   00.44
001412     0.43   00.44
001413     0.43   00.44
001414     0.43   00.44
001415     0.43   00.44
001416     0.43   00.44
001417     0.43   00.44
001418     0.43   00.44
001419     0.43   00.44
001420     0.43   00.44
001421     0.43   00.44
001422     0.43   00.44
001423     0.43   00.43
001424     0.43   00.43
001425     0.43   00.43
001426     0.43   00.43
001427     0.42   00.43
001428     0.42   00.43
001429     0.42   00.43
001430     0.42   00.43
001431     0.42   00.43
001432     0.42   00.43
001433     0.42   00.43
001434     0.42   00.43
001435     0.42   00.43
001436     0.42   00.43
001437     0.42   00.42
001438     0.42   00.42
001439     0.42   00.42
001440     0.42   00.42
001441     0.42   00.42
001442     0.41   00.42
001443     0.41   00.42
001444     0.41   00.42
001445     0.41   00.42
001446     0.41   00.42
001447     0.41   00.42
001448     0.41   00.42
001449     0.41   00.42
001450     0.41   00.42
001451     0.41   00.42
001452     0.41   00.42
001453     0.41   00.42
001454     0.41   00.42
001455     0.41   00.42
001456     0.41   00.42
001457     0.41   00.42
001458     0.41   00.42
001459     0.41   00.42
001460     0.41   00.42
001461     0.41   00.42
001462     0.41   00.42
001463     0.41   00.42
001464     0.41   00.42
001465     0.41   00.41
001466     0.41   00.41
001467     0.41   00.41
001468     0.41   00.41
001469     0.41   00.41
001470     0.41   00.41
001471     0.41   00.41
001472     0.40   00.41
001473     0.40   00.41
001474     0.40   00.41
001475     0.40   00.41
001476     0.40   00.41
001477     0.40   00.41
001478     0.40   00.41
001479     0.40   00.41
001480     0.40   00.41
001481     0.40   00.41
001482     0.40   00.41
001483     0.40   00.41
001484     0.40   00.41
001485     0.40   00.41
001486     0.40   00.41
001487     0.40   00.41
001488     0.40   00.41
001489     0.40   00.41
001490     0.40   00.41
001491     0.40   00.41
001492     0.40   00.41
001493     0.40   00.41
001494     0.40   00.41
001495     0.40   00.41
001496     0.40   00.41
001497     0.40   00.41
001498     0.40   00.41
001499     0.40   00.41
001500     0.40   00.41
001501     0.40   00.41
001502     0.40   00.41
001503     0.40   00.40
001504     0.40   00.40
001505     0.40   00.40
001506     0.40   00.40
001507     0.40   00.40
001508     0.40   00.40
001509     0.40   00.40
001510     0.40   00.40
001511     0.40   00.40
001512     0.40   00.40
001513     0.40   00.40
001514     0.40   00.40
001515     0.40   00.40
001516     0.39   00.40
001517     0.39   00.40
001518     0.39   00.40
001519     0.39   00.40
001520     0.39   00.40
001521     0.39   00.40
001522     0.39   00.40
001523     0.39   00.40
001524     0.39   00.40
001525     0.39   00.40
001526     0.39   00.40
001527     0.39   00.40
001528     0.39   00.40
001529     0.39   00.40
001530     0.39   00.40
001531     0.39   00.40
001532     0.39   00.40
001533     0.39   00.40
001534     0.39   00.40
001535     0.39   00.40
001536     0.39   00.40
001537     0.39   00.40
001538     0.39   00.40
001539     0.39   00.40
001540     0.39   00.40
001541     0.39   00.40
001542     0.39   00.39
001543     0.39   00.39
001544     0.39   00.39
001545     0.39   00.39
001546     0.39   00.39
001547     0.38   00.39
001548     0.38   00.39
001549     0.38   00.39
001550     0.38   00.39
001551     0.38   00.39
001552     0.38   00.39
001553     0.38   00.39
001554     0.38   00.39
001555     0.38   00.39
001556     0.38   00.39
001557     0.38   00.39
001558     0.38   00.39
001559     0.38   00.39
001560     0.38   00.39
001561     0.38   00.39
001562     0.38   00.39
001563     0.38   00.39
001564     0.38   00.39
001565     0.38   00.39
001566     0.38   00.39
001567     0.38   00.39
001568     0.38   00.39
001569     0.38   00.39
001570     0.38   00.39
001571     0.38   00.39
001572     0.38   00.38
001573     0.38   00.38
001574     0.38   00.38
001575     0.38   00.38
001576     0.38   00.38
001577     0.38   00.38
001578     0.38   00.38
001579     0.38   00.38
001580     0.38   00.38
001581     0.38   00.38
001582     0.38   00.38
001583     0.38   00.38
001584     0.37   00.38
001585     0.37   00.38
001586     0.37   00.38
001587     0.37   00.38
001588     0.37   00.38
001589     0.37   00.38
001590     0.37   00.38
001591     0.37   00.38
001592     0.37   00.38
001593     0.37   00.38
001594     0.37   00.38
001595     0.37   00.38
001596     0.37   00.38
001597     0.37   00.38
001598     0.37   00.38
001599     0.37   00.37
001600     0.37   00.37
001601     0.37   00.38
001602     0.37   00.38
001603     0.37   00.37
001604     0.37   00.37
001605     0.37   00.37
001606     0.37   00.37
001607     0.37   00.37
001608     0.37   00.37
001609     0.37   00.37
001610     0.37   00.37
001611     0.37   00.37
001612     0.37   00.37
001613     0.37   00.37
001614     0.36   00.37
001615     0.36   00.37
001616     0.36   00.37
001617     0.36   00.37
001618     0.36   00.37
001619     0.36   00.37
001620     0.36   00.37
001621     0.36   00.37
001622     0.36   00.37
001623     0.36   00.37
001624     0.36   00.37
001625     0.36   00.37
001626     0.36   00.37
001627     0.36   00.37
001628     0.36   00.37
001629     0.36   00.37
001630     0.36   00.37
001631     0.36   00.37
001632     0.36   00.37
001633     0.36   00.37
001634     0.36   00.37
001635     0.36   00.37
001636     0.36   00.37
001637     0.36   00.37
001638     0.36   00.37
001639     0.36   00.37
001640     0.36   00.37
001641     0.36   00.37
001642     0.36   00.37
001643     0.36   00.37
001644     0.36   00.37
001645     0.36   00.37
001646     0.36   00.37
001647     0.36   00.37
001648     0.36   00.37
001649     0.36   00.36
001650     0.36   00.36
001651     0.36   00.36
001652     0.36   00.36
001653     0.36   00.36
001654     0.36   00.36
001655     0.36   00.36
001656     0.35   00.36
001657     0.35   00.36
001658     0.35   00.36
001659     0.35   00.36
001660     0.35   00.36
001661     0.35   00.36
001662     0.35   00.36
001663     0.35   00.36
001664     0.35   00.36
001665     0.35   00.36
001666     0.35   00.36
001667     0.35   00.36
001668     0.35   00.36
001669     0.35   00.36
001670     0.35   00.36
001671     0.35   00.36
001672     0.35   00.36
001673     0.35   00.36
001674     0.35   00.36
001675     0.35   00.36
001676     0.35   00.36
001677     0.35   00.36
001678     0.35   00.36
001679     0.35   00.36
001680     0.35   00.36
001681     0.35   00.36
001682     0.35   00.36
001683     0.35   00.36
001684     0.35   00.36
001685     0.35   00.36
001686     0.35   00.35
001687     0.35   00.35
001688     0.35   00.35
001689     0.35   00.35
001690     0.35   00.35
001691     0.35   00.35
001692     0.35   00.35
001693     0.35   00.35
001694     0.35   00.35
001695     0.35   00.35
001696     0.35   00.35
001697     0.35   00.35
001698     0.35   00.35
001699     0.35   00.35
001700     0.35   00.35
001701     0.35   00.35
001702     0.35   00.35
001703     0.35   00.35
001704     0.35   00.35
001705     0.35   00.35
001706     0.35   00.35
001707     0.35   00.35
001708     0.34   00.35
001709     0.34   00.35
001710     0.34   00.35
001711     0.34   00.35
001712     0.34   00.35
001713     0.34   00.35
001714     0.34   00.35
001715     0.34   00.35
001716     0.34   00.35
001717     0.34   00.35
001718     0.34   00.35
001719     0.34   00.35
001720     0.34   00.35
001721     0.34   00.35
001722     0.34   00.35
001723     0.34   00.35
001724     0.34   00.35
001725     0.34   00.35
001726     0.34   00.35
001727     0.34   00.35
001728     0.34   00.35
001729     0.34   00.35
001730     0.34   00.35
001731     0.34   00.34
001732     0.34   00.34
001733     0.34   00.34
001734     0.34   00.34
001735     0.34   00.34
001736     0.34   00.34
001737     0.34   00.34
001738     0.34   00.34
001739     0.34   00.34
001740     0.34   00.34
001741     0.34   00.34
001742     0.34   00.34
001743     0.34   00.34
001744     0.34   00.34
001745     0.34   00.34
001746     0.34   00.34
001747     0.34   00.34
001748     0.34   00.34
001749     0.34   00.34
001750     0.34   00.34
001751     0.34   00.34
001752     0.34   00.34
001753     0.34   00.34
001754     0.34   00.34
001755     0.34   00.34
001756     0.34   00.34
001757     0.34   00.34
001758     0.34   00.34
001759     0.34   00.34
001760     0.34   00.34
001761     0.33   00.34
001762     0.33   00.34
001763     0.33   00.34
001764     0.33   00.34
001765     0.33   00.34
001766     0.33   00.34
001767     0.33   00.34
001768     0.33   00.34
001769     0.33   00.34
001770     0.33   00.34
001771     0.33   00.34
001772     0.33   00.34
001773     0.33   00.34
001774     0.33   00.34
001775     0.33   00.34
001776     0.33   00.34
001777     0.33   00.34
001778     0.33   00.34
001779     0.33   00.34
001780     0.33   00.34
001781     0.33   00.34
001782     0.33   00.34
001783     0.33   00.34
001784     0.33   00.34
001785     0.33   00.34
001786     0.33   00.34
001787     0.33   00.34
001788     0.33   00.34
001789     0.33   00.34
001790     0.33   00.34
001791     0.33   00.34
001792     0.33   00.34
001793     0.33   00.34
001794     0.33   00.34
001795     0.33   00.34
001796     0.33   00.34
001797     0.33   00.33
001798     0.33   00.33
001799     0.33   00.34
001800     0.33   00.34
001801     0.33   00.33
001802     0.33   00.33
001803     0.33   00.33
001804     0.33   00.33
001805     0.33   00.33
001806     0.33   00.33
001807     0.33   00.33
001808     0.33   00.33
001809     0.33   00.33
001810     0.33   00.33
001811     0.33   00.33
001812     0.33   00.33
001813     0.33   00.33
001814     0.32   00.33
001815     0.32   00.33
001816     0.32   00.33
001817     0.32   00.33
001818     0.32   00.33
001819     0.32   00.33
001820     0.32   00.33
001821     0.32   00.33
001822     0.32   00.33
001823     0.32   00.33
001824     0.32   00.33
001825     0.32   00.33
001826     0.32   00.33
001827     0.32   00.33
001828     0.32   00.33
001829     0.32   00.33
001830     0.32   00.33
001831     0.32   00.33
001832     0.32   00.33
001833     0.32   00.33
001834     0.32   00.33
001835     0.32   00.33
001836     0.32   00.33
001837     0.32   00.33
001838     0.32   00.33
001839     0.32   00.33
001840     0.32   00.33
001841     0.32   00.33
001842     0.32   00.33
001843     0.32   00.33
001844     0.32   00.33
001845     0.32   00.33
001846     0.32   00.33
001847     0.32   00.33
001848     0.32   00.33
001849     0.32   00.33
001850     0.32   00.33
001851     0.32   00.33
001852     0.32   00.33
001853     0.32   00.33
001854     0.32   00.33
001855     0.32   00.32
001856     0.32   00.32
001857     0.32   00.32
001858     0.32   00.32
001859     0.32   00.32
001860     0.32   00.32
001861     0.32   00.32
001862     0.32   00.32
001863     0.32   00.32
001864     0.32   00.32
001865     0.32   00.32
001866     0.32   00.32
001867     0.32   00.32
001868     0.32   00.32
001869     0.32   00.32
001870     0.32   00.32
001871     0.32   00.32
001872     0.32   00.32
001873     0.32   00.32
001874     0.32   00.32
001875     0.32   00.32
001876     0.32   00.32
001877     0.32   00.32
001878     0.32   00.32
001879     0.32   00.32
001880     0.32   00.32
001881     0.32   00.32
001882     0.32   00.32
001883     0.32   00.32
001884     0.32   00.32
001885     0.32   00.32
001886     0.32   00.32
001887     0.32   00.32
001888     0.32   00.32
001889     0.32   00.32
001890     0.32   00.32
001891     0.32   00.32
001892     0.32   00.32
001893     0.32   00.32
001894     0.32   00.32
001895     0.32   00.32
001896     0.32   00.32
001897     0.32   00.32
001898     0.32   00.32
001899     0.32   00.32
001900     0.32   00.32
001901     0.31   00.32
001902     0.31   00.32
001903     0.31   00.32
001904     0.31   00.32
001905     0.31   00.32
001906     0.31   00.32
001907     0.31   00.32
001908     0.31   00.32
001909     0.31   00.32
001910     0.31   00.32
001911     0.31   00.32
001912     0.31   00.32
001913     0.31   00.32
001914     0.31   00.32
001915     0.31   00.32
001916     0.31   00.32
001917     0.31   00.32
001918     0.31   00.32
001919     0.31   00.32
001920     0.31   00.32
001921     0.31   00.32
001922     0.31   00.32
001923     0.31   00.32
001924     0.31   00.32
001925     0.31   00.32
001926     0.31   00.32
001927     0.31   00.32
001928     0.31   00.32
001929     0.31   00.32
001930     0.31   00.32
001931     0.31   00.32
001932     0.31   00.32
001933     0.31   00.32
001934     0.31   00.32
001935     0.31   00.32
001936     0.31   00.32
001937     0.31   00.32
001938     0.31   00.32
001939     0.31   00.32
001940     0.31   00.32
001941     0.31   00.31
001942     0.31   00.31
001943     0.31   00.32
001944     0.31   00.32
001945     0.31   00.32
001946     0.31   00.32
001947     0.31   00.32
001948     0.31   00.32
001949     0.31   00.32
001950     0.31   00.32
001951     0.31   00.32
001952     0.31   00.32
001953     0.31   00.32
001954     0.31   00.32
001955     0.31   00.31
001956     0.31   00.32
001957     0.31   00.32
001958     0.31   00.32
001959     0.31   00.32
001960     0.31   00.32
001961     0.31   00.32
001962     0.31   00.32
001963     0.31   00.32
001964     0.31   00.32
001965     0.31   00.31
001966     0.31   00.31
001967     0.31   00.31
001968     0.31   00.31
001969     0.31   00.31
001970     0.31   00.31
001971     0.31   00.31
001972     0.31   00.31
001973     0.31   00.31
001974     0.31   00.31
001975     0.31   00.31
001976     0.31   00.31
001977     0.31   00.31
001978     0.31   00.31
001979     0.31   00.31
001980     0.31   00.31
001981     0.31   00.31
001982     0.31   00.31
001983     0.31   00.31
001984     0.31   00.31
001985     0.31   00.31
001986     0.31   00.31
001987     0.31   00.31
001988     0.31   00.31
001989     0.31   00.31
001990     0.31   00.31
001991     0.31   00.31
001992     0.30   00.31
001993     0.30   00.31
001994     0.30   00.31
001995     0.30   00.31
001996     0.30   00.31
001997     0.30   00.31
001998     0.30   00.31
001999     0.30   00.31
002000     0.30   00.31
002001     0.30   00.31
002002     0.30   00.31
002003     0.30   00.31
002004     0.30   00.31
002005     0.30   00.31
002006     0.30   00.31
002007     0.30   00.31
002008     0.30   00.31
002009     0.30   00.31
002010     0.30   00.31
002011     0.30   00.31
002012     0.30   00.31
002013     0.30   00.31
002014     0.30   00.31
002015     0.30   00.31
002016     0.30   00.31
002017     0.30   00.31
002018     0.30   00.31
002019     0.30   00.31
002020     0.30   00.31
002021     0.30   00.31
002022     0.30   00.31
002023     0.30   00.31
002024     0.30   00.31
002025     0.30   00.31
002026     0.30   00.31
002027     0.30   00.31
002028     0.30   00.31
002029     0.30   00.31
002030     0.30   00.31
002031     0.30   00.31
002032     0.30   00.31
002033     0.30   00.31
002034     0.30   00.31
002035     0.30   00.31
002036     0.30   00.31
002037     0.30   00.31
002038     0.30   00.31
002039     0.30   00.31
002040     0.30   00.31
002041     0.30   00.31
002042     0.30   00.31
002043     0.30   00.31
002044     0.30   00.31
002045     0.30   00.31
002046     0.30   00.31
002047     0.30   00.31
002048     0.30   00.31
002049     0.30   00.31
002050     0.30   00.31
002051     0.30   00.31
002052     0.30   00.31
002053     0.30   00.31
002054     0.30   00.31
002055     0.30   00.31
002056     0.30   00.31
002057     0.30   00.31
002058     0.30   00.31
002059     0.30   00.31
002060     0.30   00.31
002061     0.30   00.31
002062     0.30   00.31
002063     0.30   00.31
002064     0.30   00.31
002065     0.30   00.31
002066     0.30   00.31
002067     0.30   00.31
002068     0.30   00.31
002069     0.30   00.31
002070     0.30   00.31
002071     0.30   00.31
002072     0.30   00.31
002073     0.30   00.31
002074     0.30   00.31
002075     0.30   00.31
002076     0.30   00.31
002077     0.30   00.31
002078     0.30   00.31
002079     0.30   00.31
002080     0.30   00.31
002081     0.30   00.30
002082     0.30   00.31
002083     0.30   00.31
002084     0.30   00.31
002085     0.30   00.31
002086     0.30   00.31
002087     0.30   00.31
002088     0.30   00.31
002089     0.30   00.31
002090     0.30   00.31
002091     0.30   00.31
002092     0.30   00.31
002093     0.30   00.31
002094     0.30   00.31
002095     0.30   00.30
002096     0.30   00.31
002097     0.30   00.30
002098     0.30   00.30
002099     0.30   00.31
002100     0.30   00.30
002101     0.30   00.30
002102     0.30   00.30
002103     0.30   00.30
002104     0.30   00.30
002105     0.30   00.30
002106     0.30   00.31
002107     0.30   00.31
002108     0.30   00.30
002109     0.30   00.30
002110     0.30   00.30
002111     0.30   00.30
002112     0.30   00.30
002113     0.30   00.30
002114     0.30   00.30
002115     0.30   00.30
002116     0.30   00.30
002117     0.30   00.30
002118     0.30   00.30
002119     0.30   00.30
002120     0.30   00.30
002121     0.30   00.30
002122     0.30   00.30
002123     0.30   00.31
002124     0.30   00.30
002125     0.30   00.31
002126     0.30   00.31
002127     0.30   00.31
002128     0.30   00.31
002129     0.30   00.31
002130     0.30   00.31
002131     0.30   00.31
002132     0.30   00.31
002133     0.30   00.31
002134     0.30   00.31
002135     0.30   00.30
002136     0.30   00.30
002137     0.30   00.30
002138     0.30   00.30
002139     0.30   00.30
002140     0.30   00.31
002141     0.30   00.31
002142     0.30   00.30
002143     0.30   00.30
002144     0.30   00.30
002145     0.30   00.30
002146     0.30   00.30
002147     0.30   00.30
002148     0.30   00.30
002149     0.30   00.30
002150     0.30   00.30
002151     0.30   00.30
002152     0.30   00.30
002153     0.30   00.30
002154     0.30   00.30
002155     0.30   00.30
002156     0.30   00.30
002157     0.30   00.30
002158     0.30   00.30
002159     0.30   00.30
002160     0.30   00.30
002161     0.30   00.30
002162     0.30   00.30
002163     0.30   00.30
002164     0.30   00.30
002165     0.30   00.30
002166     0.30   00.30
002167     0.30   00.30
002168     0.30   00.30
002169     0.30   00.30
002170     0.30   00.30
002171     0.30   00.30
002172     0.30   00.30
002173     0.30   00.30
002174     0.30   00.30
002175     0.30   00.30
002176     0.30   00.30
002177     0.30   00.30
002178     0.30   00.30
002179     0.30   00.30
002180     0.30   00.30
002181     0.30   00.30
002182     0.30   00.30
002183     0.30   00.30
002184     0.30   00.30
002185     0.30   00.30
002186     0.30   00.30
002187     0.30   00.30
002188     0.30   00.30
002189     0.30   00.30
002190     0.30   00.30
002191     0.30   00.30
002192     0.30   00.30
002193     0.30   00.30
002194     0.30   00.30
002195     0.30   00.30
002196     0.30   00.30
002197     0.30   00.30
002198     0.30   00.30
002199     0.29   00.30
002200     0.29   00.30
002201     0.29   00.30
002202     0.29   00.30
002203     0.29   00.30
002204     0.29   00.30
002205     0.29   00.30
002206     0.29   00.30
002207     0.29   00.30
002208     0.29   00.30
002209     0.29   00.30
002210     0.29   00.30
002211     0.29   00.30
002212     0.29   00.30
002213     0.29   00.30
002214     0.29   00.30
002215     0.29   00.30
002216     0.29   00.30
002217     0.29   00.30
002218     0.29   00.30
002219     0.29   00.30
002220     0.29   00.30
002221     0.29   00.30
002222     0.29   00.30
002223     0.29   00.30
002224     0.29   00.30
002225     0.29   00.30
002226     0.29   00.30
002227     0.29   00.30
002228     0.29   00.30
002229     0.29   00.30
002230     0.29   00.30
002231     0.29   00.30
002232     0.29   00.30
002233     0.29   00.30
002234     0.29   00.30
002235     0.29   00.30
002236     0.29   00.30
002237     0.29   00.30
002238     0.29   00.30
002239     0.29   00.30
002240     0.29   00.30
002241     0.29   00.30
002242     0.29   00.30
002243     0.29   00.30
002244     0.29   00.30
002245     0.29   00.30
002246     0.29   00.30
002247     0.29   00.30
002248     0.29   00.29
002249     0.29   00.29
002250     0.29   00.30
002251     0.29   00.29
002252     0.29   00.29
002253     0.29   00.29
002254     0.29   00.29
002255     0.29   00.29
002256     0.29   00.29
002257     0.29   00.29
002258     0.29   00.29
002259     0.29   00.29
002260     0.29   00.29
002261     0.29   00.29
002262     0.29   00.29
002263     0.29   00.29
002264     0.29   00.29
002265     0.29   00.29
002266     0.29   00.29
002267     0.29   00.29
002268     0.29   00.29
002269     0.29   00.29
002270     0.29   00.29
002271     0.29   00.29
002272     0.29   00.29
002273     0.29   00.29
002274     0.29   00.29
002275     0.29   00.29
002276     0.29   00.29
002277     0.29   00.29
002278     0.29   00.29
002279     0.29   00.29
002280     0.29   00.29
002281     0.29   00.29
002282     0.29   00.29
002283     0.29   00.29
002284     0.29   00.29
002285     0.29   00.29
002286     0.29   00.29
002287     0.29   00.29
002288     0.29   00.29
002289     0.29   00.29
002290     0.29   00.29
002291     0.29   00.29
002292     0.29   00.29
002293     0.29   00.29
002294     0.29   00.29
002295     0.29   00.29
002296     0.29   00.29
002297     0.29   00.29
002298     0.29   00.29
002299     0.29   00.29
002300     0.29   00.29
002301     0.29   00.29
002302     0.29   00.29
002303     0.29   00.29
002304     0.29   00.29
002305     0.28   00.29
002306     0.28   00.29
002307     0.28   00.29
002308     0.28   00.29
002309     0.28   00.29
002310     0.28   00.29
002311     0.28   00.29
002312     0.28   00.29
002313     0.28   00.29
002314     0.28   00.29
002315     0.28   00.29
002316     0.28   00.29
002317     0.28   00.29
002318     0.28   00.29
002319     0.28   00.29
002320     0.28   00.29
002321     0.28   00.29
002322     0.28   00.29
002323     0.28   00.29
002324     0.28   00.29
002325     0.28   00.29
002326     0.28   00.29
002327     0.28   00.29
002328     0.28   00.29
002329     0.28   00.29
002330     0.28   00.29
002331     0.28   00.29
002332     0.28   00.29
002333     0.28   00.29
002334     0.28   00.29
002335     0.28   00.29
002336     0.28   00.29
002337     0.28   00.29
002338     0.28   00.29
002339     0.28   00.29
002340     0.28   00.29
002341     0.28   00.29
002342     0.28   00.29
002343     0.28   00.29
002344     0.28   00.29
002345     0.28   00.29
002346     0.28   00.29
002347     0.28   00.29
002348     0.28   00.29
002349     0.28   00.29
002350     0.28   00.29
002351     0.28   00.29
002352     0.28   00.29
002353     0.28   00.29
002354     0.28   00.29
002355     0.28   00.29
002356     0.28   00.29
002357     0.28   00.29
002358     0.28   00.29
002359     0.28   00.29
002360     0.28   00.29
002361     0.28   00.29
002362     0.28   00.29
002363     0.28   00.29
002364     0.28   00.29
002365     0.28   00.29
002366     0.28   00.29
002367     0.28   00.29
002368     0.28   00.29
002369     0.28   00.29
002370     0.28   00.29
002371     0.28   00.29
002372     0.28   00.29
002373     0.28   00.29
002374     0.28   00.29
002375     0.28   00.29
002376     0.28   00.29
002377     0.28   00.29
002378     0.28   00.29
002379     0.28   00.29
002380     0.28   00.29
002381     0.28   00.29
002382     0.28   00.29
002383     0.28   00.29
002384     0.28   00.29
002385     0.28   00.29
002386     0.28   00.29
002387     0.28   00.29
002388     0.28   00.29
002389     0.28   00.29
002390     0.28   00.29
002391     0.28   00.29
002392     0.28   00.29
002393     0.28   00.29
002394     0.28   00.29
002395     0.28   00.29
002396     0.28   00.29
002397     0.28   00.29
002398     0.28   00.29
002399     0.28   00.29
002400     0.28   00.29
002401     0.28   00.29
002402     0.28   00.29
002403     0.28   00.29
002404     0.28   00.29
002405     0.28   00.29
002406     0.28   00.29
002407     0.28   00.29
002408     0.28   00.29
002409     0.28   00.29
002410     0.28   00.29
002411     0.28   00.29
002412     0.28   00.29
002413     0.28   00.29
002414     0.28   00.29
002415     0.28   00.29
002416     0.28   00.29
002417     0.28   00.29
002418     0.28   00.29
002419     0.28   00.29
002420     0.28   00.29
002421     0.28   00.29
002422     0.28   00.29
002423     0.28   00.29
002424     0.28   00.29
002425     0.28   00.29
002426     0.28   00.29
002427     0.28   00.29
002428     0.28   00.29
002429     0.28   00.29
002430     0.28   00.29
002431     0.28   00.29
002432     0.28   00.29
002433     0.28   00.29
002434     0.28   00.29
002435     0.28   00.29
002436     0.28   00.29
002437     0.28   00.29
002438     0.28   00.29
002439     0.28   00.29
002440     0.28   00.29
002441     0.28   00.29
002442     0.28   00.29
002443     0.28   00.29
002444     0.28   00.29
002445     0.28   00.29
002446     0.28   00.29
002447     0.28   00.29
002448     0.28   00.29
002449     0.28   00.29
002450     0.28   00.29
002451     0.28   00.28
002452     0.28   00.28
002453     0.28   00.28
002454     0.28   00.28
002455     0.28   00.28
002456     0.28   00.28
002457     0.28   00.28
002458     0.28   00.28
002459     0.28   00.28
002460     0.28   00.28
002461     0.28   00.28
002462     0.28   00.28
002463     0.28   00.28
002464     0.28   00.28
002465     0.28   00.28
002466     0.28   00.28
002467     0.28   00.28
002468     0.28   00.28
002469     0.28   00.28
002470     0.28   00.28
002471     0.27   00.28
002472     0.27   00.28
002473     0.27   00.28
002474     0.27   00.28
002475     0.27   00.28
002476     0.27   00.28
002477     0.27   00.28
002478     0.27   00.28
002479     0.27   00.28
002480     0.27   00.28
002481     0.27   00.28
002482     0.27   00.28
002483     0.27   00.28
002484     0.27   00.28
002485     0.27   00.28
002486     0.27   00.28
002487     0.27   00.28
002488     0.27   00.28
002489     0.27   00.28
002490     0.27   00.28
002491     0.27   00.28
002492     0.27   00.28
002493     0.27   00.28
002494     0.27   00.28
002495     0.27   00.28
002496     0.27   00.28
002497     0.27   00.28
002498     0.27   00.28
002499     0.27   00.28
002500     0.27   00.28
002501     0.27   00.28
002502     0.27   00.28
002503     0.27   00.28
002504     0.27   00.28
002505     0.27   00.28
002506     0.27   00.28
002507     0.27   00.28
002508     0.27   00.28
002509     0.27   00.28
002510     0.27   00.28
002511     0.27   00.28
002512     0.27   00.28
002513     0.27   00.28
002514     0.27   00.28
002515     0.27   00.28
002516     0.27   00.28
002517     0.27   00.28
002518     0.27   00.27
002519     0.27   00.27
002520     0.27   00.27
002521     0.27   00.27
002522     0.27   00.27
002523     0.27   00.27
002524     0.27   00.27
002525     0.27   00.28
002526     0.27   00.28
002527     0.27   00.28
002528     0.27   00.28
002529     0.27   00.28
002530     0.27   00.28
002531     0.27   00.27
002532     0.27   00.27
002533     0.27   00.27
002534     0.27   00.27
002535     0.27   00.27
002536     0.27   00.27
002537     0.27   00.27
002538     0.27   00.27
002539     0.27   00.27
002540     0.27   00.27
002541     0.27   00.27
002542     0.27   00.27
002543     0.27   00.27
002544     0.27   00.27
002545     0.27   00.27
002546     0.27   00.27
002547     0.27   00.27
002548     0.27   00.27
002549     0.27   00.27
002550     0.27   00.27
002551     0.27   00.27
002552     0.27   00.27
002553     0.27   00.27
002554     0.27   00.27
002555     0.27   00.27
002556     0.27   00.27
002557     0.27   00.28
002558     0.27   00.28
002559     0.27   00.28
002560     0.27   00.28
002561     0.27   00.28
002562     0.27   00.28
002563     0.27   00.27
002564     0.27   00.27
002565     0.27   00.27
002566     0.27   00.27
002567     0.27   00.27
002568     0.27   00.27
002569     0.27   00.27
002570     0.27   00.27
002571     0.27   00.27
002572     0.27   00.27
002573     0.27   00.27
002574     0.27   00.27
002575     0.27   00.27
002576     0.27   00.27
002577     0.27   00.27
002578     0.27   00.27
002579     0.27   00.27
002580     0.27   00.27
002581     0.27   00.27
002582     0.27   00.27
002583     0.27   00.27
002584     0.27   00.27
002585     0.27   00.27
002586     0.27   00.27
002587     0.27   00.27
002588     0.27   00.27
002589     0.27   00.27
002590     0.27   00.27
002591     0.27   00.27
002592     0.27   00.27
002593     0.27   00.27
002594     0.27   00.27
002595     0.27   00.27
002596     0.27   00.27
002597     0.27   00.27
002598     0.27   00.27
002599     0.27   00.27
002600     0.27   00.27
002601     0.27   00.27
002602     0.27   00.27
002603     0.27   00.27
002604     0.27   00.27
002605     0.27   00.27
002606     0.27   00.27
002607     0.27   00.27
002608     0.27   00.27
002609     0.27   00.27
002610     0.27   00.27
002611     0.27   00.27
002612     0.27   00.27
002613     0.27   00.27
002614     0.27   00.27
002615     0.27   00.27
002616     0.27   00.27
002617     0.27   00.27
002618     0.27   00.27
002619     0.27   00.27
002620     0.27   00.27
002621     0.27   00.27
002622     0.27   00.27
002623     0.27   00.27
002624     0.27   00.27
002625     0.27   00.27
002626     0.27   00.27
002627     0.27   00.27
002628     0.27   00.27
002629     0.27   00.27
002630     0.27   00.27
002631     0.27   00.27
002632     0.27   00.27
002633     0.27   00.27
002634     0.27   00.27
002635     0.27   00.27
002636     0.27   00.27
002637     0.27   00.27
002638     0.27   00.27
002639     0.27   00.27
002640     0.27   00.27
002641     0.27   00.27
002642     0.27   00.27
002643     0.27   00.27
002644     0.27   00.27
002645     0.27   00.27
002646     0.27   00.27
002647     0.27   00.27
002648     0.27   00.27
002649     0.27   00.27
002650     0.27   00.27
002651     0.27   00.27
002652     0.27   00.27
002653     0.27   00.27
002654     0.27   00.27
002655     0.27   00.27
002656     0.27   00.27
002657     0.27   00.27
002658     0.27   00.27
002659     0.27   00.27
002660     0.27   00.27
002661     0.27   00.27
002662     0.27   00.27
002663     0.27   00.27
002664     0.27   00.27
002665     0.27   00.27
002666     0.27   00.27
002667     0.27   00.27
002668     0.27   00.27
002669     0.27   00.27
002670     0.27   00.27
002671     0.27   00.27
002672     0.27   00.27
002673     0.27   00.27
002674     0.27   00.27
002675     0.27   00.27
002676     0.27   00.27
002677     0.27   00.27
002678     0.27   00.27
002679     0.27   00.27
002680     0.27   00.27
002681     0.27   00.27
002682     0.27   00.27
002683     0.27   00.27
002684     0.27   00.27
002685     0.27   00.27
002686     0.27   00.27
002687     0.27   00.27
002688     0.27   00.27
002689     0.27   00.27
002690     0.27   00.27
002691     0.27   00.27
002692     0.27   00.27
002693     0.27   00.27
002694     0.27   00.27
002695     0.27   00.27
002696     0.27   00.27
002697     0.27   00.27
002698     0.27   00.27
002699     0.27   00.27
002700     0.27   00.27
002701     0.27   00.27
002702     0.27   00.27
002703     0.27   00.27
002704     0.27   00.27
002705     0.27   00.27
002706     0.27   00.27
002707     0.27   00.27
002708     0.27   00.27
002709     0.27   00.27
002710     0.27   00.27
002711     0.27   00.27
002712     0.27   00.27
002713     0.27   00.27
002714     0.27   00.27
002715     0.27   00.27
002716     0.27   00.27
002717     0.27   00.27
002718     0.27   00.27
002719     0.27   00.27
002720     0.27   00.27
002721     0.27   00.27
002722     0.27   00.27
002723     0.27   00.27
002724     0.27   00.27
002725     0.27   00.27
002726     0.27   00.27
002727     0.27   00.27
002728     0.27   00.27
002729     0.27   00.27
002730     0.27   00.27
002731     0.27   00.27
002732     0.27   00.27
002733     0.27   00.27
002734     0.27   00.27
002735     0.27   00.27
002736     0.27   00.27
002737     0.26   00.27
002738     0.26   00.27
002739     0.26   00.27
002740     0.26   00.27
002741     0.26   00.27
002742     0.26   00.27
002743     0.26   00.27
002744     0.26   00.27
002745     0.26   00.27
002746     0.26   00.27
002747     0.26   00.27
002748     0.26   00.27
002749     0.26   00.27
002750     0.26   00.27
002751     0.26   00.27
002752     0.26   00.27
002753     0.26   00.27
002754     0.26   00.27
002755     0.26   00.27
002756     0.26   00.27
002757     0.26   00.27
002758     0.26   00.27
002759     0.26   00.27
002760     0.26   00.27
002761     0.26   00.27
002762     0.26   00.27
002763     0.26   00.27
002764     0.26   00.27
002765     0.26   00.27
002766     0.26   00.27
002767     0.26   00.27
002768     0.26   00.27
002769     0.26   00.27
002770     0.26   00.27
002771     0.26   00.27
002772     0.26   00.27
002773     0.26   00.27
002774     0.26   00.27
002775     0.26   00.27
002776     0.26   00.27
002777     0.26   00.27
002778     0.26   00.27
002779     0.26   00.27
002780     0.26   00.27
002781     0.26   00.27
002782     0.26   00.27
002783     0.26   00.27
002784     0.26   00.27
002785     0.26   00.27
002786     0.26   00.27
002787     0.26   00.27
002788     0.26   00.27
002789     0.26   00.27
002790     0.26   00.27
002791     0.26   00.27
002792     0.26   00.27
002793     0.26   00.27
002794     0.26   00.27
002795     0.26   00.27
002796     0.26   00.27
002797     0.26   00.27
002798     0.26   00.27
002799     0.26   00.27
002800     0.26   00.27
002801     0.26   00.27
002802     0.26   00.27
002803     0.26   00.27
002804     0.26   00.27
002805     0.26   00.27
002806     0.26   00.27
002807     0.26   00.27
002808     0.26   00.27
002809     0.26   00.27
002810     0.26   00.27
002811     0.26   00.27
002812     0.26   00.27
002813     0.26   00.27
002814     0.26   00.27
002815     0.26   00.27
002816     0.26   00.27
002817     0.26   00.27
002818     0.26   00.27
002819     0.26   00.27
002820     0.26   00.27
002821     0.26   00.27
002822     0.26   00.27
002823     0.26   00.27
002824     0.26   00.27
002825     0.26   00.27
002826     0.26   00.26
002827     0.26   00.27
002828     0.26   00.27
002829     0.26   00.27
002830     0.26   00.27
002831     0.26   00.27
002832     0.26   00.27
002833     0.26   00.27
002834     0.26   00.27
002835     0.26   00.27
002836     0.26   00.27
002837     0.26   00.26
002838     0.26   00.26
002839     0.26   00.26
002840     0.26   00.26
002841     0.26   00.26
002842     0.26   00.26
002843     0.26   00.26
002844     0.26   00.26
002845     0.26   00.26
002846     0.26   00.26
002847     0.26   00.26
002848     0.26   00.26
002849     0.26   00.26
002850     0.26   00.26
002851     0.26   00.26
002852     0.26   00.26
002853     0.26   00.26
002854     0.26   00.26
002855     0.26   00.26
002856     0.26   00.26
002857     0.26   00.26
002858     0.26   00.26
002859     0.26   00.26
002860     0.26   00.26
002861     0.26   00.26
002862     0.26   00.26
002863     0.26   00.26
002864     0.26   00.26
002865     0.26   00.26
002866     0.26   00.26
002867     0.26   00.26
002868     0.26   00.26
002869     0.25   00.26
002870     0.25   00.26
002871     0.25   00.26
002872     0.25   00.26
002873     0.25   00.26
002874     0.25   00.26
002875     0.25   00.26
002876     0.25   00.26
002877     0.25   00.26
002878     0.25   00.26
002879     0.25   00.26
002880     0.25   00.26
002881     0.25   00.26
002882     0.25   00.26
002883     0.25   00.26
002884     0.25   00.26
002885     0.25   00.26
002886     0.25   00.26
002887     0.25   00.26
002888     0.25   00.26
002889     0.25   00.26
002890     0.25   00.26
002891     0.25   00.26
002892     0.25   00.26
002893     0.25   00.26
002894     0.25   00.26
002895     0.25   00.26
002896     0.25   00.26
002897     0.25   00.26
002898     0.25   00.26
002899     0.25   00.26
002900     0.25   00.26
002901     0.25   00.26
002902     0.25   00.26
002903     0.25   00.26
002904     0.25   00.26
002905     0.25   00.26
002906     0.25   00.26
002907     0.25   00.26
002908     0.25   00.26
002909     0.25   00.26
002910     0.25   00.26
002911     0.25   00.26
002912     0.25   00.26
002913     0.25   00.26
002914     0.25   00.26
002915     0.25   00.26
002916     0.25   00.26
002917     0.25   00.26
002918     0.25   00.26
002919     0.25   00.26
002920     0.25   00.26
002921     0.25   00.26
002922     0.25   00.26
002923     0.25   00.26
002924     0.25   00.26
002925     0.25   00.26
002926     0.25   00.26
002927     0.25   00.26
002928     0.25   00.26
002929     0.25   00.26
002930     0.25   00.26
002931     0.25   00.26
002932     0.25   00.26
002933     0.25   00.26
002934     0.25   00.26
002935     0.25   00.26
002936     0.25   00.26
002937     0.25   00.26
002938     0.25   00.26
002939     0.25   00.26
002940     0.25   00.26
002941     0.25   00.26
002942     0.25   00.26
002943     0.25   00.26
002944     0.25   00.26
002945     0.25   00.26
002946     0.25   00.26
002947     0.25   00.26
002948     0.25   00.26
002949     0.25   00.26
002950     0.25   00.26
002951     0.25   00.26
002952     0.25   00.26
002953     0.25   00.26
002954     0.25   00.26
002955     0.25   00.26
002956     0.25   00.26
002957     0.25   00.26
002958     0.25   00.26
002959     0.25   00.26
002960     0.25   00.26
002961     0.25   00.26
002962     0.25   00.26
002963     0.25   00.25
002964     0.25   00.26
002965     0.25   00.26
002966     0.25   00.26
002967     0.25   00.26
002968     0.25   00.26
002969     0.25   00.26
002970     0.25   00.26
002971     0.25   00.26
002972     0.25   00.26
002973     0.25   00.26
002974     0.25   00.26
002975     0.25   00.26
002976     0.25   00.26
002977     0.25   00.26
002978     0.25   00.26
002979     0.25   00.26
002980     0.25   00.26
002981     0.25   00.26
002982     0.25   00.26
002983     0.25   00.26
002984     0.25   00.26
002985     0.25   00.25
002986     0.25   00.25
002987     0.25   00.25
002988     0.25   00.25
002989     0.25   00.26
002990     0.25   00.25
002991     0.25   00.25
002992     0.25   00.25
002993     0.25   00.25
002994     0.25   00.25
002995     0.25   00.25
002996     0.25   00.25
002997     0.25   00.25
002998     0.25   00.25
002999     0.25   00.25
003000     0.25   00.25
003001     0.25   00.25
