000001     1.06   01.07
000002     1.05   01.07
000003     1.05   01.07
000004     1.05   01.06
000005     1.05   01.06
000006     1.05   01.06
000007     1.04   01.06
000008     1.04   01.05
000009     1.04   01.05
000010     1.04   01.05
000011     1.04   01.05
000012     1.04   01.05
000013     1.04   01.04
000014     1.03   01.04
000015     1.03   01.04
000016     1.03   01.04
000017     1.03   01.04
000018     1.03   01.04
000019     1.03   01.03
000020     1.03   01.03
000021     1.03   01.03
000022     1.03   01.03
000023     1.02   01.03
000024     1.02   01.03
000025     1.02   01.03
000026     1.02   01.03
000027     1.02   01.03
000028     1.02   01.03
000029     1.02   01.03
000030     1.02   01.03
000031     1.02   01.02
000032     1.02   01.02
000033     1.02   01.02
000034     1.02   01.02
000035     1.02   01.02
000036     1.02   01.02
000037     1.02   01.02
000038     1.02   01.02
000039     1.02   01.02
000040     1.02   01.02
000041     1.02   01.02
000042     1.02   01.02
000043     1.02   01.02
000044     1.01   01.02
000045     1.01   01.02
000046     1.01   01.02
000047     1.01   01.02
000048     1.01   01.02
000049     1.01   01.02
000050     1.01   01.02
000051     1.01   01.02
000052     1.01   01.01
000053     1.01   01.01
000054     1.01   01.01
000055     1.01   01.01
000056     1.01   01.01
000057     1.01   01.01
000058     1.01   01.01
000059     1.01   01.01
000060     1.01   01.01
000061     1.01   01.01
000062     1.01   01.01
000063     1.01   01.01
000064     1.01   01.01
000065     1.01   01.01
000066     1.01   01.01
000067     1.01   01.01
000068     1.01   01.01
000069     1.01   01.01
000070     1.01   01.01
000071     1.01   01.01
000072     1.01   01.01
000073     1.01   01.01
000074     1.01   01.01
000075     1.01   01.01
000076     1.01   01.01
000077     1.01   01.01
000078     1.01   01.01
000079     1.01   01.01
000080     1.01   01.01
000081     1.01   01.01
000082     1.01   01.01
000083     1.01   01.01
000084     1.01   01.01
000085     1.01   01.01
000086     1.01   01.01
000087     1.01   01.01
000088     1.01   01.01
000089     1.01   01.01
000090     1.01   01.01
000091     1.01   01.01
000092     1.01   01.01
000093     1.01   01.01
000094     1.01   01.01
000095     1.01   01.01
000096     1.01   01.01
000097     1.01   01.01
000098     1.01   01.01
000099     1.01   01.01
000100     1.01   01.01
000101     1.01   01.01
000102     1.01   01.01
000103     1.01   01.01
000104     1.01   01.01
000105     1.01   01.01
000106     1.01   01.01
000107     1.01   01.01
000108     1.01   01.01
000109     1.01   01.01
000110     1.01   01.01
000111     1.01   01.01
000112     1.01   01.01
000113     1.01   01.01
000114     1.01   01.01
000115     1.01   01.01
000116     1.01   01.01
000117     1.01   01.01
000118     1.01   01.01
000119     1.01   01.01
000120     1.01   01.01
000121     1.01   01.01
000122     1.01   01.01
000123     1.01   01.01
000124     1.01   01.01
000125     1.01   01.01
000126     1.01   01.01
000127     1.01   01.01
000128     1.01   01.01
000129     1.01   01.01
000130     1.01   01.01
000131     1.01   01.01
000132     1.01   01.01
000133     1.01   01.01
000134     1.01   01.01
000135     1.01   01.01
000136     1.01   01.01
000137     1.01   01.01
000138     1.01   01.01
000139     1.01   01.01
000140     1.01   01.01
000141     1.01   01.01
000142     1.01   01.01
000143     1.01   01.01
000144     1.01   01.01
000145     1.01   01.01
000146     1.01   01.01
000147     1.01   01.01
000148     1.01   01.01
000149     1.01   01.01
000150     1.01   01.01
000151     1.01   01.01
000152     1.01   01.01
000153     1.01   01.01
000154     1.00   01.01
000155     1.00   01.01
000156     1.00   01.01
000157     1.00   01.01
000158     1.00   01.01
000159     1.00   01.00
000160     1.00   01.00
000161     1.00   01.00
000162     1.00   01.00
000163     1.00   01.00
000164     1.00   01.00
000165     1.00   01.00
000166     1.00   01.00
000167     1.00   01.00
000168     1.00   01.00
000169     1.00   01.00
000170     1.00   01.00
000171     1.00   01.00
000172     1.00   01.00
000173     1.00   01.00
000174     1.00   01.00
000175     1.00   01.00
000176     1.00   01.00
000177     1.00   01.00
000178     1.00   01.00
000179     1.00   01.00
000180     1.00   01.00
000181     1.00   01.00
000182     1.00   01.00
000183     1.00   01.00
000184     1.00   01.00
000185     1.00   01.00
000186     1.00   01.00
000187     1.00   01.00
000188     1.00   01.00
000189     1.00   01.00
000190     1.00   01.00
000191     1.00   01.00
000192     1.00   01.00
000193     1.00   01.00
000194     1.00   01.00
000195     1.00   01.00
000196     1.00   01.00
000197     1.00   01.00
000198     1.00   01.00
000199     1.00   01.00
000200     1.00   01.00
000201     1.00   01.00
000202     1.00   01.00
000203     1.00   01.00
000204     1.00   01.00
000205     1.00   01.00
000206     1.00   01.00
000207     1.00   01.00
000208     1.00   01.00
000209     1.00   01.00
000210     1.00   01.00
000211     1.00   01.00
000212     1.00   01.00
000213     1.00   01.00
000214     1.00   01.00
000215     1.00   01.00
000216     1.00   01.00
000217     1.00   01.00
000218     1.00   01.00
000219     1.00   01.00
000220     1.00   01.00
000221     1.00   01.00
000222     1.00   01.00
000223     1.00   01.00
000224     1.00   01.00
000225     1.00   01.00
000226     1.00   01.00
000227     1.00   01.00
000228     1.00   01.00
000229     1.00   01.00
000230     1.00   01.00
000231     1.00   01.00
000232     1.00   01.00
000233     1.00   01.00
000234     1.00   01.00
000235     1.00   01.00
000236     1.00   01.00
000237     1.00   01.00
000238     1.00   01.00
000239     1.00   01.00
000240     1.00   01.00
000241     1.00   01.00
000242     1.00   01.00
000243     1.00   01.00
000244     1.00   01.00
000245     1.00   01.00
000246     1.00   01.00
000247     1.00   01.00
000248     1.00   01.00
000249     1.00   01.00
000250     1.00   01.00
000251     1.00   01.00
000252     1.00   01.00
000253     1.00   01.00
000254     1.00   01.00
000255     1.00   01.00
000256     1.00   01.00
000257     1.00   01.00
000258     1.00   01.00
000259     1.00   01.00
000260     1.00   01.00
000261     1.00   01.00
000262     1.00   01.00
000263     1.00   01.00
000264     1.00   01.00
000265     1.00   01.00
000266     1.00   01.00
000267     1.00   01.00
000268     1.00   01.00
000269     1.00   01.00
000270     1.00   01.00
000271     1.00   01.00
000272     1.00   01.00
000273     1.00   01.00
000274     1.00   01.00
000275     1.00   01.00
000276     1.00   01.00
000277     1.00   01.00
000278     1.00   01.00
000279     1.00   01.00
000280     1.00   01.00
000281     1.00   01.00
000282     1.00   01.00
000283     1.00   01.00
000284     1.00   01.00
000285     1.00   01.00
000286     1.00   01.00
000287     1.00   01.00
000288     1.00   01.00
000289     1.00   01.00
000290     1.00   01.00
000291     1.00   01.00
000292     1.00   01.00
000293     1.00   01.00
000294     1.00   01.00
000295     1.00   01.00
000296     1.00   01.00
000297     1.00   01.00
000298     1.00   01.00
000299     1.00   01.00
000300     1.00   01.00
000301     1.00   01.00
000302     1.00   01.00
000303     1.00   01.00
000304     1.00   01.00
000305     1.00   01.00
000306     1.00   01.00
000307     1.00   01.00
000308     1.00   01.00
000309     1.00   01.00
000310     1.00   01.00
000311     1.00   01.00
000312     1.00   01.00
000313     1.00   01.00
000314     1.00   01.00
000315     1.00   01.00
000316     1.00   01.00
000317     1.00   01.00
000318     1.00   01.00
000319     1.00   01.00
000320     1.00   01.00
000321     1.00   01.00
000322     1.00   01.00
000323     1.00   01.00
000324     1.00   01.00
000325     1.00   01.00
000326     1.00   01.00
000327     1.00   01.00
000328     1.00   01.00
000329     1.00   01.00
000330     1.00   01.00
000331     1.00   01.00
000332     1.00   01.00
000333     1.00   01.00
000334     1.00   01.00
000335     1.00   01.00
000336     1.00   01.00
000337     1.00   01.00
000338     1.00   01.00
000339     1.00   01.00
000340     1.00   01.00
000341     1.00   01.00
000342     1.00   01.00
000343     1.00   01.00
000344     1.00   01.00
000345     1.00   01.00
000346     1.00   01.00
000347     1.00   01.00
000348     1.00   01.00
000349     1.00   01.00
000350     1.00   01.00
000351     1.00   01.00
000352     1.00   01.00
000353     1.00   01.00
000354     1.00   01.00
000355     1.00   01.00
000356     1.00   01.00
000357     1.00   01.00
000358     1.00   01.00
000359     1.00   01.00
000360     1.00   01.00
000361     1.00   01.00
000362     1.00   01.00
000363     1.00   01.00
000364     1.00   01.00
000365     1.00   01.00
000366     1.00   01.00
000367     1.00   01.00
000368     1.00   01.00
000369     1.00   01.00
000370     1.00   01.00
000371     1.00   01.00
000372     1.00   01.00
000373     1.00   01.00
000374     1.00   01.00
000375     1.00   01.00
000376     1.00   01.00
000377     1.00   01.00
000378     1.00   01.00
000379     1.00   01.00
000380     1.00   01.00
000381     1.00   01.00
000382     1.00   01.00
000383     1.00   01.00
000384     1.00   01.00
000385     1.00   01.00
000386     1.00   01.00
000387     1.00   01.00
000388     1.00   01.00
000389     1.00   01.00
000390     1.00   01.00
000391     1.00   01.00
000392     1.00   01.00
000393     1.00   01.00
000394     1.00   01.00
000395     1.00   01.00
000396     1.00   01.00
000397     1.00   01.00
000398     1.00   01.00
000399     1.00   01.00
000400     1.00   01.00
000401     1.00   01.00
000402     1.00   01.00
000403     1.00   01.00
000404     1.00   01.00
000405     1.00   01.00
000406     1.00   01.00
000407     1.00   01.00
000408     1.00   01.00
000409     1.00   01.00
000410     1.00   01.00
000411     1.00   01.00
000412     1.00   01.00
000413     1.00   01.00
000414     1.00   01.00
000415     1.00   01.00
000416     1.00   01.00
000417     1.00   01.00
000418     1.00   01.00
000419     1.00   01.00
000420     1.00   01.00
000421     1.00   01.00
000422     1.00   01.00
000423     1.00   01.00
000424     1.00   01.00
000425     1.00   01.00
000426     1.00   01.00
000427     1.00   01.00
000428     1.00   01.00
000429     1.00   01.00
000430     1.00   01.00
000431     1.00   01.00
000432     1.00   01.00
000433     1.00   01.00
000434     1.00   01.00
000435     1.00   01.00
000436     1.00   01.00
000437     1.00   01.00
000438     1.00   01.00
000439     1.00   01.00
000440     1.00   01.00
000441     1.00   01.00
000442     1.00   01.00
000443     1.00   01.00
000444     1.00   01.00
000445     1.00   01.00
000446     1.00   01.00
000447     1.00   01.00
000448     1.00   01.00
000449     1.00   01.00
000450     1.00   01.00
000451     1.00   01.00
000452     1.00   01.00
000453     1.00   01.00
000454     1.00   01.00
000455     1.00   01.00
000456     1.00   01.00
000457     1.00   01.00
000458     1.00   01.00
000459     1.00   01.00
000460     1.00   01.00
000461     1.00   01.00
000462     1.00   01.00
000463     1.00   01.00
000464     1.00   01.00
000465     1.00   01.00
000466     1.00   01.00
000467     1.00   01.00
000468     1.00   01.00
000469     1.00   01.00
000470     1.00   01.00
000471     1.00   01.00
000472     1.00   01.00
000473     1.00   01.00
000474     1.00   01.00
000475     1.00   01.00
000476     1.00   01.00
000477     1.00   01.00
000478     1.00   01.00
000479     1.00   01.00
000480     1.00   01.00
000481     1.00   01.00
000482     1.00   01.00
000483     1.00   01.00
000484     1.00   01.00
000485     1.00   01.00
000486     1.00   01.00
000487     1.00   01.00
000488     1.00   01.00
000489     1.00   01.00
000490     1.00   01.00
000491     1.00   01.00
000492     1.00   01.00
000493     1.00   01.00
000494     1.00   01.00
000495     1.00   01.00
000496     1.00   01.00
000497     1.00   01.00
000498     1.00   01.00
000499     1.00   01.00
000500     1.00   01.00
000501     1.00   01.00
000502     1.00   01.00
000503     1.00   01.00
000504     1.00   01.00
000505     1.00   01.00
000506     1.00   01.00
000507     1.00   01.00
000508     1.00   01.00
000509     1.00   01.00
000510     1.00   01.00
000511     1.00   01.00
000512     1.00   01.00
000513     1.00   01.00
000514     1.00   01.00
000515     1.00   01.00
000516     1.00   01.00
000517     1.00   01.00
000518     1.00   01.00
000519     1.00   01.00
000520     1.00   01.00
000521     1.00   01.00
000522     1.00   01.00
000523     1.00   01.00
000524     1.00   01.00
000525     1.00   01.00
000526     1.00   01.00
000527     1.00   01.00
000528     1.00   01.00
000529     1.00   01.00
000530     1.00   01.00
000531     1.00   01.00
000532     1.00   01.00
000533     1.00   01.00
000534     1.00   01.00
000535     1.00   01.00
000536     1.00   01.00
000537     1.00   01.00
000538     1.00   01.00
000539     1.00   01.00
000540     1.00   01.00
000541     1.00   01.00
000542     1.00   01.00
000543     1.00   01.00
000544     1.00   01.00
000545     1.00   01.00
000546     1.00   01.00
000547     1.00   01.00
000548     1.00   01.00
000549     1.00   01.00
000550     1.00   01.00
000551     1.00   01.00
000552     1.00   01.00
000553     1.00   01.00
000554     1.00   01.00
000555     1.00   01.00
000556     1.00   01.00
000557     1.00   01.00
000558     1.00   01.00
000559     1.00   01.00
000560     1.00   01.00
000561     1.00   01.00
000562     1.00   01.00
000563     1.00   01.00
000564     1.00   01.00
000565     1.00   01.00
000566     1.00   01.00
000567     1.00   01.00
000568     1.00   01.00
000569     0.99   01.00
000570     0.99   01.00
000571     0.99   01.00
000572     0.99   01.00
000573     0.99   01.00
000574     0.99   01.00
000575     0.99   00.99
000576     0.99   00.99
000577     0.99   00.99
000578     0.99   00.99
000579     0.99   00.99
000580     0.99   00.99
000581     0.99   00.99
000582     0.99   00.99
000583     0.99   00.99
000584     0.99   00.99
000585     0.99   00.99
000586     0.99   00.99
000587     0.99   00.99
000588     0.99   00.99
000589     0.99   00.99
000590     0.99   00.99
000591     0.99   00.99
000592     0.99   00.99
000593     0.99   00.99
000594     0.99   00.99
000595     0.99   00.99
000596     0.99   00.99
000597     0.99   00.99
000598     0.99   00.99
000599     0.99   00.99
000600     0.99   00.99
000601     0.99   00.99
000602     0.99   00.99
000603     0.99   00.99
000604     0.99   00.99
000605     0.99   00.99
000606     0.99   00.99
000607     0.99   00.99
000608     0.99   00.99
000609     0.99   00.99
000610     0.99   00.99
000611     0.99   00.99
000612     0.99   00.99
000613     0.99   00.99
000614     0.99   00.99
000615     0.99   00.99
000616     0.99   00.99
000617     0.99   00.99
000618     0.99   00.99
000619     0.99   00.99
000620     0.99   00.99
000621     0.99   00.99
000622     0.99   00.99
000623     0.99   00.99
000624     0.99   00.99
000625     0.99   00.99
000626     0.99   00.99
000627     0.99   00.99
000628     0.99   00.99
000629     0.99   00.99
000630     0.99   00.99
000631     0.99   00.99
000632     0.99   00.99
000633     0.99   00.99
000634     0.99   00.99
000635     0.99   00.99
000636     0.99   00.99
000637     0.99   00.99
000638     0.99   00.99
000639     0.99   00.99
000640     0.99   00.99
000641     0.99   00.99
000642     0.99   00.99
000643     0.99   00.99
000644     0.99   00.99
000645     0.99   00.99
000646     0.99   00.99
000647     0.99   00.99
000648     0.99   00.99
000649     0.99   00.99
000650     0.99   00.99
000651     0.99   00.99
000652     0.99   00.99
000653     0.99   00.99
000654     0.99   00.99
000655     0.99   00.99
000656     0.99   00.99
000657     0.99   00.99
000658     0.99   00.99
000659     0.99   00.99
000660     0.99   00.99
000661     0.99   00.99
000662     0.99   00.99
000663     0.99   00.99
000664     0.99   00.99
000665     0.99   00.99
000666     0.99   00.99
000667     0.99   00.99
000668     0.99   00.99
000669     0.99   00.99
000670     0.99   00.99
000671     0.99   00.99
000672     0.99   00.99
000673     0.99   00.99
000674     0.99   00.99
000675     0.99   00.99
000676     0.99   00.99
000677     0.99   00.99
000678     0.99   00.99
000679     0.99   00.99
000680     0.99   00.99
000681     0.99   00.99
000682     0.99   00.99
000683     0.99   00.99
000684     0.99   00.99
000685     0.99   00.99
000686     0.99   00.99
000687     0.99   00.99
000688     0.99   00.99
000689     0.99   00.99
000690     0.99   00.99
000691     0.99   00.99
000692     0.99   00.99
000693     0.99   00.99
000694     0.99   00.99
000695     0.99   00.99
000696     0.99   00.99
000697     0.99   00.99
000698     0.99   00.99
000699     0.99   00.99
000700     0.99   00.99
000701     0.99   00.99
000702     0.99   00.99
000703     0.99   00.99
000704     0.99   00.99
000705     0.99   00.99
000706     0.99   00.99
000707     0.99   00.99
000708     0.99   00.99
000709     0.99   00.99
000710     0.99   00.99
000711     0.99   00.99
000712     0.99   00.99
000713     0.99   00.99
000714     0.99   00.99
000715     0.99   00.99
000716     0.99   00.99
000717     0.99   00.99
000718     0.99   00.99
000719     0.99   00.99
000720     0.99   00.99
000721     0.99   00.99
000722     0.99   00.99
000723     0.99   00.99
000724     0.99   00.99
000725     0.99   00.99
000726     0.99   00.99
000727     0.99   00.99
000728     0.99   00.99
000729     0.99   00.99
000730     0.99   00.99
000731     0.99   00.99
000732     0.99   00.99
000733     0.99   00.99
000734     0.99   00.99
000735     0.99   00.99
000736     0.99   00.99
000737     0.99   00.99
000738     0.99   00.99
000739     0.99   00.99
000740     0.99   00.99
000741     0.99   00.99
000742     0.99   00.99
000743     0.99   00.99
000744     0.99   00.99
000745     0.99   00.99
000746     0.99   00.99
000747     0.99   00.99
000748     0.99   00.99
000749     0.99   00.99
000750     0.99   00.99
000751     0.99   00.99
000752     0.99   00.99
000753     0.99   00.99
000754     0.99   00.99
000755     0.99   00.99
000756     0.99   00.99
000757     0.99   00.99
000758     0.99   00.99
000759     0.99   00.99
000760     0.99   00.99
000761     0.99   00.99
000762     0.99   00.99
000763     0.99   00.99
000764     0.99   00.99
000765     0.99   00.99
000766     0.99   00.99
000767     0.99   00.99
000768     0.99   00.99
000769     0.99   00.99
000770     0.99   00.99
000771     0.98   00.99
000772     0.98   00.99
000773     0.98   00.99
000774     0.98   00.99
000775     0.98   00.99
000776     0.98   00.99
000777     0.98   00.99
000778     0.98   00.98
000779     0.98   00.98
000780     0.98   00.98
000781     0.98   00.98
000782     0.98   00.98
000783     0.98   00.98
000784     0.98   00.98
000785     0.98   00.98
000786     0.98   00.98
000787     0.98   00.98
000788     0.98   00.98
000789     0.98   00.98
000790     0.98   00.98
000791     0.98   00.98
000792     0.98   00.98
000793     0.98   00.98
000794     0.98   00.98
000795     0.98   00.98
000796     0.98   00.98
000797     0.98   00.98
000798     0.98   00.98
000799     0.98   00.98
000800     0.98   00.98
000801     0.98   00.98
000802     0.98   00.98
000803     0.98   00.98
000804     0.98   00.98
000805     0.98   00.98
000806     0.98   00.98
000807     0.98   00.98
000808     0.98   00.98
000809     0.98   00.98
000810     0.98   00.98
000811     0.98   00.98
000812     0.98   00.98
000813     0.98   00.98
000814     0.98   00.98
000815     0.98   00.98
000816     0.98   00.98
000817     0.98   00.98
000818     0.98   00.98
000819     0.98   00.98
000820     0.98   00.98
000821     0.98   00.98
000822     0.98   00.98
000823     0.98   00.98
000824     0.98   00.98
000825     0.98   00.98
000826     0.98   00.98
000827     0.98   00.98
000828     0.98   00.98
000829     0.98   00.98
000830     0.98   00.98
000831     0.98   00.98
000832     0.98   00.98
000833     0.98   00.98
000834     0.98   00.98
000835     0.98   00.98
000836     0.98   00.98
000837     0.98   00.98
000838     0.98   00.98
000839     0.98   00.98
000840     0.98   00.98
000841     0.98   00.98
000842     0.98   00.98
000843     0.98   00.98
000844     0.98   00.98
000845     0.98   00.98
000846     0.98   00.98
000847     0.98   00.98
000848     0.98   00.98
000849     0.98   00.98
000850     0.98   00.98
000851     0.98   00.98
000852     0.98   00.98
000853     0.98   00.98
000854     0.98   00.98
000855     0.98   00.98
000856     0.98   00.98
000857     0.98   00.98
000858     0.98   00.98
000859     0.98   00.98
000860     0.98   00.98
000861     0.98   00.98
000862     0.98   00.98
000863     0.98   00.98
000864     0.98   00.98
000865     0.98   00.98
000866     0.98   00.98
000867     0.98   00.98
000868     0.98   00.98
000869     0.98   00.98
000870     0.98   00.98
000871     0.98   00.98
000872     0.98   00.98
000873     0.98   00.98
000874     0.98   00.98
000875     0.98   00.98
000876     0.98   00.98
000877     0.98   00.98
000878     0.98   00.98
000879     0.98   00.98
000880     0.98   00.98
000881     0.98   00.98
000882     0.98   00.98
000883     0.98   00.98
000884     0.98   00.98
000885     0.98   00.98
000886     0.98   00.98
000887     0.98   00.98
000888     0.98   00.98
000889     0.98   00.98
000890     0.98   00.98
000891     0.98   00.98
000892     0.98   00.98
000893     0.98   00.98
000894     0.98   00.98
000895     0.98   00.98
000896     0.98   00.98
000897     0.98   00.98
000898     0.98   00.98
000899     0.98   00.98
000900     0.98   00.98
000901     0.98   00.98
000902     0.98   00.98
000903     0.98   00.98
000904     0.98   00.98
000905     0.98   00.98
000906     0.98   00.98
000907     0.98   00.98
000908     0.98   00.98
000909     0.98   00.98
000910     0.98   00.98
000911     0.98   00.98
000912     0.98   00.98
000913     0.98   00.98
000914     0.98   00.98
000915     0.98   00.98
000916     0.98   00.98
000917     0.98   00.98
000918     0.98   00.98
000919     0.98   00.98
000920     0.98   00.98
000921     0.98   00.98
000922     0.98   00.98
000923     0.98   00.98
000924     0.98   00.98
000925     0.98   00.98
000926     0.98   00.98
000927     0.98   00.98
000928     0.98   00.98
000929     0.98   00.98
000930     0.98   00.98
000931     0.98   00.98
000932     0.98   00.98
000933     0.97   00.98
000934     0.97   00.98
000935     0.97   00.98
000936     0.97   00.98
000937     0.97   00.98
000938     0.97   00.98
000939     0.97   00.98
000940     0.97   00.98
000941     0.97   00.97
000942     0.97   00.97
000943     0.97   00.97
000944     0.97   00.97
000945     0.97   00.97
000946     0.97   00.97
000947     0.97   00.97
000948     0.97   00.97
000949     0.97   00.97
000950     0.97   00.97
000951     0.97   00.97
000952     0.97   00.97
000953     0.97   00.97
000954     0.97   00.97
000955     0.97   00.97
000956     0.97   00.97
000957     0.97   00.97
000958     0.97   00.97
000959     0.97   00.97
000960     0.97   00.97
000961     0.97   00.97
000962     0.97   00.97
000963     0.97   00.97
000964     0.97   00.97
000965     0.97   00.97
000966     0.97   00.97
000967     0.97   00.97
000968     0.97   00.97
000969     0.97   00.97
000970     0.97   00.97
000971     0.97   00.97
000972     0.97   00.97
000973     0.97   00.97
000974     0.97   00.97
000975     0.97   00.97
000976     0.97   00.97
000977     0.97   00.97
000978     0.97   00.97
000979     0.97   00.97
000980     0.97   00.97
000981     0.97   00.97
000982     0.97   00.97
000983     0.97   00.97
000984     0.97   00.97
000985     0.97   00.97
000986     0.97   00.97
000987     0.97   00.97
000988     0.97   00.97
000989     0.97   00.97
000990     0.97   00.97
000991     0.97   00.97
000992     0.97   00.97
000993     0.97   00.97
000994     0.97   00.97
000995     0.97   00.97
000996     0.97   00.97
000997     0.97   00.97
000998     0.97   00.97
000999     0.97   00.97
001000     0.97   00.97
001001     0.97   00.97
000001     0.68   00.68
000002     0.55   00.77
000003     0.46   00.79
000004     0.45   00.80
000005     0.45   00.80
000006     0.45   00.81
000007     0.45   00.82
000008     0.39   00.83
000009     0.39   00.82
000010     0.39   00.80
000011     0.38   00.80
000001     81.51   81.51
000002     80.37   81.50
000001     81.51   81.51
000002     81.18   81.56
000001     81.51   81.51
000002     80.97   81.40
000003     81.03   81.36
000004     79.87   80.67
000005     79.84   80.35
000006     78.76   79.68
000001     81.51   81.51
000002     81.51   81.51
000003     81.51   81.51
000004     81.51   81.51
000005     81.51   81.51
000006     81.51   81.51
000001     81.51   81.51
000002     81.51   81.51
000003     81.51   81.51
000004     81.51   81.51
000005     81.51   81.51
000006     81.51   81.51
000001     81.51   81.51
000002     81.51   81.51
000003     81.51   81.51
000004     81.51   81.51
000005     81.51   81.51
000006     81.51   81.51
000001     81.51   81.51
000002     81.51   81.51
000003     81.51   81.51
000004     81.51   81.51
000005     81.51   81.51
000006     81.51   81.51
000001     81.51   81.51
000002     81.51   81.51
000003     81.51   81.51
000001     2.46   02.46
000002     2.46   02.46
000003     2.46   02.46
000001     49.25   49.25
000002     49.25   49.25
000003     49.25   49.25
000001     1.35   01.35
000002     1.35   01.35
000003     1.35   01.35
000001     0.87   00.87
000002     0.87   00.87
000003     0.87   00.87
000004     0.87   00.87
000005     0.87   00.87
000006     0.87   00.87
000001     0.87   00.87
000001     0.58   00.58
