000001     2.96   03.09
000002     2.85   03.07
000003     2.83   03.06
000004     2.83   03.05
000005     2.83   03.03
000006     2.82   03.00
000007     2.82   03.01
000008     2.82   02.99
000009     2.82   02.98
000010     2.80   02.97
000011     2.78   02.94
000012     2.78   02.95
000013     2.77   02.92
000014     2.73   02.91
000015     2.73   02.90
000016     2.73   02.89
000017     2.70   02.87
000018     2.68   02.86
000019     2.68   02.83
000020     2.66   02.82
000021     2.66   02.80
000022     2.64   02.79
000023     2.61   02.76
000024     2.61   02.74
000025     2.61   02.72
000026     2.61   02.71
000027     2.56   02.69
000028     2.56   02.68
000029     2.56   02.66
000030     2.53   02.64
000031     2.53   02.63
000032     2.51   02.60
000033     2.50   02.60
000034     2.49   02.58
000035     2.47   02.57
000036     2.47   02.55
000037     2.45   02.54
000038     2.41   02.54
000039     2.41   02.52
000040     2.41   02.51
000041     2.41   02.50
000042     2.41   02.49
000043     2.40   02.48
000044     2.39   02.47
000045     2.39   02.46
000046     2.36   02.45
000047     2.36   02.45
000048     2.36   02.45
000049     2.35   02.43
000050     2.35   02.41
000051     2.34   02.40
000052     2.32   02.39
000053     2.32   02.38
000054     2.30   02.38
000055     2.29   02.36
000056     2.26   02.35
000057     2.26   02.34
000058     2.26   02.34
000059     2.26   02.33
000060     2.25   02.31
000061     2.25   02.30
000062     2.25   02.29
000063     2.24   02.28
000064     2.23   02.28
000065     2.23   02.27
000066     2.21   02.27
000067     2.21   02.26
000068     2.21   02.25
000069     2.20   02.24
000070     2.20   02.24
000071     2.19   02.23
000072     2.19   02.22
000073     2.17   02.21
000074     2.17   02.21
000075     2.17   02.20
000076     2.17   02.20
000077     2.16   02.19
000078     2.16   02.19
000079     2.15   02.18
000080     2.15   02.18
000081     2.15   02.17
000082     2.15   02.17
000083     2.14   02.17
000084     2.14   02.16
000085     2.14   02.16
000086     2.14   02.15
000087     2.13   02.15
000088     2.13   02.15
000089     2.13   02.15
000090     2.12   02.14
000091     2.12   02.14
000092     2.12   02.14
000093     2.11   02.13
000094     2.11   02.13
000095     2.11   02.13
000096     2.11   02.12
000097     2.10   02.12
000098     2.10   02.12
000099     2.10   02.12
000100     2.10   02.12
000101     2.10   02.11
000102     2.10   02.11
000103     2.10   02.11
000104     2.10   02.11
000105     2.09   02.11
000106     2.09   02.11
000107     2.09   02.10
000108     2.09   02.10
000109     2.09   02.10
000110     2.09   02.10
000111     2.08   02.09
000112     2.08   02.09
000113     2.08   02.09
000114     2.07   02.09
000115     2.07   02.09
000116     2.07   02.08
000117     2.07   02.08
000118     2.07   02.08
000119     2.06   02.08
000120     2.06   02.08
000121     2.06   02.07
000122     2.06   02.07
000123     2.06   02.07
000124     2.05   02.07
000125     2.05   02.07
000126     2.05   02.06
000127     2.05   02.06
000128     2.05   02.06
000129     2.05   02.06
000130     2.04   02.06
000131     2.04   02.05
000132     2.04   02.05
000133     2.04   02.05
000134     2.04   02.05
000135     2.03   02.05
000136     2.03   02.05
000137     2.03   02.04
000138     2.03   02.04
000139     2.03   02.04
000140     2.03   02.04
000141     2.03   02.04
000142     2.03   02.04
000143     2.02   02.03
000144     2.02   02.03
000145     2.02   02.03
000146     2.02   02.03
000147     2.02   02.03
000148     2.02   02.03
000149     2.02   02.02
000150     2.01   02.02
000151     2.01   02.02
000152     2.01   02.02
000153     2.01   02.02
000154     2.01   02.02
000155     2.00   02.02
000156     2.00   02.02
000157     2.00   02.01
000158     2.00   02.01
000159     2.00   02.01
000160     2.00   02.01
000161     2.00   02.01
000162     2.00   02.00
000163     1.99   02.00
000164     1.99   02.00
000165     1.99   02.00
000166     1.99   02.00
000167     1.99   01.99
000168     1.98   01.99
000169     1.98   01.99
000170     1.98   01.99
000171     1.97   01.99
000172     1.97   01.98
000173     1.97   01.98
000174     1.97   01.98
000175     1.97   01.98
000176     1.97   01.97
000177     1.96   01.97
000178     1.96   01.97
000179     1.96   01.97
000180     1.96   01.97
000181     1.96   01.97
000182     1.96   01.97
000183     1.96   01.97
000184     1.95   01.96
000185     1.95   01.96
000186     1.95   01.96
000187     1.95   01.96
000188     1.95   01.96
000189     1.94   01.96
000190     1.94   01.95
000191     1.94   01.95
000192     1.94   01.95
000193     1.94   01.95
000194     1.94   01.95
000195     1.93   01.94
000196     1.93   01.94
000197     1.93   01.94
000198     1.93   01.94
000199     1.93   01.94
000200     1.93   01.94
000201     1.93   01.94
000202     1.93   01.93
000203     1.92   01.93
000204     1.92   01.93
000205     1.92   01.93
000206     1.92   01.93
000207     1.92   01.93
000208     1.91   01.93
000209     1.91   01.92
000210     1.91   01.92
000211     1.91   01.92
000212     1.91   01.92
000213     1.91   01.92
000214     1.91   01.92
000215     1.90   01.91
000216     1.90   01.91
000217     1.90   01.91
000218     1.90   01.91
000219     1.89   01.91
000220     1.89   01.91
000221     1.89   01.90
000222     1.89   01.90
000223     1.89   01.90
000224     1.89   01.90
000225     1.89   01.89
000226     1.88   01.89
000227     1.88   01.89
000228     1.88   01.89
000229     1.88   01.89
000230     1.88   01.89
000231     1.87   01.89
000232     1.87   01.88
000233     1.87   01.88
000234     1.87   01.88
000235     1.87   01.88
000236     1.86   01.87
000237     1.86   01.87
000238     1.86   01.87
000239     1.86   01.87
000240     1.85   01.86
000241     1.85   01.86
000242     1.85   01.86
000243     1.85   01.86
000244     1.84   01.86
000245     1.84   01.85
000246     1.84   01.85
000247     1.84   01.85
000248     1.84   01.85
000249     1.83   01.85
000250     1.83   01.85
000251     1.83   01.84
000252     1.83   01.84
000253     1.83   01.84
000254     1.83   01.84
000255     1.83   01.84
000256     1.82   01.83
000257     1.82   01.83
000258     1.82   01.83
000259     1.82   01.83
000260     1.82   01.83
000261     1.82   01.83
000262     1.82   01.83
000263     1.81   01.83
000264     1.81   01.82
000265     1.81   01.82
000266     1.81   01.82
000267     1.81   01.82
000268     1.81   01.82
000269     1.81   01.82
000270     1.80   01.81
000271     1.80   01.81
000272     1.80   01.81
000273     1.80   01.81
000274     1.80   01.81
000275     1.80   01.81
000276     1.79   01.80
000277     1.79   01.80
000278     1.79   01.80
000279     1.79   01.80
000280     1.79   01.80
000281     1.79   01.80
000282     1.78   01.80
000283     1.78   01.79
000284     1.78   01.79
000285     1.78   01.79
000286     1.78   01.79
000287     1.78   01.79
000288     1.78   01.79
000289     1.78   01.78
000290     1.77   01.78
000291     1.77   01.78
000292     1.77   01.78
000293     1.77   01.78
000294     1.77   01.78
000295     1.76   01.78
000296     1.76   01.78
000297     1.76   01.77
000298     1.76   01.77
000299     1.76   01.77
000300     1.76   01.77
000301     1.76   01.77
000302     1.75   01.77
000303     1.75   01.77
000304     1.75   01.76
000305     1.75   01.76
000306     1.75   01.76
000307     1.75   01.76
000308     1.75   01.76
000309     1.75   01.76
000310     1.75   01.76
000311     1.74   01.75
000312     1.74   01.75
000313     1.74   01.75
000314     1.73   01.75
000315     1.73   01.74
000316     1.73   01.74
000317     1.73   01.74
000318     1.72   01.74
000319     1.72   01.73
000320     1.72   01.73
000321     1.72   01.73
000322     1.72   01.73
000323     1.72   01.73
000324     1.72   01.73
000325     1.71   01.72
000326     1.71   01.72
000327     1.71   01.72
000328     1.71   01.72
000329     1.70   01.72
000330     1.70   01.71
000331     1.70   01.71
000332     1.70   01.71
000333     1.70   01.71
000334     1.70   01.71
000335     1.69   01.71
000336     1.69   01.70
000337     1.69   01.70
000338     1.69   01.70
000339     1.69   01.70
000340     1.69   01.70
000341     1.69   01.70
000342     1.69   01.70
000343     1.68   01.69
000344     1.68   01.69
000345     1.68   01.69
000346     1.68   01.69
000347     1.67   01.69
000348     1.67   01.68
000349     1.67   01.68
000350     1.67   01.68
000351     1.67   01.68
000352     1.67   01.68
000353     1.67   01.68
000354     1.66   01.67
000355     1.66   01.67
000356     1.66   01.67
000357     1.66   01.67
000358     1.65   01.67
000359     1.65   01.66
000360     1.65   01.66
000361     1.65   01.66
000362     1.65   01.66
000363     1.64   01.66
000364     1.64   01.65
000365     1.64   01.65
000366     1.64   01.65
000367     1.64   01.65
000368     1.64   01.65
000369     1.63   01.65
000370     1.63   01.64
000371     1.63   01.64
000372     1.62   01.64
000373     1.62   01.64
000374     1.62   01.64
000375     1.62   01.63
000376     1.62   01.63
000377     1.61   01.63
000378     1.61   01.63
000379     1.61   01.63
000380     1.61   01.62
000381     1.61   01.62
000382     1.61   01.62
000383     1.60   01.62
000384     1.60   01.61
000385     1.60   01.61
000386     1.60   01.61
000387     1.60   01.61
000388     1.60   01.61
000389     1.59   01.61
000390     1.59   01.60
000391     1.59   01.60
000392     1.59   01.60
000393     1.59   01.60
000394     1.59   01.60
000395     1.59   01.60
000396     1.58   01.59
000397     1.58   01.59
000398     1.58   01.59
000399     1.58   01.59
000400     1.58   01.59
000401     1.58   01.59
000402     1.58   01.59
000403     1.57   01.58
000404     1.57   01.58
000405     1.57   01.58
000406     1.57   01.58
000407     1.57   01.58
000408     1.56   01.58
000409     1.56   01.57
000410     1.56   01.57
000411     1.56   01.57
000412     1.56   01.57
000413     1.55   01.57
000414     1.55   01.56
000415     1.55   01.56
000416     1.55   01.56
000417     1.55   01.56
000418     1.55   01.56
000419     1.55   01.56
000420     1.55   01.56
000421     1.54   01.55
000422     1.54   01.55
000423     1.54   01.55
000424     1.54   01.55
000425     1.54   01.55
000426     1.53   01.55
000427     1.53   01.54
000428     1.53   01.54
000429     1.53   01.54
000430     1.53   01.54
000431     1.53   01.54
000432     1.53   01.54
000433     1.53   01.54
000434     1.52   01.53
000435     1.52   01.53
000436     1.52   01.53
000437     1.52   01.53
000438     1.52   01.53
000439     1.51   01.53
000440     1.51   01.52
000441     1.51   01.52
000442     1.51   01.52
000443     1.51   01.52
000444     1.51   01.52
000445     1.51   01.52
000446     1.50   01.51
000447     1.50   01.51
000448     1.50   01.51
000449     1.50   01.51
000450     1.49   01.51
000451     1.49   01.51
000452     1.49   01.50
000453     1.49   01.50
000454     1.49   01.50
000455     1.49   01.50
000456     1.49   01.50
000457     1.48   01.49
000458     1.48   01.49
000459     1.48   01.49
000460     1.48   01.49
000461     1.48   01.49
000462     1.48   01.48
000463     1.47   01.48
000464     1.47   01.48
000465     1.47   01.48
000466     1.47   01.48
000467     1.46   01.48
000468     1.46   01.47
000469     1.46   01.47
000470     1.46   01.47
000471     1.46   01.47
000472     1.45   01.46
000473     1.45   01.46
000474     1.45   01.46
000475     1.45   01.46
000476     1.44   01.46
000477     1.44   01.45
000478     1.44   01.45
000479     1.44   01.45
000480     1.44   01.45
000481     1.44   01.45
000482     1.43   01.45
000483     1.43   01.45
000484     1.43   01.44
000485     1.43   01.44
000486     1.43   01.44
000487     1.43   01.44
000488     1.43   01.44
000489     1.42   01.44
000490     1.42   01.43
000491     1.42   01.43
000492     1.42   01.43
000493     1.42   01.43
000494     1.42   01.43
000495     1.42   01.43
000496     1.42   01.43
000497     1.41   01.42
000498     1.41   01.42
000499     1.41   01.42
000500     1.41   01.42
000501     1.41   01.42
000502     1.41   01.42
000503     1.40   01.41
000504     1.40   01.41
000505     1.40   01.41
000506     1.40   01.41
000507     1.40   01.41
000508     1.39   01.40
000509     1.39   01.40
000510     1.39   01.40
000511     1.39   01.40
000512     1.39   01.40
000513     1.38   01.40
000514     1.38   01.39
000515     1.38   01.39
000516     1.38   01.39
000517     1.38   01.39
000518     1.38   01.39
000519     1.38   01.39
000520     1.38   01.39
000521     1.38   01.39
000522     1.38   01.39
000523     1.37   01.38
000524     1.37   01.38
000525     1.37   01.38
000526     1.37   01.38
000527     1.37   01.38
000528     1.37   01.38
000529     1.36   01.37
000530     1.36   01.37
000531     1.36   01.37
000532     1.36   01.37
000533     1.36   01.37
000534     1.36   01.37
000535     1.36   01.37
000536     1.35   01.37
000537     1.35   01.36
000538     1.35   01.36
000539     1.35   01.36
000540     1.35   01.36
000541     1.34   01.36
000542     1.34   01.35
000543     1.34   01.35
000544     1.34   01.35
000545     1.34   01.35
000546     1.34   01.35
000547     1.34   01.35
000548     1.34   01.35
000549     1.34   01.34
000550     1.33   01.34
000551     1.33   01.34
000552     1.33   01.34
000553     1.33   01.34
000554     1.33   01.34
000555     1.33   01.34
000556     1.32   01.33
000557     1.32   01.33
000558     1.32   01.33
000559     1.32   01.33
000560     1.32   01.33
000561     1.32   01.33
000562     1.32   01.32
000563     1.31   01.32
000564     1.31   01.32
000565     1.31   01.32
000566     1.31   01.32
000567     1.31   01.32
000568     1.31   01.32
000569     1.31   01.32
000570     1.31   01.32
000571     1.31   01.32
000572     1.30   01.31
000573     1.30   01.31
000574     1.30   01.31
000575     1.30   01.31
000576     1.30   01.31
000577     1.30   01.31
000578     1.30   01.31
000579     1.30   01.30
000580     1.29   01.30
000581     1.29   01.30
000582     1.29   01.30
000583     1.29   01.30
000584     1.29   01.30
000585     1.29   01.30
000586     1.29   01.30
000587     1.28   01.29
000588     1.28   01.29
000589     1.28   01.29
000590     1.28   01.29
000591     1.28   01.29
000592     1.28   01.29
000593     1.27   01.28
000594     1.27   01.28
000595     1.27   01.28
000596     1.27   01.28
000597     1.27   01.28
000598     1.27   01.28
000599     1.26   01.27
000600     1.26   01.27
000601     1.26   01.27
000602     1.26   01.27
000603     1.26   01.27
000604     1.26   01.27
000605     1.26   01.27
000606     1.26   01.27
000607     1.26   01.27
000608     1.25   01.27
000609     1.25   01.26
000610     1.25   01.26
000611     1.25   01.26
000612     1.25   01.26
000613     1.25   01.26
000614     1.25   01.26
000615     1.25   01.26
000616     1.25   01.26
000617     1.25   01.25
000618     1.24   01.25
000619     1.24   01.25
000620     1.24   01.25
000621     1.24   01.25
000622     1.24   01.25
000623     1.24   01.25
000624     1.23   01.24
000625     1.23   01.24
000626     1.23   01.24
000627     1.23   01.24
000628     1.23   01.24
000629     1.23   01.24
000630     1.23   01.24
000631     1.23   01.24
000632     1.23   01.24
000633     1.22   01.24
000634     1.22   01.23
000635     1.22   01.23
000636     1.22   01.23
000637     1.22   01.23
000638     1.22   01.23
000639     1.21   01.23
000640     1.21   01.22
000641     1.21   01.22
000642     1.21   01.22
000643     1.21   01.22
000644     1.21   01.22
000645     1.21   01.22
000646     1.21   01.22
000647     1.20   01.21
000648     1.20   01.21
000649     1.20   01.21
000650     1.20   01.21
000651     1.20   01.21
000652     1.20   01.21
000653     1.20   01.21
000654     1.19   01.21
000655     1.19   01.20
000656     1.19   01.20
000657     1.19   01.20
000658     1.19   01.20
000659     1.19   01.20
000660     1.18   01.20
000661     1.18   01.19
000662     1.18   01.19
000663     1.18   01.19
000664     1.18   01.19
000665     1.18   01.19
000666     1.18   01.19
000667     1.17   01.19
000668     1.17   01.19
000669     1.17   01.18
000670     1.17   01.18
000671     1.17   01.18
000672     1.17   01.18
000673     1.17   01.18
000674     1.17   01.18
000675     1.17   01.18
000676     1.17   01.18
000677     1.17   01.17
000678     1.16   01.17
000679     1.16   01.17
000680     1.16   01.17
000681     1.16   01.17
000682     1.16   01.17
000683     1.15   01.17
000684     1.15   01.17
000685     1.15   01.16
000686     1.15   01.16
000687     1.15   01.16
000688     1.15   01.16
000689     1.15   01.16
000690     1.15   01.16
000691     1.15   01.16
000692     1.14   01.15
000693     1.14   01.15
000694     1.14   01.15
000695     1.14   01.15
000696     1.14   01.15
000697     1.14   01.15
000698     1.14   01.15
000699     1.14   01.15
000700     1.13   01.14
000701     1.13   01.14
000702     1.13   01.14
000703     1.13   01.14
000704     1.13   01.14
000705     1.13   01.14
000706     1.13   01.14
000707     1.12   01.13
000708     1.12   01.13
000709     1.12   01.13
000710     1.12   01.13
000711     1.12   01.13
000712     1.11   01.12
000713     1.11   01.12
000714     1.11   01.12
000715     1.11   01.12
000716     1.11   01.12
000717     1.11   01.12
000718     1.11   01.12
000719     1.10   01.11
000720     1.10   01.11
000721     1.10   01.11
000722     1.10   01.11
000723     1.10   01.11
000724     1.10   01.11
000725     1.10   01.11
000726     1.10   01.11
000727     1.09   01.11
000728     1.09   01.10
000729     1.09   01.10
000730     1.09   01.10
000731     1.09   01.10
000732     1.09   01.10
000733     1.09   01.10
000734     1.09   01.10
000735     1.09   01.09
000736     1.08   01.09
000737     1.08   01.09
000738     1.08   01.09
000739     1.08   01.09
000740     1.08   01.09
000741     1.07   01.09
000742     1.07   01.08
000743     1.07   01.08
000744     1.07   01.08
000745     1.07   01.08
000746     1.07   01.08
000747     1.07   01.08
000748     1.07   01.07
000749     1.06   01.07
000750     1.06   01.07
000751     1.06   01.07
000752     1.06   01.07
000753     1.06   01.07
000754     1.06   01.07
000755     1.06   01.06
000756     1.06   01.06
000757     1.05   01.06
000758     1.05   01.06
000759     1.05   01.06
000760     1.05   01.06
000761     1.05   01.05
000762     1.04   01.05
000763     1.04   01.05
000764     1.04   01.05
000765     1.04   01.05
000766     1.04   01.05
000767     1.04   01.05
000768     1.04   01.05
000769     1.03   01.05
000770     1.03   01.04
000771     1.03   01.04
000772     1.03   01.04
000773     1.03   01.04
000774     1.03   01.04
000775     1.03   01.04
000776     1.03   01.04
000777     1.03   01.03
000778     1.02   01.03
000779     1.02   01.03
000780     1.02   01.03
000781     1.02   01.03
000782     1.02   01.03
000783     1.02   01.03
000784     1.02   01.03
000785     1.02   01.03
000786     1.02   01.03
000787     1.02   01.03
000788     1.02   01.03
000789     1.01   01.02
000790     1.01   01.02
000791     1.01   01.02
000792     1.01   01.02
000793     1.01   01.02
000794     1.01   01.02
000795     1.01   01.02
000796     1.01   01.01
000797     1.01   01.01
000798     1.00   01.01
000799     1.00   01.01
000800     1.00   01.01
000801     1.00   01.01
000802     0.99   01.01
000803     0.99   01.01
000804     0.99   01.00
000805     0.99   01.00
000806     0.99   01.00
000807     0.99   01.00
000808     0.99   01.00
000809     0.99   01.00
000810     0.99   01.00
000811     0.99   01.00
000812     0.99   00.99
000813     0.99   00.99
000814     0.98   00.99
000815     0.98   00.99
000816     0.98   00.99
000817     0.98   00.99
000818     0.98   00.99
000819     0.98   00.99
000820     0.98   00.99
000821     0.98   00.99
000822     0.98   00.99
000823     0.98   00.98
000824     0.97   00.98
000825     0.97   00.98
000826     0.97   00.98
000827     0.97   00.98
000828     0.97   00.98
000829     0.97   00.98
000830     0.97   00.98
000831     0.96   00.97
000832     0.96   00.97
000833     0.96   00.97
000834     0.96   00.97
000835     0.96   00.97
000836     0.96   00.97
000837     0.96   00.97
000838     0.96   00.97
000839     0.96   00.97
000840     0.96   00.97
000841     0.96   00.97
000842     0.96   00.96
000843     0.96   00.96
000844     0.95   00.96
000845     0.95   00.96
000846     0.95   00.96
000847     0.94   00.96
000848     0.94   00.95
000849     0.94   00.95
000850     0.94   00.95
000851     0.94   00.95
000852     0.94   00.95
000853     0.94   00.95
000854     0.94   00.94
000855     0.94   00.94
000856     0.93   00.94
000857     0.93   00.94
000858     0.93   00.94
000859     0.93   00.94
000860     0.93   00.94
000861     0.93   00.94
000862     0.93   00.93
000863     0.92   00.93
000864     0.92   00.93
000865     0.92   00.93
000866     0.92   00.93
000867     0.92   00.93
000868     0.92   00.93
000869     0.91   00.93
000870     0.91   00.92
000871     0.91   00.92
000872     0.91   00.92
000873     0.91   00.92
000874     0.91   00.92
000875     0.91   00.92
000876     0.91   00.91
000877     0.91   00.91
000878     0.90   00.91
000879     0.90   00.91
000880     0.89   00.91
000881     0.89   00.91
000882     0.89   00.91
000883     0.89   00.90
000884     0.89   00.90
000885     0.89   00.90
000886     0.89   00.90
000887     0.89   00.90
000888     0.89   00.90
000889     0.89   00.90
000890     0.89   00.89
000891     0.88   00.89
000892     0.88   00.89
000893     0.88   00.89
000894     0.88   00.89
000895     0.88   00.89
000896     0.88   00.89
000897     0.88   00.89
000898     0.88   00.89
000899     0.87   00.89
000900     0.87   00.89
000901     0.87   00.88
000902     0.87   00.88
000903     0.87   00.88
000904     0.87   00.88
000905     0.87   00.88
000906     0.87   00.88
000907     0.87   00.88
000908     0.87   00.88
000909     0.87   00.88
000910     0.87   00.88
000911     0.86   00.87
000912     0.86   00.87
000913     0.86   00.87
000914     0.86   00.87
000915     0.86   00.87
000916     0.86   00.87
000917     0.86   00.86
000918     0.86   00.86
000919     0.85   00.86
000920     0.85   00.86
000921     0.85   00.86
000922     0.85   00.86
000923     0.85   00.86
000924     0.85   00.86
000925     0.85   00.86
000926     0.85   00.86
000927     0.85   00.85
000928     0.84   00.85
000929     0.84   00.85
000930     0.84   00.85
000931     0.84   00.85
000932     0.84   00.85
000933     0.84   00.85
000934     0.84   00.84
000935     0.84   00.84
000936     0.83   00.84
000937     0.83   00.84
000938     0.83   00.84
000939     0.83   00.84
000940     0.83   00.84
000941     0.83   00.84
000942     0.83   00.84
000943     0.83   00.84
000944     0.83   00.84
000945     0.83   00.83
000946     0.82   00.83
000947     0.82   00.83
000948     0.82   00.83
000949     0.82   00.83
000950     0.82   00.83
000951     0.82   00.83
000952     0.82   00.83
000953     0.82   00.83
000954     0.82   00.82
000955     0.81   00.82
000956     0.81   00.82
000957     0.81   00.82
000958     0.81   00.82
000959     0.81   00.82
000960     0.81   00.82
000961     0.81   00.82
000962     0.81   00.82
000963     0.80   00.82
000964     0.80   00.81
000965     0.80   00.81
000966     0.80   00.81
000967     0.80   00.81
000968     0.80   00.81
000969     0.80   00.81
000970     0.80   00.81
000971     0.80   00.81
000972     0.80   00.81
000973     0.79   00.80
000974     0.79   00.80
000975     0.79   00.80
000976     0.79   00.80
000977     0.79   00.80
000978     0.79   00.80
000979     0.79   00.80
000980     0.79   00.80
000981     0.79   00.79
000982     0.79   00.79
000983     0.79   00.79
000984     0.78   00.79
000985     0.78   00.79
000986     0.78   00.79
000987     0.78   00.79
000988     0.78   00.79
000989     0.78   00.79
000990     0.78   00.79
000991     0.78   00.78
000992     0.77   00.78
000993     0.77   00.78
000994     0.77   00.78
000995     0.77   00.78
000996     0.77   00.78
000997     0.77   00.78
000998     0.77   00.78
000999     0.77   00.78
001000     0.77   00.78
001001     0.77   00.78
001002     0.77   00.77
001003     0.76   00.77
001004     0.76   00.77
001005     0.76   00.77
001006     0.76   00.77
001007     0.76   00.77
001008     0.76   00.77
001009     0.76   00.77
001010     0.76   00.77
001011     0.76   00.77
001012     0.76   00.76
001013     0.76   00.76
001014     0.75   00.76
001015     0.75   00.76
001016     0.75   00.76
001017     0.75   00.76
001018     0.75   00.76
001019     0.75   00.76
001020     0.75   00.76
001021     0.75   00.76
001022     0.75   00.75
001023     0.74   00.75
001024     0.74   00.75
001025     0.74   00.75
001026     0.74   00.75
001027     0.74   00.75
001028     0.74   00.75
001029     0.74   00.75
001030     0.74   00.75
001031     0.74   00.75
001032     0.74   00.75
001033     0.74   00.74
001034     0.74   00.74
001035     0.74   00.74
001036     0.73   00.74
001037     0.73   00.74
001038     0.73   00.74
001039     0.73   00.74
001040     0.73   00.74
001041     0.73   00.74
001042     0.73   00.74
001043     0.73   00.73
001044     0.73   00.73
001045     0.72   00.73
001046     0.72   00.73
001047     0.72   00.73
001048     0.72   00.73
001049     0.72   00.73
001050     0.72   00.73
001051     0.72   00.73
001052     0.72   00.73
001053     0.72   00.73
001054     0.72   00.73
001055     0.71   00.73
001056     0.71   00.72
001057     0.71   00.72
001058     0.71   00.72
001059     0.71   00.72
001060     0.71   00.72
001061     0.71   00.72
001062     0.71   00.72
001063     0.71   00.71
001064     0.70   00.71
001065     0.70   00.71
001066     0.70   00.71
001067     0.70   00.71
001068     0.70   00.71
001069     0.70   00.71
001070     0.70   00.71
001071     0.70   00.70
001072     0.70   00.70
001073     0.70   00.70
001074     0.69   00.70
001075     0.69   00.70
001076     0.69   00.70
001077     0.69   00.70
001078     0.69   00.70
001079     0.69   00.70
001080     0.69   00.70
001081     0.69   00.70
001082     0.69   00.70
001083     0.69   00.70
001084     0.69   00.70
001085     0.69   00.69
001086     0.69   00.69
001087     0.69   00.69
001088     0.69   00.69
001089     0.68   00.69
001090     0.68   00.69
001091     0.68   00.69
001092     0.68   00.69
001093     0.68   00.69
001094     0.68   00.69
001095     0.68   00.69
001096     0.68   00.69
001097     0.68   00.69
001098     0.68   00.69
001099     0.68   00.68
001100     0.68   00.68
001101     0.67   00.68
001102     0.67   00.68
001103     0.67   00.68
001104     0.67   00.68
001105     0.67   00.68
001106     0.67   00.68
001107     0.67   00.68
001108     0.67   00.68
001109     0.67   00.67
001110     0.67   00.67
001111     0.67   00.67
001112     0.67   00.67
001113     0.66   00.67
001114     0.66   00.67
001115     0.66   00.67
001116     0.66   00.67
001117     0.66   00.67
001118     0.66   00.67
001119     0.66   00.67
001120     0.66   00.66
001121     0.66   00.66
001122     0.66   00.66
001123     0.66   00.66
001124     0.66   00.66
001125     0.66   00.66
001126     0.65   00.66
001127     0.65   00.66
001128     0.65   00.66
001129     0.65   00.66
001130     0.65   00.66
001131     0.65   00.66
001132     0.65   00.66
001133     0.65   00.66
001134     0.65   00.65
001135     0.65   00.65
001136     0.65   00.65
001137     0.64   00.65
001138     0.64   00.65
001139     0.64   00.65
001140     0.64   00.65
001141     0.64   00.65
001142     0.64   00.65
001143     0.64   00.65
001144     0.64   00.65
001145     0.64   00.65
001146     0.64   00.65
001147     0.64   00.65
001148     0.64   00.65
001149     0.64   00.64
001150     0.63   00.64
001151     0.63   00.64
001152     0.63   00.64
001153     0.63   00.64
001154     0.63   00.64
001155     0.63   00.64
001156     0.63   00.64
001157     0.63   00.64
001158     0.63   00.64
001159     0.63   00.63
001160     0.63   00.63
001161     0.62   00.63
001162     0.62   00.63
001163     0.62   00.63
001164     0.62   00.63
001165     0.62   00.63
001166     0.62   00.63
001167     0.62   00.63
001168     0.62   00.62
001169     0.62   00.62
001170     0.62   00.62
001171     0.62   00.62
001172     0.61   00.62
001173     0.61   00.62
001174     0.61   00.62
001175     0.61   00.62
001176     0.61   00.62
001177     0.61   00.62
001178     0.61   00.62
001179     0.61   00.62
001180     0.61   00.62
001181     0.61   00.62
001182     0.61   00.62
001183     0.61   00.62
001184     0.61   00.61
001185     0.61   00.61
001186     0.61   00.61
001187     0.61   00.61
001188     0.61   00.61
001189     0.60   00.61
001190     0.60   00.61
001191     0.60   00.61
001192     0.60   00.61
001193     0.60   00.61
001194     0.60   00.61
001195     0.60   00.61
001196     0.60   00.61
001197     0.60   00.61
001198     0.60   00.61
001199     0.60   00.60
001200     0.60   00.60
001201     0.60   00.60
001202     0.60   00.60
001203     0.60   00.60
001204     0.59   00.60
001205     0.59   00.60
001206     0.59   00.60
001207     0.59   00.60
001208     0.59   00.60
001209     0.59   00.60
001210     0.59   00.60
001211     0.59   00.60
001212     0.59   00.60
001213     0.59   00.60
001214     0.59   00.59
001215     0.59   00.59
001216     0.59   00.59
001217     0.59   00.59
001218     0.58   00.59
001219     0.58   00.59
001220     0.58   00.59
001221     0.58   00.59
001222     0.58   00.59
001223     0.58   00.59
001224     0.58   00.59
001225     0.58   00.59
001226     0.58   00.59
001227     0.58   00.59
001228     0.58   00.59
001229     0.58   00.59
001230     0.58   00.58
001231     0.58   00.58
001232     0.58   00.58
001233     0.57   00.58
001234     0.57   00.58
001235     0.57   00.58
001236     0.57   00.58
001237     0.57   00.58
001238     0.57   00.58
001239     0.57   00.58
001240     0.57   00.58
001241     0.57   00.58
001242     0.57   00.58
001243     0.57   00.58
001244     0.57   00.58
001245     0.56   00.57
001246     0.56   00.57
001247     0.56   00.57
001248     0.56   00.57
001249     0.56   00.57
001250     0.56   00.57
001251     0.56   00.57
001252     0.56   00.57
001253     0.56   00.57
001254     0.56   00.57
001255     0.56   00.57
001256     0.56   00.57
001257     0.56   00.57
001258     0.56   00.57
001259     0.56   00.57
001260     0.56   00.57
001261     0.56   00.56
001262     0.56   00.56
001263     0.56   00.56
001264     0.56   00.56
001265     0.55   00.56
001266     0.55   00.56
001267     0.55   00.56
001268     0.55   00.56
001269     0.55   00.56
001270     0.55   00.56
001271     0.55   00.56
001272     0.55   00.56
001273     0.55   00.56
001274     0.55   00.56
001275     0.55   00.56
001276     0.55   00.55
001277     0.55   00.55
001278     0.55   00.55
001279     0.55   00.55
001280     0.54   00.55
001281     0.54   00.55
001282     0.54   00.55
001283     0.54   00.55
001284     0.54   00.55
001285     0.54   00.55
001286     0.54   00.55
001287     0.54   00.55
001288     0.54   00.55
001289     0.54   00.55
001290     0.54   00.54
001291     0.54   00.54
001292     0.54   00.54
001293     0.53   00.54
001294     0.53   00.54
001295     0.53   00.54
001296     0.53   00.54
001297     0.53   00.54
001298     0.53   00.54
001299     0.53   00.54
001300     0.53   00.54
001301     0.53   00.54
001302     0.53   00.53
001303     0.53   00.53
001304     0.53   00.53
001305     0.53   00.53
001306     0.53   00.53
001307     0.53   00.53
001308     0.53   00.53
001309     0.53   00.53
001310     0.52   00.53
001311     0.52   00.53
001312     0.52   00.53
001313     0.52   00.53
001314     0.52   00.53
001315     0.52   00.53
001316     0.52   00.53
001317     0.52   00.53
001318     0.52   00.53
001319     0.52   00.53
001320     0.52   00.53
001321     0.52   00.53
001322     0.52   00.53
001323     0.52   00.52
001324     0.52   00.52
001325     0.51   00.52
001326     0.51   00.52
001327     0.51   00.52
001328     0.51   00.52
001329     0.51   00.52
001330     0.51   00.52
001331     0.51   00.52
001332     0.51   00.52
001333     0.51   00.52
001334     0.51   00.52
001335     0.51   00.52
001336     0.51   00.52
001337     0.51   00.51
001338     0.51   00.51
001339     0.51   00.51
001340     0.51   00.51
001341     0.51   00.51
001342     0.51   00.51
001343     0.50   00.51
001344     0.50   00.51
001345     0.50   00.51
001346     0.50   00.51
001347     0.50   00.51
001348     0.50   00.51
001349     0.50   00.51
001350     0.50   00.51
001351     0.50   00.51
001352     0.50   00.51
001353     0.50   00.51
001354     0.50   00.51
001355     0.50   00.51
001356     0.50   00.50
001357     0.50   00.50
001358     0.50   00.50
001359     0.50   00.50
001360     0.50   00.50
001361     0.50   00.50
001362     0.49   00.50
001363     0.49   00.50
001364     0.49   00.50
001365     0.49   00.50
001366     0.49   00.50
001367     0.49   00.50
001368     0.49   00.50
001369     0.49   00.50
001370     0.49   00.50
001371     0.49   00.50
001372     0.49   00.49
001373     0.49   00.49
001374     0.49   00.49
001375     0.49   00.49
001376     0.49   00.49
001377     0.49   00.49
001378     0.49   00.49
001379     0.48   00.49
001380     0.48   00.49
001381     0.48   00.49
001382     0.48   00.49
001383     0.48   00.49
001384     0.48   00.49
001385     0.48   00.49
001386     0.48   00.49
001387     0.48   00.49
001388     0.48   00.49
001389     0.48   00.49
001390     0.48   00.49
001391     0.48   00.49
001392     0.48   00.49
001393     0.48   00.49
001394     0.48   00.48
001395     0.48   00.48
001396     0.48   00.48
001397     0.48   00.48
001398     0.48   00.48
001399     0.48   00.48
001400     0.48   00.48
001401     0.48   00.48
001402     0.47   00.48
001403     0.47   00.48
001404     0.47   00.48
001405     0.47   00.48
001406     0.47   00.48
001407     0.47   00.48
001408     0.47   00.48
001409     0.47   00.48
001410     0.47   00.48
001411     0.47   00.48
001412     0.47   00.47
001413     0.47   00.47
001414     0.47   00.47
001415     0.47   00.47
001416     0.47   00.47
001417     0.47   00.47
001418     0.47   00.47
001419     0.47   00.47
001420     0.47   00.47
001421     0.46   00.47
001422     0.46   00.47
001423     0.46   00.47
001424     0.46   00.47
001425     0.46   00.47
001426     0.46   00.47
001427     0.46   00.47
001428     0.46   00.47
001429     0.46   00.47
001430     0.46   00.47
001431     0.46   00.47
001432     0.46   00.47
001433     0.46   00.47
001434     0.46   00.47
001435     0.46   00.47
001436     0.46   00.47
001437     0.46   00.46
001438     0.46   00.46
001439     0.46   00.46
001440     0.46   00.46
001441     0.46   00.46
001442     0.45   00.46
001443     0.45   00.46
001444     0.45   00.46
001445     0.45   00.46
001446     0.45   00.46
001447     0.45   00.46
001448     0.45   00.46
001449     0.45   00.46
001450     0.45   00.46
001451     0.45   00.46
001452     0.45   00.46
001453     0.45   00.46
001454     0.45   00.46
001455     0.45   00.45
001456     0.45   00.45
001457     0.45   00.45
001458     0.45   00.45
001459     0.45   00.45
001460     0.45   00.45
001461     0.45   00.45
001462     0.45   00.45
001463     0.45   00.45
001464     0.45   00.45
001465     0.44   00.45
001466     0.44   00.45
001467     0.44   00.45
001468     0.44   00.45
001469     0.44   00.45
001470     0.44   00.45
001471     0.44   00.45
001472     0.44   00.45
001473     0.44   00.45
001474     0.44   00.45
001475     0.44   00.44
001476     0.44   00.44
001477     0.44   00.44
001478     0.44   00.44
001479     0.44   00.44
001480     0.44   00.44
001481     0.44   00.44
001482     0.44   00.44
001483     0.44   00.44
001484     0.44   00.44
001485     0.43   00.44
001486     0.43   00.44
001487     0.43   00.44
001488     0.43   00.44
001489     0.43   00.44
001490     0.43   00.44
001491     0.43   00.44
001492     0.43   00.44
001493     0.43   00.43
001494     0.43   00.43
001495     0.43   00.43
001496     0.43   00.43
001497     0.43   00.43
001498     0.43   00.43
001499     0.42   00.43
001500     0.42   00.43
001501     0.42   00.43
001502     0.42   00.43
001503     0.42   00.43
001504     0.42   00.43
001505     0.42   00.43
001506     0.42   00.43
001507     0.42   00.43
001508     0.42   00.43
001509     0.42   00.43
001510     0.42   00.43
001511     0.42   00.43
001512     0.42   00.42
001513     0.42   00.42
001514     0.42   00.42
001515     0.42   00.42
001516     0.42   00.42
001517     0.42   00.42
001518     0.42   00.42
001519     0.42   00.42
001520     0.42   00.42
001521     0.42   00.42
001522     0.42   00.42
001523     0.42   00.42
001524     0.42   00.42
001525     0.41   00.42
001526     0.41   00.42
001527     0.41   00.42
001528     0.41   00.42
001529     0.41   00.42
001530     0.41   00.42
001531     0.41   00.42
001532     0.41   00.42
001533     0.41   00.42
001534     0.41   00.42
001535     0.41   00.42
001536     0.41   00.42
001537     0.41   00.42
001538     0.41   00.42
001539     0.41   00.41
001540     0.41   00.41
001541     0.41   00.41
001542     0.41   00.41
001543     0.41   00.41
001544     0.41   00.41
001545     0.41   00.41
001546     0.40   00.41
001547     0.40   00.41
001548     0.40   00.41
001549     0.40   00.41
001550     0.40   00.41
001551     0.40   00.41
001552     0.40   00.41
001553     0.40   00.41
001554     0.40   00.41
001555     0.40   00.41
001556     0.40   00.41
001557     0.40   00.41
001558     0.40   00.40
001559     0.40   00.40
001560     0.40   00.40
001561     0.40   00.40
001562     0.40   00.40
001563     0.40   00.40
001564     0.39   00.40
001565     0.39   00.40
001566     0.39   00.40
001567     0.39   00.40
001568     0.39   00.40
001569     0.39   00.40
001570     0.39   00.40
001571     0.39   00.40
001572     0.39   00.40
001573     0.39   00.40
001574     0.39   00.40
001575     0.39   00.40
001576     0.39   00.40
001577     0.39   00.40
001578     0.39   00.40
001579     0.39   00.39
001580     0.39   00.39
001581     0.39   00.39
001582     0.39   00.39
001583     0.39   00.39
001584     0.39   00.39
001585     0.39   00.39
001586     0.38   00.39
001587     0.38   00.39
001588     0.38   00.39
001589     0.38   00.39
001590     0.38   00.39
001591     0.38   00.39
001592     0.38   00.39
001593     0.38   00.39
001594     0.38   00.39
001595     0.38   00.39
001596     0.38   00.39
001597     0.38   00.39
001598     0.38   00.39
001599     0.38   00.39
001600     0.38   00.39
001601     0.38   00.38
001602     0.38   00.38
001603     0.38   00.38
001604     0.38   00.38
001605     0.38   00.38
001606     0.38   00.38
001607     0.38   00.38
001608     0.38   00.38
001609     0.38   00.38
001610     0.38   00.38
001611     0.38   00.38
001612     0.38   00.38
001613     0.37   00.38
001614     0.37   00.38
001615     0.37   00.38
001616     0.37   00.38
001617     0.37   00.38
001618     0.37   00.38
001619     0.37   00.38
001620     0.37   00.38
001621     0.37   00.38
001622     0.37   00.38
001623     0.37   00.38
001624     0.37   00.38
001625     0.37   00.38
001626     0.37   00.38
001627     0.37   00.38
001628     0.37   00.38
001629     0.37   00.38
001630     0.37   00.38
001631     0.37   00.37
001632     0.37   00.37
001633     0.37   00.37
001634     0.37   00.37
001635     0.37   00.37
001636     0.37   00.37
001637     0.37   00.37
001638     0.37   00.37
001639     0.37   00.37
001640     0.37   00.37
001641     0.36   00.37
001642     0.36   00.37
001643     0.36   00.37
001644     0.36   00.37
001645     0.36   00.37
001646     0.36   00.37
001647     0.36   00.37
001648     0.36   00.37
001649     0.36   00.37
001650     0.36   00.37
001651     0.36   00.37
001652     0.36   00.37
001653     0.36   00.37
001654     0.36   00.37
001655     0.36   00.37
001656     0.36   00.37
001657     0.36   00.37
001658     0.36   00.37
001659     0.36   00.37
001660     0.36   00.36
001661     0.36   00.36
001662     0.36   00.36
001663     0.36   00.36
001664     0.36   00.36
001665     0.36   00.36
001666     0.36   00.36
001667     0.36   00.36
001668     0.36   00.36
001669     0.36   00.36
001670     0.36   00.36
001671     0.35   00.36
001672     0.35   00.36
001673     0.35   00.36
001674     0.35   00.36
001675     0.35   00.36
001676     0.35   00.36
001677     0.35   00.36
001678     0.35   00.36
001679     0.35   00.36
001680     0.35   00.36
001681     0.35   00.36
001682     0.35   00.36
001683     0.35   00.35
001684     0.35   00.35
001685     0.35   00.35
001686     0.35   00.35
001687     0.35   00.35
001688     0.35   00.35
001689     0.35   00.35
001690     0.34   00.35
001691     0.34   00.35
001692     0.34   00.35
001693     0.34   00.35
001694     0.34   00.35
001695     0.34   00.35
001696     0.34   00.35
001697     0.34   00.35
001698     0.34   00.35
001699     0.34   00.35
001700     0.34   00.35
001701     0.34   00.35
001702     0.34   00.35
001703     0.34   00.34
001704     0.34   00.34
001705     0.34   00.34
001706     0.34   00.34
001707     0.34   00.34
001708     0.34   00.34
001709     0.34   00.34
001710     0.34   00.34
001711     0.34   00.34
001712     0.34   00.34
001713     0.34   00.34
001714     0.34   00.34
001715     0.34   00.34
001716     0.34   00.34
001717     0.34   00.34
001718     0.34   00.34
001719     0.34   00.34
001720     0.34   00.34
001721     0.34   00.34
001722     0.34   00.34
001723     0.33   00.34
001724     0.33   00.34
001725     0.33   00.34
001726     0.33   00.34
001727     0.33   00.34
001728     0.33   00.34
001729     0.33   00.34
001730     0.33   00.34
001731     0.33   00.34
001732     0.33   00.34
001733     0.33   00.34
001734     0.33   00.34
001735     0.33   00.34
001736     0.33   00.34
001737     0.33   00.34
001738     0.33   00.34
001739     0.33   00.34
001740     0.33   00.33
001741     0.33   00.34
001742     0.33   00.33
001743     0.33   00.33
001744     0.33   00.33
001745     0.33   00.33
001746     0.33   00.33
001747     0.33   00.33
001748     0.33   00.33
001749     0.33   00.33
001750     0.33   00.33
001751     0.33   00.33
001752     0.33   00.33
001753     0.33   00.33
001754     0.33   00.33
001755     0.33   00.33
001756     0.32   00.33
001757     0.32   00.33
001758     0.32   00.33
001759     0.32   00.33
001760     0.32   00.33
001761     0.32   00.33
001762     0.32   00.33
001763     0.32   00.33
001764     0.32   00.33
001765     0.32   00.33
001766     0.32   00.33
001767     0.32   00.33
001768     0.32   00.33
001769     0.32   00.33
001770     0.32   00.33
001771     0.32   00.33
001772     0.32   00.33
001773     0.32   00.33
001774     0.32   00.32
001775     0.32   00.32
001776     0.32   00.32
001777     0.32   00.32
001778     0.32   00.32
001779     0.32   00.32
001780     0.32   00.32
001781     0.32   00.32
001782     0.32   00.32
001783     0.32   00.32
001784     0.32   00.32
001785     0.32   00.32
001786     0.32   00.32
001787     0.32   00.32
001788     0.32   00.32
001789     0.32   00.32
001790     0.32   00.32
001791     0.32   00.32
001792     0.32   00.32
001793     0.32   00.32
001794     0.32   00.32
001795     0.31   00.32
001796     0.31   00.32
001797     0.31   00.32
001798     0.31   00.32
001799     0.31   00.32
001800     0.31   00.32
001801     0.31   00.32
001802     0.31   00.32
001803     0.31   00.32
001804     0.31   00.32
001805     0.31   00.32
001806     0.31   00.32
001807     0.31   00.32
001808     0.31   00.32
001809     0.31   00.32
001810     0.31   00.32
001811     0.31   00.32
001812     0.31   00.31
001813     0.31   00.31
001814     0.31   00.31
001815     0.31   00.31
001816     0.31   00.31
001817     0.31   00.31
001818     0.31   00.31
001819     0.31   00.31
001820     0.31   00.31
001821     0.31   00.31
001822     0.31   00.31
001823     0.31   00.31
001824     0.31   00.31
001825     0.31   00.31
001826     0.31   00.31
001827     0.31   00.31
001828     0.31   00.31
001829     0.30   00.31
001830     0.30   00.31
001831     0.30   00.31
001832     0.30   00.31
001833     0.30   00.31
001834     0.30   00.31
001835     0.30   00.31
001836     0.30   00.31
001837     0.30   00.31
001838     0.30   00.31
001839     0.30   00.31
001840     0.30   00.31
001841     0.30   00.31
001842     0.30   00.31
001843     0.30   00.31
001844     0.30   00.31
001845     0.30   00.31
001846     0.30   00.31
001847     0.30   00.31
001848     0.30   00.31
001849     0.30   00.31
001850     0.30   00.31
001851     0.30   00.31
001852     0.30   00.30
001853     0.30   00.30
001854     0.30   00.30
001855     0.30   00.30
001856     0.30   00.30
001857     0.30   00.30
001858     0.30   00.30
001859     0.30   00.30
001860     0.30   00.30
001861     0.30   00.30
001862     0.30   00.30
001863     0.29   00.30
001864     0.29   00.30
001865     0.29   00.30
001866     0.29   00.30
001867     0.29   00.30
001868     0.29   00.30
001869     0.29   00.30
001870     0.29   00.30
001871     0.29   00.30
001872     0.29   00.30
001873     0.29   00.30
001874     0.29   00.30
001875     0.29   00.30
001876     0.29   00.30
001877     0.29   00.30
001878     0.29   00.30
001879     0.29   00.30
001880     0.29   00.30
001881     0.29   00.30
001882     0.29   00.30
001883     0.29   00.30
001884     0.29   00.30
001885     0.29   00.30
001886     0.29   00.30
001887     0.29   00.30
001888     0.29   00.30
001889     0.29   00.30
001890     0.29   00.29
001891     0.29   00.29
001892     0.29   00.29
001893     0.29   00.29
001894     0.29   00.29
001895     0.29   00.29
001896     0.29   00.29
001897     0.29   00.29
001898     0.29   00.29
001899     0.29   00.29
001900     0.29   00.29
001901     0.29   00.29
001902     0.29   00.29
001903     0.29   00.29
001904     0.29   00.29
001905     0.29   00.29
001906     0.29   00.29
001907     0.29   00.29
001908     0.29   00.29
001909     0.29   00.29
001910     0.29   00.29
001911     0.29   00.29
001912     0.29   00.29
001913     0.29   00.29
001914     0.29   00.29
001915     0.29   00.29
001916     0.29   00.29
001917     0.29   00.29
001918     0.29   00.29
001919     0.29   00.29
001920     0.29   00.29
001921     0.29   00.29
001922     0.29   00.29
001923     0.29   00.29
001924     0.29   00.29
001925     0.29   00.29
001926     0.29   00.29
001927     0.29   00.29
001928     0.29   00.29
001929     0.29   00.29
001930     0.29   00.29
001931     0.29   00.29
001932     0.29   00.29
001933     0.29   00.29
001934     0.29   00.29
001935     0.29   00.29
001936     0.28   00.29
001937     0.28   00.29
001938     0.28   00.29
001939     0.28   00.29
001940     0.28   00.29
001941     0.28   00.29
001942     0.28   00.29
001943     0.28   00.29
001944     0.28   00.29
001945     0.28   00.29
001946     0.28   00.29
001947     0.28   00.29
001948     0.28   00.29
001949     0.28   00.29
001950     0.28   00.29
001951     0.28   00.29
001952     0.28   00.29
001953     0.28   00.29
001954     0.28   00.29
001955     0.28   00.29
001956     0.28   00.29
001957     0.28   00.29
001958     0.28   00.29
001959     0.28   00.29
001960     0.28   00.28
001961     0.28   00.28
001962     0.28   00.29
001963     0.28   00.29
001964     0.28   00.29
001965     0.28   00.29
001966     0.28   00.29
001967     0.28   00.29
001968     0.28   00.29
001969     0.28   00.29
001970     0.28   00.29
001971     0.28   00.28
001972     0.28   00.28
001973     0.28   00.29
001974     0.28   00.29
001975     0.28   00.28
001976     0.28   00.28
001977     0.28   00.28
001978     0.28   00.28
001979     0.28   00.28
001980     0.28   00.28
001981     0.28   00.28
001982     0.28   00.28
001983     0.28   00.28
001984     0.28   00.28
001985     0.28   00.28
001986     0.28   00.28
001987     0.28   00.28
001988     0.28   00.28
001989     0.28   00.28
001990     0.28   00.28
001991     0.28   00.28
001992     0.28   00.28
001993     0.28   00.28
001994     0.28   00.28
001995     0.28   00.28
001996     0.28   00.28
001997     0.28   00.28
001998     0.28   00.28
001999     0.28   00.28
002000     0.28   00.28
002001     0.28   00.28
002002     0.28   00.28
002003     0.28   00.28
002004     0.28   00.28
002005     0.28   00.28
002006     0.28   00.28
002007     0.28   00.28
002008     0.28   00.28
002009     0.28   00.28
002010     0.28   00.28
002011     0.28   00.28
002012     0.28   00.28
002013     0.28   00.28
002014     0.28   00.28
002015     0.28   00.28
002016     0.28   00.28
002017     0.28   00.28
002018     0.28   00.28
002019     0.28   00.28
002020     0.28   00.28
002021     0.28   00.28
002022     0.28   00.28
002023     0.28   00.28
002024     0.28   00.28
002025     0.28   00.28
002026     0.28   00.28
002027     0.28   00.28
002028     0.28   00.28
002029     0.28   00.28
002030     0.28   00.28
002031     0.28   00.28
002032     0.28   00.28
002033     0.28   00.28
002034     0.28   00.28
002035     0.28   00.28
002036     0.28   00.28
002037     0.28   00.28
002038     0.28   00.28
002039     0.28   00.28
002040     0.28   00.28
002041     0.28   00.28
002042     0.28   00.28
002043     0.28   00.28
002044     0.28   00.28
002045     0.28   00.28
002046     0.28   00.28
002047     0.28   00.28
002048     0.28   00.28
002049     0.27   00.28
002050     0.27   00.28
002051     0.27   00.28
002052     0.27   00.28
002053     0.27   00.28
002054     0.27   00.28
002055     0.27   00.28
002056     0.27   00.28
002057     0.27   00.28
002058     0.27   00.28
002059     0.27   00.28
002060     0.27   00.28
002061     0.27   00.28
002062     0.27   00.28
002063     0.27   00.28
002064     0.27   00.28
002065     0.27   00.28
002066     0.27   00.28
002067     0.27   00.28
002068     0.27   00.28
002069     0.27   00.28
002070     0.27   00.28
002071     0.27   00.28
002072     0.27   00.28
002073     0.27   00.28
002074     0.27   00.28
002075     0.27   00.28
002076     0.27   00.28
002077     0.27   00.28
002078     0.27   00.28
002079     0.27   00.28
002080     0.27   00.27
002081     0.27   00.27
002082     0.27   00.27
002083     0.27   00.27
002084     0.27   00.27
002085     0.27   00.27
002086     0.27   00.27
002087     0.27   00.27
002088     0.27   00.27
002089     0.27   00.27
002090     0.27   00.27
002091     0.27   00.27
002092     0.27   00.27
002093     0.27   00.27
002094     0.27   00.27
002095     0.27   00.27
002096     0.27   00.27
002097     0.27   00.27
002098     0.27   00.27
002099     0.27   00.27
002100     0.27   00.27
002101     0.27   00.27
002102     0.27   00.27
002103     0.27   00.27
002104     0.27   00.27
002105     0.27   00.27
002106     0.27   00.27
002107     0.27   00.27
002108     0.27   00.27
002109     0.27   00.27
002110     0.27   00.27
002111     0.27   00.27
002112     0.27   00.27
002113     0.27   00.27
002114     0.27   00.27
002115     0.27   00.27
002116     0.27   00.27
002117     0.27   00.27
002118     0.27   00.27
002119     0.27   00.27
002120     0.26   00.27
002121     0.26   00.27
002122     0.26   00.27
002123     0.26   00.27
002124     0.26   00.27
002125     0.26   00.27
002126     0.26   00.27
002127     0.26   00.27
002128     0.26   00.27
002129     0.26   00.27
002130     0.26   00.27
002131     0.26   00.27
002132     0.26   00.27
002133     0.26   00.27
002134     0.26   00.27
002135     0.26   00.27
002136     0.26   00.27
002137     0.26   00.27
002138     0.26   00.27
002139     0.26   00.27
002140     0.26   00.27
002141     0.26   00.27
002142     0.26   00.27
002143     0.26   00.27
002144     0.26   00.27
002145     0.26   00.27
002146     0.26   00.27
002147     0.26   00.27
002148     0.26   00.27
002149     0.26   00.27
002150     0.26   00.27
002151     0.26   00.27
002152     0.26   00.27
002153     0.26   00.27
002154     0.26   00.27
002155     0.26   00.27
002156     0.26   00.27
002157     0.26   00.27
002158     0.26   00.27
002159     0.26   00.27
002160     0.26   00.27
002161     0.26   00.27
002162     0.26   00.27
002163     0.26   00.27
002164     0.26   00.27
002165     0.26   00.27
002166     0.26   00.27
002167     0.26   00.27
002168     0.26   00.27
002169     0.26   00.27
002170     0.26   00.27
002171     0.26   00.27
002172     0.26   00.27
002173     0.26   00.27
002174     0.26   00.27
002175     0.26   00.27
002176     0.26   00.27
002177     0.26   00.27
002178     0.26   00.27
002179     0.26   00.27
002180     0.26   00.27
002181     0.26   00.27
002182     0.26   00.27
002183     0.26   00.27
002184     0.26   00.27
002185     0.26   00.27
002186     0.26   00.27
002187     0.26   00.27
002188     0.26   00.27
002189     0.26   00.26
002190     0.26   00.26
002191     0.26   00.26
002192     0.26   00.26
002193     0.26   00.26
002194     0.26   00.26
002195     0.26   00.26
002196     0.26   00.26
002197     0.26   00.26
002198     0.26   00.26
002199     0.26   00.26
002200     0.26   00.26
002201     0.26   00.26
002202     0.26   00.26
002203     0.26   00.26
002204     0.26   00.26
002205     0.26   00.26
002206     0.26   00.26
002207     0.26   00.26
002208     0.26   00.26
002209     0.26   00.26
002210     0.26   00.26
002211     0.26   00.26
002212     0.26   00.26
002213     0.26   00.26
002214     0.26   00.26
002215     0.26   00.26
002216     0.26   00.26
002217     0.26   00.26
002218     0.26   00.26
002219     0.26   00.26
002220     0.26   00.26
002221     0.26   00.26
002222     0.26   00.26
002223     0.26   00.26
002224     0.26   00.26
002225     0.26   00.26
002226     0.26   00.26
002227     0.26   00.26
002228     0.26   00.26
002229     0.26   00.26
002230     0.26   00.26
002231     0.26   00.26
002232     0.26   00.26
002233     0.26   00.26
002234     0.26   00.26
002235     0.26   00.26
002236     0.26   00.26
002237     0.26   00.26
002238     0.26   00.26
002239     0.26   00.26
002240     0.26   00.26
002241     0.26   00.26
002242     0.26   00.26
002243     0.26   00.26
002244     0.26   00.26
002245     0.26   00.26
002246     0.26   00.26
002247     0.26   00.26
002248     0.26   00.26
002249     0.26   00.26
002250     0.26   00.26
002251     0.26   00.26
002252     0.26   00.26
002253     0.26   00.26
002254     0.26   00.26
002255     0.26   00.26
002256     0.26   00.26
002257     0.25   00.26
002258     0.25   00.26
002259     0.25   00.26
002260     0.25   00.26
002261     0.25   00.26
002262     0.25   00.26
002263     0.25   00.26
002264     0.25   00.26
002265     0.25   00.26
002266     0.25   00.26
002267     0.25   00.26
002268     0.25   00.26
002269     0.25   00.26
002270     0.25   00.26
002271     0.25   00.26
002272     0.25   00.26
002273     0.25   00.26
002274     0.25   00.26
002275     0.25   00.26
002276     0.25   00.26
002277     0.25   00.26
002278     0.25   00.26
002279     0.25   00.26
002280     0.25   00.26
002281     0.25   00.26
002282     0.25   00.26
002283     0.25   00.26
002284     0.25   00.26
002285     0.25   00.26
002286     0.25   00.26
002287     0.25   00.26
002288     0.25   00.26
002289     0.25   00.26
002290     0.25   00.26
002291     0.25   00.26
002292     0.25   00.26
002293     0.25   00.26
002294     0.25   00.26
002295     0.25   00.26
002296     0.25   00.26
002297     0.25   00.26
002298     0.25   00.26
002299     0.25   00.26
002300     0.25   00.26
002301     0.25   00.26
002302     0.25   00.26
002303     0.25   00.26
002304     0.25   00.26
002305     0.25   00.26
002306     0.25   00.26
002307     0.25   00.26
002308     0.25   00.26
002309     0.25   00.26
002310     0.25   00.26
002311     0.25   00.25
002312     0.25   00.25
002313     0.25   00.25
002314     0.25   00.25
002315     0.25   00.25
002316     0.25   00.25
002317     0.25   00.25
002318     0.25   00.25
002319     0.25   00.25
002320     0.25   00.25
002321     0.25   00.25
002322     0.25   00.25
002323     0.25   00.25
002324     0.25   00.25
002325     0.25   00.25
002326     0.25   00.25
002327     0.25   00.25
002328     0.25   00.25
002329     0.25   00.25
002330     0.25   00.25
002331     0.25   00.25
002332     0.25   00.25
002333     0.25   00.25
002334     0.25   00.25
002335     0.25   00.25
002336     0.25   00.25
002337     0.25   00.25
002338     0.25   00.25
002339     0.25   00.25
002340     0.25   00.25
002341     0.25   00.25
002342     0.25   00.25
002343     0.25   00.25
002344     0.25   00.25
002345     0.25   00.25
002346     0.25   00.25
002347     0.25   00.25
002348     0.25   00.25
002349     0.25   00.25
002350     0.25   00.25
002351     0.25   00.25
002352     0.25   00.25
002353     0.25   00.25
002354     0.25   00.25
002355     0.25   00.25
002356     0.25   00.25
002357     0.25   00.25
002358     0.25   00.25
002359     0.25   00.25
002360     0.25   00.25
002361     0.25   00.25
002362     0.25   00.25
002363     0.25   00.25
002364     0.25   00.25
002365     0.25   00.25
002366     0.25   00.25
002367     0.25   00.25
002368     0.25   00.25
002369     0.25   00.25
002370     0.25   00.25
002371     0.25   00.25
002372     0.25   00.25
002373     0.25   00.25
002374     0.25   00.25
002375     0.25   00.25
002376     0.25   00.25
002377     0.25   00.25
002378     0.25   00.25
002379     0.25   00.25
002380     0.25   00.25
002381     0.25   00.25
002382     0.25   00.25
002383     0.25   00.25
002384     0.25   00.25
002385     0.25   00.25
002386     0.25   00.25
002387     0.25   00.25
002388     0.25   00.25
002389     0.25   00.25
002390     0.25   00.25
002391     0.25   00.25
002392     0.25   00.25
002393     0.25   00.25
002394     0.25   00.25
002395     0.25   00.25
002396     0.25   00.25
002397     0.25   00.25
002398     0.25   00.25
002399     0.25   00.25
002400     0.25   00.25
002401     0.25   00.25
002402     0.25   00.25
002403     0.25   00.25
002404     0.25   00.25
002405     0.25   00.25
002406     0.25   00.25
002407     0.25   00.25
002408     0.25   00.25
002409     0.25   00.25
002410     0.25   00.25
002411     0.25   00.25
002412     0.25   00.25
002413     0.25   00.25
002414     0.25   00.25
002415     0.25   00.25
002416     0.25   00.25
002417     0.25   00.25
002418     0.25   00.25
002419     0.25   00.25
002420     0.25   00.25
002421     0.25   00.25
002422     0.24   00.25
002423     0.24   00.25
002424     0.24   00.25
002425     0.24   00.25
002426     0.24   00.25
002427     0.24   00.25
002428     0.24   00.25
002429     0.24   00.25
002430     0.24   00.25
002431     0.24   00.25
002432     0.24   00.25
002433     0.24   00.25
002434     0.24   00.25
002435     0.24   00.25
002436     0.24   00.25
002437     0.24   00.25
002438     0.24   00.25
002439     0.24   00.25
002440     0.24   00.25
002441     0.24   00.25
002442     0.24   00.25
002443     0.24   00.25
002444     0.24   00.25
002445     0.24   00.25
002446     0.24   00.25
002447     0.24   00.25
002448     0.24   00.25
002449     0.24   00.25
002450     0.24   00.25
002451     0.24   00.25
002452     0.24   00.25
002453     0.24   00.25
002454     0.24   00.25
002455     0.24   00.25
002456     0.24   00.25
002457     0.24   00.25
002458     0.24   00.25
002459     0.24   00.25
002460     0.24   00.25
002461     0.24   00.25
002462     0.24   00.25
002463     0.24   00.25
002464     0.24   00.25
002465     0.24   00.25
002466     0.24   00.25
002467     0.24   00.25
002468     0.24   00.25
002469     0.24   00.25
002470     0.24   00.25
002471     0.24   00.25
002472     0.24   00.25
002473     0.24   00.25
002474     0.24   00.25
002475     0.24   00.25
002476     0.24   00.25
002477     0.24   00.25
002478     0.24   00.25
002479     0.24   00.25
002480     0.24   00.25
002481     0.24   00.25
002482     0.24   00.25
002483     0.24   00.25
002484     0.24   00.25
002485     0.24   00.25
002486     0.24   00.25
002487     0.24   00.25
002488     0.24   00.25
002489     0.24   00.25
002490     0.24   00.25
002491     0.24   00.25
002492     0.24   00.25
002493     0.24   00.25
002494     0.24   00.25
002495     0.24   00.25
002496     0.24   00.25
002497     0.24   00.25
002498     0.24   00.25
002499     0.24   00.25
002500     0.24   00.25
002501     0.24   00.25
002502     0.24   00.25
002503     0.24   00.25
002504     0.24   00.25
002505     0.24   00.25
002506     0.24   00.25
002507     0.24   00.25
002508     0.24   00.25
002509     0.24   00.25
002510     0.24   00.25
002511     0.24   00.25
002512     0.24   00.25
002513     0.24   00.25
002514     0.24   00.25
002515     0.24   00.25
002516     0.24   00.25
002517     0.24   00.25
002518     0.24   00.25
002519     0.24   00.25
002520     0.24   00.25
002521     0.24   00.25
002522     0.24   00.24
002523     0.24   00.24
002524     0.24   00.24
002525     0.24   00.24
002526     0.24   00.24
002527     0.24   00.24
002528     0.24   00.24
002529     0.24   00.24
002530     0.24   00.24
002531     0.24   00.24
002532     0.24   00.24
002533     0.24   00.24
002534     0.24   00.24
002535     0.24   00.24
002536     0.24   00.24
002537     0.24   00.24
002538     0.24   00.24
002539     0.24   00.24
002540     0.24   00.24
002541     0.24   00.24
002542     0.24   00.24
002543     0.24   00.24
002544     0.24   00.24
002545     0.24   00.24
002546     0.24   00.24
002547     0.24   00.24
002548     0.24   00.24
002549     0.24   00.24
002550     0.24   00.24
002551     0.24   00.24
002552     0.24   00.24
002553     0.24   00.24
002554     0.24   00.24
002555     0.24   00.24
002556     0.24   00.24
002557     0.24   00.24
002558     0.24   00.24
002559     0.24   00.24
002560     0.24   00.24
002561     0.23   00.24
002562     0.23   00.24
002563     0.23   00.24
002564     0.23   00.24
002565     0.23   00.24
002566     0.23   00.24
002567     0.23   00.24
002568     0.23   00.24
002569     0.23   00.24
002570     0.23   00.24
002571     0.23   00.24
002572     0.23   00.24
002573     0.23   00.24
002574     0.23   00.24
002575     0.23   00.24
002576     0.23   00.24
002577     0.23   00.24
002578     0.23   00.24
002579     0.23   00.24
002580     0.23   00.23
002581     0.23   00.23
002582     0.23   00.23
002583     0.23   00.23
002584     0.23   00.23
002585     0.23   00.23
002586     0.23   00.23
002587     0.23   00.24
002588     0.23   00.24
002589     0.23   00.24
002590     0.23   00.24
002591     0.23   00.24
002592     0.23   00.24
002593     0.23   00.24
002594     0.23   00.24
002595     0.23   00.24
002596     0.23   00.24
002597     0.23   00.24
002598     0.23   00.24
002599     0.23   00.24
002600     0.23   00.23
002601     0.23   00.23
002602     0.23   00.23
002603     0.23   00.24
002604     0.23   00.24
002605     0.23   00.24
002606     0.23   00.24
002607     0.23   00.23
002608     0.23   00.23
002609     0.23   00.23
002610     0.23   00.23
002611     0.23   00.23
002612     0.23   00.23
002613     0.23   00.23
002614     0.23   00.23
002615     0.23   00.23
002616     0.23   00.23
002617     0.23   00.23
002618     0.23   00.23
002619     0.23   00.23
002620     0.23   00.23
002621     0.23   00.23
002622     0.23   00.23
002623     0.23   00.23
002624     0.23   00.23
002625     0.23   00.23
002626     0.23   00.23
002627     0.23   00.23
002628     0.23   00.23
002629     0.23   00.23
002630     0.23   00.23
002631     0.23   00.23
002632     0.23   00.23
002633     0.23   00.23
002634     0.23   00.23
002635     0.23   00.23
002636     0.23   00.23
002637     0.23   00.23
002638     0.23   00.23
002639     0.23   00.23
002640     0.23   00.23
002641     0.23   00.23
002642     0.23   00.23
002643     0.23   00.23
002644     0.23   00.23
002645     0.23   00.23
002646     0.23   00.23
002647     0.23   00.23
002648     0.23   00.23
002649     0.23   00.23
002650     0.23   00.23
002651     0.23   00.23
002652     0.23   00.23
002653     0.23   00.23
002654     0.23   00.23
002655     0.23   00.23
002656     0.23   00.23
002657     0.23   00.23
002658     0.23   00.23
002659     0.23   00.23
002660     0.23   00.23
002661     0.23   00.23
002662     0.23   00.23
002663     0.23   00.23
002664     0.23   00.23
002665     0.23   00.23
002666     0.23   00.23
002667     0.23   00.23
002668     0.23   00.23
002669     0.23   00.23
002670     0.23   00.23
002671     0.23   00.23
002672     0.23   00.23
002673     0.22   00.23
002674     0.22   00.23
002675     0.22   00.23
002676     0.22   00.23
002677     0.22   00.23
002678     0.22   00.23
002679     0.22   00.23
002680     0.22   00.23
002681     0.22   00.23
002682     0.22   00.23
002683     0.22   00.23
002684     0.22   00.23
002685     0.22   00.23
002686     0.22   00.23
002687     0.22   00.23
002688     0.22   00.23
002689     0.22   00.23
002690     0.22   00.23
002691     0.22   00.23
002692     0.22   00.23
002693     0.22   00.23
002694     0.22   00.23
002695     0.22   00.23
002696     0.22   00.23
002697     0.22   00.23
002698     0.22   00.23
002699     0.22   00.23
002700     0.22   00.23
002701     0.22   00.23
002702     0.22   00.23
002703     0.22   00.23
002704     0.22   00.23
002705     0.22   00.23
002706     0.22   00.23
002707     0.22   00.23
002708     0.22   00.23
002709     0.22   00.23
002710     0.22   00.23
002711     0.22   00.23
002712     0.22   00.23
002713     0.22   00.23
002714     0.22   00.23
002715     0.22   00.23
002716     0.22   00.23
002717     0.22   00.23
002718     0.22   00.23
002719     0.22   00.23
002720     0.22   00.23
002721     0.22   00.23
002722     0.22   00.23
002723     0.22   00.23
002724     0.22   00.23
002725     0.22   00.23
002726     0.22   00.23
002727     0.22   00.23
002728     0.22   00.23
002729     0.22   00.23
002730     0.22   00.23
002731     0.22   00.23
002732     0.22   00.23
002733     0.22   00.23
002734     0.22   00.23
002735     0.22   00.23
002736     0.22   00.23
002737     0.22   00.23
002738     0.22   00.23
002739     0.22   00.23
002740     0.22   00.23
002741     0.22   00.23
002742     0.22   00.23
002743     0.22   00.23
002744     0.22   00.23
002745     0.22   00.23
002746     0.22   00.23
002747     0.22   00.23
002748     0.22   00.23
002749     0.22   00.23
002750     0.22   00.23
002751     0.22   00.23
002752     0.22   00.23
002753     0.22   00.23
002754     0.22   00.23
002755     0.22   00.23
002756     0.22   00.23
002757     0.22   00.23
002758     0.22   00.23
002759     0.22   00.23
002760     0.22   00.23
002761     0.22   00.23
002762     0.22   00.23
002763     0.22   00.23
002764     0.22   00.23
002765     0.22   00.23
002766     0.22   00.23
002767     0.22   00.23
002768     0.22   00.23
002769     0.22   00.23
002770     0.22   00.23
002771     0.22   00.23
002772     0.22   00.22
002773     0.22   00.23
002774     0.22   00.22
002775     0.22   00.22
002776     0.22   00.22
002777     0.22   00.22
002778     0.22   00.23
002779     0.22   00.23
002780     0.22   00.23
002781     0.22   00.23
002782     0.22   00.22
002783     0.22   00.23
002784     0.22   00.23
002785     0.22   00.23
002786     0.22   00.23
002787     0.22   00.23
002788     0.22   00.23
002789     0.22   00.22
002790     0.22   00.22
002791     0.22   00.22
002792     0.22   00.22
002793     0.22   00.22
002794     0.22   00.22
002795     0.22   00.22
002796     0.22   00.22
002797     0.22   00.22
002798     0.22   00.22
002799     0.22   00.22
002800     0.22   00.22
002801     0.22   00.22
002802     0.22   00.22
002803     0.22   00.22
002804     0.22   00.22
002805     0.22   00.22
002806     0.22   00.22
002807     0.22   00.22
002808     0.22   00.22
002809     0.22   00.22
002810     0.22   00.22
002811     0.22   00.22
002812     0.22   00.23
002813     0.22   00.23
002814     0.22   00.22
002815     0.22   00.22
002816     0.22   00.22
002817     0.22   00.22
002818     0.22   00.22
002819     0.22   00.22
002820     0.22   00.22
002821     0.22   00.22
002822     0.22   00.22
002823     0.22   00.22
002824     0.22   00.22
002825     0.22   00.22
002826     0.22   00.22
002827     0.22   00.22
002828     0.22   00.22
002829     0.22   00.22
002830     0.22   00.22
002831     0.22   00.22
002832     0.22   00.22
002833     0.22   00.22
002834     0.22   00.22
002835     0.22   00.22
002836     0.22   00.22
002837     0.22   00.22
002838     0.22   00.22
002839     0.22   00.22
002840     0.22   00.22
002841     0.22   00.22
002842     0.22   00.22
002843     0.22   00.22
002844     0.22   00.22
002845     0.22   00.22
002846     0.22   00.22
002847     0.22   00.22
002848     0.22   00.22
002849     0.22   00.22
002850     0.22   00.22
002851     0.22   00.22
002852     0.22   00.22
002853     0.22   00.22
002854     0.22   00.22
002855     0.22   00.22
002856     0.22   00.22
002857     0.22   00.22
002858     0.22   00.22
002859     0.22   00.22
002860     0.22   00.22
002861     0.22   00.22
002862     0.22   00.22
002863     0.22   00.22
002864     0.22   00.22
002865     0.22   00.22
002866     0.22   00.22
002867     0.22   00.22
002868     0.22   00.22
002869     0.22   00.22
002870     0.22   00.22
002871     0.22   00.22
002872     0.22   00.22
002873     0.22   00.22
002874     0.22   00.22
002875     0.22   00.22
002876     0.22   00.22
002877     0.22   00.22
002878     0.22   00.22
002879     0.22   00.22
002880     0.22   00.22
002881     0.22   00.22
002882     0.22   00.22
002883     0.22   00.22
002884     0.22   00.22
002885     0.22   00.22
002886     0.22   00.22
002887     0.22   00.22
002888     0.22   00.22
002889     0.21   00.22
002890     0.21   00.22
002891     0.21   00.22
002892     0.21   00.22
002893     0.21   00.22
002894     0.21   00.22
002895     0.21   00.22
002896     0.21   00.22
002897     0.21   00.22
002898     0.21   00.22
002899     0.21   00.22
002900     0.21   00.22
002901     0.21   00.22
002902     0.21   00.22
002903     0.21   00.22
002904     0.21   00.22
002905     0.21   00.22
002906     0.21   00.22
002907     0.21   00.22
002908     0.21   00.22
002909     0.21   00.22
002910     0.21   00.22
002911     0.21   00.22
002912     0.21   00.22
002913     0.21   00.22
002914     0.21   00.22
002915     0.21   00.22
002916     0.21   00.22
002917     0.21   00.22
002918     0.21   00.22
002919     0.21   00.22
002920     0.21   00.22
002921     0.21   00.22
002922     0.21   00.22
002923     0.21   00.22
002924     0.21   00.22
002925     0.21   00.22
002926     0.21   00.22
002927     0.21   00.22
002928     0.21   00.22
002929     0.21   00.22
002930     0.21   00.22
002931     0.21   00.22
002932     0.21   00.22
002933     0.21   00.22
002934     0.21   00.22
002935     0.21   00.22
002936     0.21   00.22
002937     0.21   00.22
002938     0.21   00.22
002939     0.21   00.22
002940     0.21   00.22
002941     0.21   00.22
002942     0.21   00.22
002943     0.21   00.22
002944     0.21   00.22
002945     0.21   00.22
002946     0.21   00.22
002947     0.21   00.22
002948     0.21   00.22
002949     0.21   00.22
002950     0.21   00.22
002951     0.21   00.22
002952     0.21   00.22
002953     0.21   00.22
002954     0.21   00.22
002955     0.21   00.22
002956     0.21   00.22
002957     0.21   00.22
002958     0.21   00.22
002959     0.21   00.22
002960     0.21   00.22
002961     0.21   00.22
002962     0.21   00.22
002963     0.21   00.22
002964     0.21   00.22
002965     0.21   00.22
002966     0.21   00.22
002967     0.21   00.22
002968     0.21   00.22
002969     0.21   00.22
002970     0.21   00.22
002971     0.21   00.22
002972     0.21   00.22
002973     0.21   00.22
002974     0.21   00.22
002975     0.21   00.22
002976     0.21   00.22
002977     0.21   00.22
002978     0.21   00.22
002979     0.21   00.22
002980     0.21   00.22
002981     0.21   00.22
002982     0.21   00.22
002983     0.21   00.22
002984     0.21   00.22
002985     0.21   00.22
002986     0.21   00.22
002987     0.21   00.22
002988     0.21   00.22
002989     0.21   00.22
002990     0.21   00.22
002991     0.21   00.22
002992     0.21   00.22
002993     0.21   00.22
002994     0.21   00.22
002995     0.21   00.22
002996     0.21   00.22
002997     0.21   00.22
002998     0.21   00.22
002999     0.21   00.22
003000     0.21   00.22
003001     0.21   00.22
