000001     1.34   01.82
000002     1.34   01.77
000003     1.28   01.67
000004     1.24   01.59
000005     1.24   01.53
000006     1.12   01.46
000007     1.12   01.45
000008     1.12   01.43
000009     1.09   01.36
000010     1.06   01.30
000011     1.06   01.25
000012     1.06   01.20
000013     1.05   01.18
000014     1.05   01.18
000015     1.04   01.16
000016     1.03   01.14
000017     1.03   01.12
000018     1.02   01.10
000019     1.02   01.08
000020     1.02   01.06
000021     1.02   01.06
000022     1.01   01.06
000023     1.01   01.05
000024     1.01   01.04
000025     1.01   01.04
000026     1.01   01.03
000027     1.01   01.03
000028     1.01   01.02
000029     1.01   01.02
000030     1.01   01.02
000031     1.01   01.02
000032     1.01   01.02
000033     1.01   01.01
000034     1.01   01.01
000035     1.01   01.01
000036     1.00   01.01
000037     1.00   01.01
000038     1.00   01.01
000039     1.00   01.01
000040     1.00   01.01
000041     1.00   01.01
000042     1.00   01.01
000043     1.00   01.01
000044     1.00   01.00
000045     1.00   01.00
000046     1.00   01.00
000047     1.00   01.00
000048     1.00   01.00
000049     1.00   01.00
000050     1.00   01.00
000051     1.00   01.00
000052     1.00   01.00
000053     1.00   01.00
000054     1.00   01.00
000055     1.00   01.00
000056     1.00   01.00
000057     1.00   01.00
000058     1.00   01.00
000059     1.00   01.00
000060     1.00   01.00
000061     1.00   01.00
000062     1.00   01.00
000063     1.00   01.00
000064     1.00   01.00
000065     1.00   01.00
000066     1.00   01.00
000067     1.00   01.00
000068     1.00   01.00
000069     1.00   01.00
000070     1.00   01.00
000071     1.00   01.00
000072     1.00   01.00
000073     1.00   01.00
000074     1.00   01.00
000075     1.00   01.00
000076     1.00   01.00
000077     1.00   01.00
000078     1.00   01.00
000079     1.00   01.00
000080     1.00   01.00
000081     1.00   01.00
000082     1.00   01.00
000083     1.00   01.00
000084     1.00   01.00
000085     1.00   01.00
000086     1.00   01.00
000087     1.00   01.00
000088     1.00   01.00
000089     1.00   01.00
000090     1.00   01.00
000091     1.00   01.00
000092     1.00   01.00
000093     1.00   01.00
000094     1.00   01.00
000095     1.00   01.00
000096     1.00   01.00
000097     1.00   01.00
000098     1.00   01.00
000099     1.00   01.00
000100     1.00   01.00
000101     1.00   01.00
000001     1.28   01.82
000002     1.28   01.79
000003     1.23   01.68
000004     1.23   01.61
000005     1.23   01.54
000006     1.18   01.50
000007     1.18   01.47
000008     1.13   01.42
000009     1.13   01.36
000010     1.11   01.31
000011     1.09   01.30
000001     1.36   01.82
000002     1.31   01.66
000003     1.24   01.56
000004     1.17   01.49
000005     1.11   01.48
000006     1.07   01.41
000007     1.07   01.35
000008     1.07   01.29
000009     1.07   01.26
000010     1.06   01.21
000011     1.06   01.19
000001     1.29   01.84
000002     1.29   01.73
000003     1.26   01.63
000004     1.24   01.53
000005     1.20   01.47
000006     1.10   01.45
000007     1.09   01.41
000008     1.09   01.36
000009     1.09   01.33
000010     1.07   01.28
000011     1.03   01.25
000001     1.31   01.83
000002     1.31   01.79
000003     1.30   01.69
000004     1.29   01.62
000005     1.22   01.56
000006     1.22   01.49
000007     1.19   01.44
000008     1.16   01.42
000009     1.16   01.37
000010     1.09   01.33
000011     1.09   01.28
000001     1.29   01.81
000002     1.29   01.75
000003     1.29   01.69
000004     1.17   01.61
000005     1.13   01.53
000006     1.13   01.45
000007     1.12   01.36
000008     1.12   01.35
000009     1.11   01.31
000010     1.07   01.30
000011     1.07   01.23
000001     1.33   01.83
000002     1.32   01.72
000003     1.32   01.64
000004     1.25   01.56
000005     1.22   01.52
000006     1.21   01.49
000007     1.15   01.43
000008     1.14   01.37
000009     1.10   01.29
000010     1.10   01.29
000011     1.10   01.26
000001     1.27   01.81
000002     1.27   01.72
000003     1.26   01.61
000004     1.20   01.52
000005     1.14   01.45
000006     1.10   01.40
000007     1.09   01.35
000008     1.08   01.35
000009     1.05   01.31
000010     1.05   01.28
000011     1.04   01.27
000001     1.31   01.82
000002     1.21   01.75
000003     1.18   01.60
000004     1.18   01.48
000005     1.17   01.43
000006     1.14   01.36
000007     1.12   01.32
000008     1.12   01.29
000009     1.07   01.24
000010     1.07   01.21
000011     1.05   01.19
000101     1.19   01.40
000001     1.35   01.84
000002     1.24   01.76
000003     1.22   01.75
000004     1.22   01.64
000005     1.22   01.57
000006     1.19   01.47
000007     1.18   01.39
000008     1.16   01.34
000009     1.10   01.30
000010     1.10   01.27
000011     1.06   01.25
000001     1.32   01.84
000002     1.32   01.82
000003     1.32   01.79
000004     1.27   01.71
000005     1.27   01.63
000006     1.27   01.56
000007     1.17   01.48
000008     1.12   01.42
000009     1.12   01.41
000010     1.11   01.38
000011     1.10   01.29
000011     1.21   01.46
000012     1.20   01.43
000013     1.17   01.36
000014     1.15   01.30
000015     1.10   01.27
000016     1.10   01.26
000017     1.09   01.23
000018     1.08   01.20
000019     1.08   01.18
000020     1.07   01.17
000021     1.07   01.15
000021     1.14   01.24
000022     1.11   01.21
000023     1.11   01.19
000024     1.09   01.18
000025     1.09   01.17
000026     1.07   01.15
000027     1.07   01.14
000001     1.29   01.82
000002     1.27   01.73
000003     1.27   01.67
000004     1.21   01.56
000005     1.14   01.45
000006     1.13   01.39
000007     1.09   01.35
000008     1.06   01.29
000009     1.06   01.22
000010     1.05   01.18
000011     1.04   01.15
000001     1.17   01.83
000002     1.17   01.76
000003     1.17   01.63
000004     1.16   01.55
000005     1.16   01.36
000006     1.16   01.22
000007     1.16   01.17
000008     1.15   01.17
000009     1.15   01.17
000010     1.15   01.16
000011     1.15   01.16
000011     1.24   01.39
000012     1.24   01.36
000013     1.24   01.34
000014     1.24   01.32
000015     1.24   01.30
000016     1.24   01.28
000017     1.24   01.27
000018     1.24   01.27
000019     1.24   01.26
000020     1.23   01.24
000021     1.23   01.24
000021     1.28   01.34
000022     1.28   01.33
000023     1.27   01.31
000024     1.27   01.30
000025     1.27   01.29
000026     1.27   01.28
000027     1.27   01.28
000028     1.27   01.28
000029     1.27   01.28
000030     1.27   01.27
000031     1.27   01.27
000031     1.29   01.33
000032     1.29   01.32
000033     1.29   01.32
000034     1.29   01.31
000035     1.29   01.30
000036     1.29   01.30
000037     1.29   01.30
000038     1.29   01.30
000039     1.29   01.29
000040     1.29   01.29
000041     1.29   01.29
000001     1.29   01.84
000002     1.28   01.70
000003     1.28   01.64
000004     1.28   01.53
000005     1.28   01.47
000006     1.27   01.40
000007     1.27   01.34
000008     1.26   01.30
000009     1.26   01.28
000010     1.26   01.28
000011     1.25   01.28
000011     1.35   01.49
000012     1.35   01.47
000013     1.35   01.44
000014     1.35   01.39
000015     1.35   01.37
000016     1.35   01.37
000017     1.34   01.36
000018     1.34   01.36
000019     1.34   01.35
000020     1.34   01.35
000021     1.34   01.35
000021     1.36   01.44
000022     1.36   01.43
000023     1.36   01.42
000024     1.36   01.41
000025     1.36   01.40
000026     1.36   01.38
000027     1.36   01.38
000028     1.36   01.37
000029     1.36   01.36
000030     1.36   01.36
000031     1.36   01.36
000031     1.37   01.41
000032     1.37   01.41
000033     1.37   01.40
000034     1.37   01.39
000035     1.37   01.39
000036     1.37   01.38
000037     1.37   01.38
000038     1.37   01.37
000039     1.37   01.37
000040     1.37   01.37
000041     1.37   01.37
000001     1.38   01.86
000002     1.38   01.71
000003     1.38   01.63
000004     1.38   01.54
000005     1.36   01.48
000006     1.36   01.45
000007     1.36   01.41
000008     1.35   01.41
000009     1.35   01.39
000010     1.34   01.38
000011     1.33   01.37
000011     1.43   01.56
000012     1.43   01.54
000013     1.42   01.50
000014     1.42   01.48
000015     1.42   01.46
000016     1.42   01.45
000017     1.42   01.44
000018     1.42   01.43
000019     1.42   01.43
000020     1.41   01.42
000001     1.38   01.82
000002     1.38   01.68
000003     1.38   01.59
000004     1.38   01.57
000005     1.37   01.54
000006     1.36   01.48
000007     1.36   01.42
000008     1.35   01.39
000009     1.34   01.37
000010     1.34   01.37
000011     1.34   01.37
000011     1.43   01.57
000012     1.42   01.55
000013     1.42   01.50
000014     1.42   01.46
000015     1.42   01.44
000016     1.42   01.44
000017     1.42   01.43
000018     1.42   01.43
000019     1.42   01.42
000020     1.42   01.42
000021     1.41   01.42
000021     1.44   01.51
000001     1.29   01.83
000002     1.29   01.72
000003     1.29   01.62
000004     1.29   01.57
000005     1.29   01.48
000006     1.29   01.40
000007     1.29   01.33
000008     1.29   01.31
000009     1.29   01.30
000010     1.29   01.29
000011     1.29   01.29
000011     1.36   01.51
000012     1.36   01.48
000013     1.36   01.46
000014     1.36   01.44
000015     1.36   01.41
000016     1.36   01.40
000017     1.36   01.38
000018     1.36   01.38
000019     1.36   01.37
000020     1.36   01.36
000021     1.36   01.36
000021     1.38   01.44
000022     1.38   01.44
000023     1.38   01.43
000024     1.38   01.42
000025     1.38   01.41
000001     1.32   01.85
000002     1.32   01.75
000003     1.31   01.64
000004     1.31   01.58
000011     1.41   01.65
000012     1.10   01.34
000013     1.10   01.24
000014     1.10   01.18
000021     1.14   01.25
000022     1.04   01.15
000001     1.36   01.83
000002     1.36   01.74
000003     1.36   01.67
000004     1.35   01.61
000011     1.45   01.72
000012     1.45   01.68
000013     1.45   01.58
000014     1.44   01.52
000021     1.49   01.59
000022     1.49   01.56
000023     1.49   01.53
000024     1.49   01.52
000031     1.51   01.56
000032     1.51   01.55
000033     1.51   01.55
000034     1.51   01.53
000001     1.43   01.85
000002     1.42   01.78
000003     1.42   01.71
000004     1.41   01.65
000011     1.54   01.79
000012     1.54   01.71
000013     1.54   01.67
000014     1.54   01.66
000001     1.30   01.81
000002     1.29   01.69
000003     1.29   01.61
000004     1.29   01.50
000011     1.38   01.64
000012     1.12   01.34
000013     1.06   01.26
000014     1.06   01.23
000001     1.33   01.84
000002     1.33   01.72
000003     1.32   01.62
000004     1.30   01.55
000011     1.39   01.69
000012     1.39   01.58
000013     1.39   01.52
000014     1.38   01.46
000001     1.34   01.84
000002     1.34   01.76
000003     1.34   01.66
000001     1.29   01.83
000002     1.28   01.75
000003     1.28   01.67
000004     1.27   01.53
000011     1.36   01.64
000012     1.36   01.53
000001     1.94   01.94
000001     1.70   01.88
000001     1.29   01.82
000002     1.29   01.77
000003     1.29   01.61
000004     1.28   01.52
000011     1.36   01.65
000012     1.36   01.59
000001     1.28   01.84
000002     1.28   01.71
000003     1.27   01.63
000004     1.26   01.53
000011     1.38   01.61
000012     1.38   01.54
000013     1.38   01.51
000014     1.37   01.47
