000001     2.80   02.94
000002     2.79   02.93
000003     2.76   02.93
000004     2.76   02.91
000005     2.76   02.90
000006     2.75   02.89
000007     2.70   02.88
000008     2.70   02.86
000009     2.70   02.85
000010     2.70   02.85
000011     2.70   02.85
000012     2.70   02.84
000013     2.67   02.82
000014     2.64   02.80
000015     2.64   02.78
000016     2.63   02.75
000017     2.63   02.74
000018     2.60   02.73
000019     2.60   02.71
000020     2.60   02.71
000021     2.57   02.70
000022     2.57   02.69
000023     2.57   02.68
000024     2.55   02.68
000025     2.54   02.66
000026     2.53   02.64
000027     2.50   02.63
000028     2.50   02.62
000029     2.49   02.60
000030     2.49   02.60
000031     2.45   02.59
000032     2.45   02.58
000033     2.45   02.56
000034     2.45   02.55
000035     2.40   02.52
000036     2.40   02.51
000037     2.40   02.49
000038     2.37   02.48
000039     2.37   02.47
000040     2.37   02.46
000041     2.36   02.44
000042     2.36   02.43
000043     2.35   02.41
000044     2.30   02.40
000045     2.30   02.39
000046     2.28   02.36
000047     2.25   02.36
000048     2.25   02.35
000049     2.21   02.33
000050     2.21   02.33
000051     2.20   02.30
000052     2.20   02.27
000053     2.20   02.26
000054     2.20   02.25
000055     2.19   02.24
000056     2.17   02.23
000057     2.16   02.23
000058     2.16   02.22
000059     2.16   02.21
000060     2.15   02.21
000061     2.15   02.20
000062     2.15   02.20
000063     2.13   02.19
000064     2.12   02.18
000065     2.12   02.17
000066     2.12   02.16
000067     2.10   02.15
000068     2.10   02.14
000069     2.09   02.13
000070     2.08   02.12
000071     2.07   02.11
000072     2.07   02.11
000073     2.07   02.10
000074     2.07   02.10
000075     2.06   02.09
000076     2.05   02.08
000077     2.05   02.08
000078     2.05   02.07
000079     2.04   02.07
000080     2.04   02.06
000081     2.04   02.06
000082     2.04   02.06
000083     2.04   02.05
000084     2.04   02.05
000085     2.03   02.05
000086     2.03   02.05
000087     2.03   02.04
000088     2.03   02.04
000089     2.03   02.04
000090     2.02   02.04
000091     2.02   02.03
000092     2.02   02.03
000093     2.02   02.03
000094     2.02   02.03
000095     2.01   02.03
000096     2.01   02.03
000097     2.01   02.02
000098     2.01   02.02
000099     2.01   02.02
000100     2.01   02.02
000101     2.01   02.02
000102     2.00   02.01
000103     2.00   02.01
000104     2.00   02.01
000105     2.00   02.01
000106     2.00   02.01
000107     2.00   02.01
000108     1.99   02.00
000109     1.99   02.00
000110     1.99   02.00
000111     1.99   02.00
000112     1.99   02.00
000113     1.98   02.00
000114     1.98   02.00
000115     1.98   01.99
000116     1.98   01.99
000117     1.98   01.99
000118     1.98   01.99
000119     1.98   01.99
000120     1.98   01.99
000121     1.97   01.98
000122     1.97   01.98
000123     1.97   01.98
000124     1.97   01.98
000125     1.97   01.98
000126     1.96   01.97
000127     1.96   01.97
000128     1.96   01.97
000129     1.96   01.97
000130     1.96   01.97
000131     1.96   01.97
000132     1.95   01.96
000133     1.95   01.96
000134     1.95   01.96
000135     1.95   01.96
000136     1.95   01.96
000137     1.94   01.95
000138     1.94   01.95
000139     1.94   01.95
000140     1.94   01.95
000141     1.94   01.95
000142     1.94   01.95
000143     1.94   01.95
000144     1.93   01.94
000145     1.93   01.94
000146     1.93   01.94
000147     1.93   01.94
000148     1.93   01.94
000149     1.93   01.94
000150     1.93   01.94
000151     1.92   01.93
000152     1.92   01.93
000153     1.92   01.93
000154     1.92   01.93
000155     1.92   01.93
000156     1.92   01.93
000157     1.92   01.92
000158     1.92   01.92
000159     1.91   01.92
000160     1.91   01.92
000161     1.91   01.92
000162     1.91   01.92
000163     1.90   01.91
000164     1.90   01.91
000165     1.90   01.91
000166     1.90   01.91
000167     1.90   01.91
000168     1.90   01.91
000169     1.90   01.91
000170     1.89   01.90
000171     1.89   01.90
000172     1.89   01.90
000173     1.89   01.90
000174     1.88   01.90
000175     1.88   01.89
000176     1.88   01.89
000177     1.88   01.89
000178     1.88   01.89
000179     1.88   01.89
000180     1.87   01.88
000181     1.87   01.88
000182     1.87   01.88
000183     1.87   01.88
000184     1.87   01.88
000185     1.87   01.88
000186     1.87   01.88
000187     1.86   01.88
000188     1.86   01.87
000189     1.86   01.87
000190     1.86   01.87
000191     1.86   01.87
000192     1.86   01.87
000193     1.86   01.87
000194     1.85   01.86
000195     1.85   01.86
000196     1.85   01.86
000197     1.85   01.86
000198     1.85   01.86
000199     1.85   01.85
000200     1.85   01.85
000201     1.84   01.85
000202     1.84   01.85
000203     1.84   01.85
000204     1.84   01.85
000205     1.84   01.85
000206     1.84   01.85
000207     1.84   01.85
000208     1.83   01.84
000209     1.83   01.84
000210     1.83   01.84
000211     1.83   01.84
000212     1.83   01.84
000213     1.83   01.84
000214     1.82   01.83
000215     1.82   01.83
000216     1.82   01.83
000217     1.82   01.83
000218     1.82   01.83
000219     1.82   01.83
000220     1.81   01.83
000221     1.81   01.83
000222     1.81   01.82
000223     1.81   01.82
000224     1.81   01.82
000225     1.81   01.82
000226     1.80   01.82
000227     1.80   01.82
000228     1.80   01.81
000229     1.80   01.81
000230     1.80   01.81
000231     1.80   01.81
000232     1.80   01.81
000233     1.79   01.81
000234     1.79   01.80
000235     1.79   01.80
000236     1.79   01.80
000237     1.79   01.80
000238     1.79   01.80
000239     1.78   01.79
000240     1.78   01.79
000241     1.78   01.79
000242     1.78   01.79
000243     1.78   01.79
000244     1.78   01.79
000245     1.78   01.78
000246     1.77   01.78
000247     1.77   01.78
000248     1.77   01.78
000249     1.77   01.78
000250     1.77   01.78
000251     1.77   01.78
000252     1.76   01.78
000253     1.76   01.77
000254     1.76   01.77
000255     1.76   01.77
000256     1.75   01.77
000257     1.75   01.77
000258     1.75   01.76
000259     1.75   01.76
000260     1.75   01.76
000261     1.75   01.76
000262     1.75   01.76
000263     1.75   01.76
000264     1.75   01.75
000265     1.74   01.75
000266     1.74   01.75
000267     1.74   01.75
000268     1.74   01.75
000269     1.74   01.75
000270     1.73   01.74
000271     1.73   01.74
000272     1.73   01.74
000273     1.73   01.74
000274     1.72   01.74
000275     1.72   01.74
000276     1.72   01.73
000277     1.72   01.73
000278     1.72   01.73
000279     1.72   01.72
000280     1.72   01.72
000281     1.71   01.72
000282     1.71   01.72
000283     1.71   01.72
000284     1.71   01.72
000285     1.71   01.72
000286     1.71   01.71
000287     1.71   01.71
000288     1.70   01.71
000289     1.70   01.71
000290     1.70   01.71
000291     1.70   01.71
000292     1.70   01.71
000293     1.70   01.70
000294     1.69   01.70
000295     1.69   01.70
000296     1.69   01.70
000297     1.69   01.70
000298     1.69   01.70
000299     1.69   01.70
000300     1.69   01.69
000301     1.68   01.69
000302     1.68   01.69
000303     1.68   01.69
000304     1.68   01.69
000305     1.68   01.69
000306     1.67   01.69
000307     1.67   01.68
000308     1.67   01.68
000309     1.67   01.68
000310     1.67   01.68
000311     1.67   01.68
000312     1.67   01.68
000313     1.66   01.68
000314     1.66   01.67
000315     1.66   01.67
000316     1.66   01.67
000317     1.66   01.67
000318     1.66   01.67
000319     1.66   01.67
000320     1.66   01.67
000321     1.65   01.67
000322     1.65   01.66
000323     1.65   01.66
000324     1.65   01.66
000325     1.65   01.66
000326     1.65   01.66
000327     1.64   01.66
000328     1.64   01.65
000329     1.64   01.65
000330     1.64   01.65
000331     1.64   01.65
000332     1.64   01.65
000333     1.64   01.65
000334     1.64   01.65
000335     1.64   01.65
000336     1.63   01.64
000337     1.63   01.64
000338     1.63   01.64
000339     1.63   01.64
000340     1.63   01.64
000341     1.63   01.64
000342     1.63   01.63
000343     1.62   01.63
000344     1.62   01.63
000345     1.62   01.63
000346     1.62   01.63
000347     1.62   01.63
000348     1.61   01.63
000349     1.61   01.62
000350     1.61   01.62
000351     1.61   01.62
000352     1.61   01.62
000353     1.61   01.62
000354     1.61   01.62
000355     1.61   01.61
000356     1.60   01.61
000357     1.60   01.61
000358     1.60   01.61
000359     1.60   01.61
000360     1.60   01.61
000361     1.60   01.61
000362     1.60   01.61
000363     1.60   01.61
000364     1.60   01.60
000365     1.59   01.60
000366     1.59   01.60
000367     1.59   01.60
000368     1.59   01.60
000369     1.59   01.60
000370     1.59   01.60
000371     1.58   01.59
000372     1.58   01.59
000373     1.58   01.59
000374     1.58   01.59
000375     1.58   01.59
000376     1.58   01.59
000377     1.57   01.59
000378     1.57   01.58
000379     1.57   01.58
000380     1.57   01.58
000381     1.57   01.58
000382     1.57   01.58
000383     1.57   01.58
000384     1.56   01.57
000385     1.56   01.57
000386     1.56   01.57
000387     1.56   01.57
000388     1.56   01.57
000389     1.56   01.57
000390     1.55   01.56
000391     1.55   01.56
000392     1.55   01.56
000393     1.55   01.56
000394     1.55   01.56
000395     1.55   01.56
000396     1.54   01.55
000397     1.54   01.55
000398     1.54   01.55
000399     1.54   01.55
000400     1.54   01.55
000401     1.54   01.55
000402     1.53   01.55
000403     1.53   01.55
000404     1.53   01.54
000405     1.53   01.54
000406     1.53   01.54
000407     1.53   01.54
000408     1.53   01.54
000409     1.53   01.54
000410     1.53   01.53
000411     1.52   01.53
000412     1.52   01.53
000413     1.52   01.53
000414     1.52   01.53
000415     1.52   01.53
000416     1.52   01.53
000417     1.52   01.53
000418     1.52   01.52
000419     1.51   01.52
000420     1.51   01.52
000421     1.51   01.52
000422     1.51   01.52
000423     1.51   01.52
000424     1.50   01.51
000425     1.50   01.51
000426     1.50   01.51
000427     1.50   01.51
000428     1.49   01.51
000429     1.49   01.51
000430     1.49   01.50
000431     1.49   01.50
000432     1.49   01.50
000433     1.49   01.50
000434     1.49   01.50
000435     1.49   01.50
000436     1.49   01.49
000437     1.48   01.49
000438     1.48   01.49
000439     1.48   01.49
000440     1.48   01.49
000441     1.47   01.49
000442     1.47   01.48
000443     1.47   01.48
000444     1.47   01.48
000445     1.47   01.48
000446     1.47   01.48
000447     1.47   01.48
000448     1.46   01.47
000449     1.46   01.47
000450     1.46   01.47
000451     1.46   01.47
000452     1.46   01.47
000453     1.46   01.47
000454     1.46   01.47
000455     1.46   01.46
000456     1.46   01.46
000457     1.45   01.46
000458     1.45   01.46
000459     1.45   01.46
000460     1.45   01.46
000461     1.45   01.46
000462     1.45   01.46
000463     1.45   01.45
000464     1.44   01.45
000465     1.44   01.45
000466     1.44   01.45
000467     1.44   01.45
000468     1.44   01.45
000469     1.44   01.45
000470     1.44   01.45
000471     1.43   01.44
000472     1.43   01.44
000473     1.43   01.44
000474     1.43   01.44
000475     1.43   01.44
000476     1.43   01.44
000477     1.43   01.44
000478     1.42   01.43
000479     1.42   01.43
000480     1.42   01.43
000481     1.42   01.43
000482     1.42   01.43
000483     1.42   01.43
000484     1.42   01.43
000485     1.42   01.42
000486     1.41   01.42
000487     1.41   01.42
000488     1.41   01.42
000489     1.41   01.42
000490     1.41   01.42
000491     1.41   01.42
000492     1.41   01.42
000493     1.40   01.42
000494     1.40   01.41
000495     1.40   01.41
000496     1.40   01.41
000497     1.40   01.41
000498     1.40   01.41
000499     1.40   01.41
000500     1.39   01.40
000501     1.39   01.40
000502     1.39   01.40
000503     1.39   01.40
000504     1.39   01.40
000505     1.39   01.40
000506     1.38   01.40
000507     1.38   01.39
000508     1.38   01.39
000509     1.38   01.39
000510     1.38   01.39
000511     1.38   01.39
000512     1.38   01.39
000513     1.37   01.38
000514     1.37   01.38
000515     1.37   01.38
000516     1.37   01.38
000517     1.36   01.38
000518     1.36   01.37
000519     1.36   01.37
000520     1.36   01.37
000521     1.36   01.37
000522     1.36   01.37
000523     1.36   01.37
000524     1.36   01.37
000525     1.36   01.37
000526     1.35   01.36
000527     1.35   01.36
000528     1.35   01.36
000529     1.35   01.36
000530     1.35   01.36
000531     1.34   01.36
000532     1.34   01.35
000533     1.34   01.35
000534     1.34   01.35
000535     1.34   01.35
000536     1.34   01.35
000537     1.33   01.34
000538     1.33   01.34
000539     1.33   01.34
000540     1.33   01.34
000541     1.33   01.34
000542     1.33   01.34
000543     1.32   01.34
000544     1.32   01.33
000545     1.32   01.33
000546     1.32   01.33
000547     1.32   01.33
000548     1.32   01.33
000549     1.32   01.33
000550     1.32   01.33
000551     1.32   01.32
000552     1.31   01.32
000553     1.31   01.32
000554     1.31   01.32
000555     1.31   01.32
000556     1.31   01.32
000557     1.31   01.32
000558     1.31   01.32
000559     1.31   01.32
000560     1.31   01.31
000561     1.30   01.31
000562     1.30   01.31
000563     1.30   01.31
000564     1.30   01.31
000565     1.30   01.31
000566     1.30   01.31
000567     1.30   01.31
000568     1.30   01.31
000569     1.29   01.30
000570     1.29   01.30
000571     1.29   01.30
000572     1.29   01.30
000573     1.29   01.30
000574     1.28   01.30
000575     1.28   01.30
000576     1.28   01.29
000577     1.28   01.29
000578     1.28   01.29
000579     1.28   01.29
000580     1.28   01.29
000581     1.28   01.29
000582     1.28   01.28
000583     1.28   01.28
000584     1.27   01.28
000585     1.27   01.28
000586     1.27   01.28
000587     1.27   01.28
000588     1.27   01.27
000589     1.26   01.27
000590     1.26   01.27
000591     1.26   01.27
000592     1.26   01.27
000593     1.26   01.27
000594     1.26   01.27
000595     1.26   01.26
000596     1.26   01.26
000597     1.25   01.26
000598     1.25   01.26
000599     1.25   01.26
000600     1.25   01.26
000601     1.25   01.26
000602     1.25   01.26
000603     1.24   01.25
000604     1.24   01.25
000605     1.24   01.25
000606     1.24   01.25
000607     1.24   01.25
000608     1.24   01.25
000609     1.24   01.25
000610     1.24   01.25
000611     1.24   01.25
000612     1.24   01.24
000613     1.23   01.24
000614     1.23   01.24
000615     1.23   01.24
000616     1.23   01.24
000617     1.23   01.24
000618     1.23   01.24
000619     1.23   01.24
000620     1.23   01.23
000621     1.22   01.23
000622     1.22   01.23
000623     1.22   01.23
000624     1.22   01.23
000625     1.22   01.23
000626     1.22   01.23
000627     1.22   01.22
000628     1.21   01.22
000629     1.21   01.22
000630     1.21   01.22
000631     1.21   01.22
000632     1.21   01.22
000633     1.21   01.22
000634     1.21   01.22
000635     1.20   01.21
000636     1.20   01.21
000637     1.20   01.21
000638     1.20   01.21
000639     1.20   01.21
000640     1.20   01.21
000641     1.20   01.21
000642     1.20   01.21
000643     1.19   01.20
000644     1.19   01.20
000645     1.19   01.20
000646     1.19   01.20
000647     1.19   01.20
000648     1.19   01.20
000649     1.19   01.20
000650     1.19   01.20
000651     1.19   01.19
000652     1.19   01.19
000653     1.19   01.19
000654     1.18   01.19
000655     1.18   01.19
000656     1.18   01.19
000657     1.18   01.19
000658     1.18   01.19
000659     1.18   01.19
000660     1.17   01.18
000661     1.17   01.18
000662     1.17   01.18
000663     1.17   01.18
000664     1.17   01.18
000665     1.17   01.18
000666     1.17   01.18
000667     1.17   01.18
000668     1.17   01.17
000669     1.16   01.17
000670     1.16   01.17
000671     1.16   01.17
000672     1.16   01.17
000673     1.16   01.17
000674     1.16   01.17
000675     1.16   01.17
000676     1.16   01.16
000677     1.15   01.16
000678     1.15   01.16
000679     1.15   01.16
000680     1.15   01.16
000681     1.15   01.16
000682     1.15   01.16
000683     1.15   01.16
000684     1.15   01.15
000685     1.15   01.15
000686     1.15   01.15
000687     1.15   01.15
000688     1.14   01.15
000689     1.14   01.15
000690     1.14   01.15
000691     1.14   01.15
000692     1.14   01.14
000693     1.14   01.14
000694     1.13   01.14
000695     1.13   01.14
000696     1.13   01.14
000697     1.13   01.14
000698     1.13   01.14
000699     1.13   01.14
000700     1.13   01.14
000701     1.13   01.13
000702     1.13   01.13
000703     1.12   01.13
000704     1.12   01.13
000705     1.12   01.13
000706     1.12   01.13
000707     1.12   01.13
000708     1.12   01.13
000709     1.12   01.13
000710     1.12   01.12
000711     1.12   01.12
000712     1.11   01.12
000713     1.11   01.12
000714     1.11   01.12
000715     1.11   01.12
000716     1.11   01.12
000717     1.11   01.12
000718     1.11   01.12
000719     1.11   01.11
000720     1.10   01.11
000721     1.10   01.11
000722     1.10   01.11
000723     1.10   01.11
000724     1.10   01.11
000725     1.10   01.11
000726     1.10   01.11
000727     1.10   01.11
000728     1.10   01.10
000729     1.09   01.10
000730     1.09   01.10
000731     1.09   01.10
000732     1.09   01.10
000733     1.09   01.10
000734     1.09   01.10
000735     1.09   01.09
000736     1.09   01.09
000737     1.08   01.09
000738     1.08   01.09
000739     1.08   01.09
000740     1.08   01.09
000741     1.08   01.09
000742     1.08   01.09
000743     1.07   01.08
000744     1.07   01.08
000745     1.07   01.08
000746     1.07   01.08
000747     1.07   01.08
000748     1.07   01.08
000749     1.07   01.08
000750     1.07   01.08
000751     1.07   01.07
000752     1.06   01.07
000753     1.06   01.07
000754     1.06   01.07
000755     1.06   01.07
000756     1.06   01.07
000757     1.06   01.07
000758     1.06   01.07
000759     1.06   01.07
000760     1.06   01.06
000761     1.06   01.06
000762     1.05   01.06
000763     1.05   01.06
000764     1.05   01.06
000765     1.05   01.06
000766     1.05   01.06
000767     1.05   01.06
000768     1.05   01.06
000769     1.05   01.06
000770     1.04   01.05
000771     1.04   01.05
000772     1.04   01.05
000773     1.04   01.05
000774     1.04   01.05
000775     1.04   01.05
000776     1.04   01.05
000777     1.04   01.04
000778     1.04   01.04
000779     1.03   01.04
000780     1.03   01.04
000781     1.03   01.04
000782     1.03   01.04
000783     1.03   01.04
000784     1.03   01.04
000785     1.03   01.03
000786     1.03   01.03
000787     1.02   01.03
000788     1.02   01.03
000789     1.02   01.03
000790     1.02   01.03
000791     1.02   01.03
000792     1.02   01.03
000793     1.02   01.02
000794     1.02   01.02
000795     1.02   01.02
000796     1.01   01.02
000797     1.01   01.02
000798     1.01   01.02
000799     1.01   01.02
000800     1.01   01.02
000801     1.01   01.02
000802     1.01   01.02
000803     1.01   01.01
000804     1.01   01.01
000805     1.00   01.01
000806     1.00   01.01
000807     1.00   01.01
000808     1.00   01.01
000809     1.00   01.01
000810     1.00   01.00
000811     1.00   01.00
000812     0.99   01.00
000813     0.99   01.00
000814     0.99   01.00
000815     0.99   01.00
000816     0.99   01.00
000817     0.99   01.00
000818     0.99   00.99
000819     0.98   00.99
000820     0.98   00.99
000821     0.98   00.99
000822     0.98   00.99
000823     0.98   00.99
000824     0.98   00.99
000825     0.98   00.99
000826     0.98   00.98
000827     0.97   00.98
000828     0.97   00.98
000829     0.97   00.98
000830     0.97   00.98
000831     0.97   00.98
000832     0.97   00.98
000833     0.97   00.97
000834     0.96   00.97
000835     0.96   00.97
000836     0.96   00.97
000837     0.96   00.97
000838     0.96   00.97
000839     0.96   00.96
000840     0.96   00.96
000841     0.96   00.96
000842     0.96   00.96
000843     0.95   00.96
000844     0.95   00.96
000845     0.95   00.96
000846     0.95   00.96
000847     0.95   00.96
000848     0.95   00.96
000849     0.95   00.95
000850     0.94   00.95
000851     0.94   00.95
000852     0.94   00.95
000853     0.94   00.95
000854     0.94   00.95
000855     0.94   00.95
000856     0.94   00.95
000857     0.94   00.95
000858     0.94   00.95
000859     0.94   00.95
000860     0.94   00.95
000861     0.94   00.95
000862     0.94   00.95
000863     0.94   00.94
000864     0.93   00.94
000865     0.93   00.94
000866     0.93   00.94
000867     0.93   00.94
000868     0.93   00.94
000869     0.93   00.94
000870     0.93   00.94
000871     0.93   00.94
000872     0.93   00.94
000873     0.93   00.93
000874     0.93   00.93
000875     0.92   00.93
000876     0.92   00.93
000877     0.92   00.93
000878     0.92   00.93
000879     0.92   00.93
000880     0.92   00.93
000881     0.92   00.93
000882     0.92   00.92
000883     0.92   00.92
000884     0.92   00.92
000885     0.91   00.92
000886     0.91   00.92
000887     0.91   00.92
000888     0.91   00.92
000889     0.91   00.92
000890     0.91   00.92
000891     0.91   00.92
000892     0.91   00.92
000893     0.91   00.91
000894     0.91   00.91
000895     0.90   00.91
000896     0.90   00.91
000897     0.90   00.91
000898     0.90   00.91
000899     0.90   00.91
000900     0.90   00.91
000901     0.90   00.91
000902     0.90   00.90
000903     0.90   00.90
000904     0.90   00.90
000905     0.89   00.90
000906     0.89   00.90
000907     0.89   00.90
000908     0.89   00.90
000909     0.89   00.90
000910     0.89   00.89
000911     0.89   00.89
000912     0.88   00.89
000913     0.88   00.89
000914     0.88   00.89
000915     0.88   00.89
000916     0.88   00.89
000917     0.88   00.89
000918     0.88   00.89
000919     0.88   00.88
000920     0.88   00.89
000921     0.88   00.88
000922     0.87   00.88
000923     0.87   00.88
000924     0.87   00.88
000925     0.87   00.88
000926     0.87   00.88
000927     0.87   00.88
000928     0.87   00.87
000929     0.87   00.87
000930     0.86   00.87
000931     0.86   00.87
000932     0.86   00.87
000933     0.86   00.87
000934     0.86   00.87
000935     0.86   00.87
000936     0.86   00.87
000937     0.86   00.87
000938     0.86   00.86
000939     0.86   00.86
000940     0.86   00.86
000941     0.85   00.86
000942     0.85   00.86
000943     0.85   00.86
000944     0.85   00.86
000945     0.85   00.86
000946     0.85   00.86
000947     0.85   00.86
000948     0.85   00.85
000949     0.84   00.85
000950     0.84   00.85
000951     0.84   00.85
000952     0.84   00.85
000953     0.84   00.85
000954     0.84   00.85
000955     0.84   00.85
000956     0.84   00.84
000957     0.84   00.84
000958     0.83   00.84
000959     0.83   00.84
000960     0.83   00.84
000961     0.83   00.84
000962     0.83   00.84
000963     0.82   00.84
000964     0.82   00.83
000965     0.82   00.83
000966     0.82   00.83
000967     0.82   00.83
000968     0.82   00.83
000969     0.82   00.83
000970     0.82   00.83
000971     0.82   00.83
000972     0.82   00.82
000973     0.81   00.82
000974     0.81   00.82
000975     0.81   00.82
000976     0.81   00.82
000977     0.81   00.82
000978     0.81   00.82
000979     0.81   00.82
000980     0.81   00.81
000981     0.81   00.81
000982     0.80   00.81
000983     0.80   00.81
000984     0.80   00.81
000985     0.80   00.81
000986     0.80   00.81
000987     0.80   00.80
000988     0.80   00.80
000989     0.79   00.80
000990     0.79   00.80
000991     0.79   00.80
000992     0.79   00.80
000993     0.79   00.80
000994     0.79   00.80
000995     0.79   00.80
000996     0.79   00.80
000997     0.79   00.79
000998     0.79   00.79
000999     0.79   00.79
001000     0.78   00.79
001001     0.78   00.79
001002     0.78   00.79
001003     0.78   00.79
001004     0.78   00.79
001005     0.78   00.79
001006     0.78   00.79
001007     0.78   00.79
001008     0.78   00.79
001009     0.78   00.79
001010     0.78   00.79
001011     0.78   00.78
001012     0.78   00.78
001013     0.77   00.78
001014     0.77   00.78
001015     0.77   00.78
001016     0.77   00.78
001017     0.77   00.78
001018     0.77   00.78
001019     0.77   00.78
001020     0.77   00.78
001021     0.76   00.78
001022     0.76   00.77
001023     0.76   00.77
001024     0.76   00.77
001025     0.76   00.77
001026     0.76   00.77
001027     0.76   00.77
001028     0.76   00.77
001029     0.76   00.77
001030     0.76   00.77
001031     0.76   00.76
001032     0.76   00.76
001033     0.76   00.76
001034     0.76   00.76
001035     0.75   00.76
001036     0.75   00.76
001037     0.75   00.76
001038     0.75   00.76
001039     0.75   00.76
001040     0.75   00.76
001041     0.75   00.76
001042     0.75   00.76
001043     0.75   00.76
001044     0.75   00.75
001045     0.75   00.75
001046     0.75   00.75
001047     0.75   00.75
001048     0.74   00.75
001049     0.74   00.75
001050     0.74   00.75
001051     0.74   00.75
001052     0.74   00.75
001053     0.74   00.75
001054     0.74   00.75
001055     0.74   00.75
001056     0.74   00.75
001057     0.74   00.74
001058     0.74   00.74
001059     0.73   00.74
001060     0.73   00.74
001061     0.73   00.74
001062     0.73   00.74
001063     0.73   00.74
001064     0.73   00.74
001065     0.73   00.74
001066     0.73   00.74
001067     0.73   00.73
001068     0.72   00.73
001069     0.72   00.73
001070     0.72   00.73
001071     0.72   00.73
001072     0.72   00.73
001073     0.72   00.73
001074     0.72   00.73
001075     0.72   00.73
001076     0.72   00.73
001077     0.72   00.72
001078     0.72   00.72
001079     0.72   00.72
001080     0.72   00.72
001081     0.72   00.72
001082     0.71   00.72
001083     0.71   00.72
001084     0.71   00.72
001085     0.71   00.72
001086     0.71   00.72
001087     0.71   00.72
001088     0.71   00.72
001089     0.71   00.72
001090     0.71   00.71
001091     0.70   00.71
001092     0.70   00.71
001093     0.70   00.71
001094     0.70   00.71
001095     0.70   00.71
001096     0.70   00.71
001097     0.70   00.71
001098     0.70   00.71
001099     0.70   00.71
001100     0.70   00.71
001101     0.70   00.71
001102     0.70   00.70
001103     0.70   00.70
001104     0.69   00.70
001105     0.69   00.70
001106     0.69   00.70
001107     0.69   00.70
001108     0.69   00.70
001109     0.69   00.70
001110     0.69   00.70
001111     0.69   00.69
001112     0.68   00.69
001113     0.68   00.69
001114     0.68   00.69
001115     0.68   00.69
001116     0.68   00.69
001117     0.68   00.69
001118     0.68   00.69
001119     0.68   00.69
001120     0.68   00.69
001121     0.68   00.68
001122     0.68   00.68
001123     0.68   00.68
001124     0.67   00.68
001125     0.67   00.68
001126     0.67   00.68
001127     0.67   00.68
001128     0.67   00.68
001129     0.67   00.68
001130     0.67   00.68
001131     0.67   00.68
001132     0.67   00.68
001133     0.67   00.67
001134     0.67   00.67
001135     0.67   00.67
001136     0.66   00.67
001137     0.66   00.67
001138     0.66   00.67
001139     0.66   00.67
001140     0.66   00.67
001141     0.66   00.67
001142     0.65   00.66
001143     0.65   00.66
001144     0.65   00.66
001145     0.65   00.66
001146     0.65   00.66
001147     0.65   00.66
001148     0.65   00.66
001149     0.65   00.65
001150     0.64   00.65
001151     0.64   00.65
001152     0.64   00.65
001153     0.64   00.65
001154     0.64   00.65
001155     0.64   00.65
001156     0.64   00.64
001157     0.64   00.64
001158     0.64   00.64
001159     0.63   00.64
001160     0.63   00.64
001161     0.63   00.64
001162     0.63   00.64
001163     0.63   00.64
001164     0.63   00.64
001165     0.63   00.64
001166     0.63   00.64
001167     0.63   00.64
001168     0.63   00.63
001169     0.63   00.63
001170     0.63   00.63
001171     0.63   00.63
001172     0.62   00.63
001173     0.62   00.63
001174     0.62   00.63
001175     0.62   00.63
001176     0.62   00.63
001177     0.62   00.62
001178     0.62   00.62
001179     0.62   00.62
001180     0.62   00.62
001181     0.62   00.62
001182     0.61   00.62
001183     0.61   00.62
001184     0.61   00.62
001185     0.61   00.62
001186     0.61   00.62
001187     0.61   00.62
001188     0.61   00.61
001189     0.61   00.61
001190     0.61   00.61
001191     0.61   00.61
001192     0.60   00.61
001193     0.60   00.61
001194     0.60   00.61
001195     0.60   00.61
001196     0.60   00.61
001197     0.60   00.61
001198     0.60   00.61
001199     0.60   00.61
001200     0.60   00.61
001201     0.60   00.60
001202     0.60   00.60
001203     0.60   00.60
001204     0.59   00.60
001205     0.59   00.60
001206     0.59   00.60
001207     0.59   00.60
001208     0.59   00.60
001209     0.59   00.60
001210     0.59   00.60
001211     0.59   00.60
001212     0.59   00.60
001213     0.59   00.60
001214     0.59   00.60
001215     0.59   00.59
001216     0.59   00.59
001217     0.59   00.59
001218     0.59   00.59
001219     0.58   00.59
001220     0.58   00.59
001221     0.58   00.59
001222     0.58   00.59
001223     0.58   00.59
001224     0.58   00.59
001225     0.58   00.59
001226     0.58   00.58
001227     0.58   00.58
001228     0.58   00.58
001229     0.57   00.58
001230     0.57   00.58
001231     0.57   00.58
001232     0.57   00.58
001233     0.57   00.58
001234     0.57   00.58
001235     0.57   00.58
001236     0.57   00.58
001237     0.57   00.58
001238     0.57   00.58
001239     0.57   00.57
001240     0.57   00.57
001241     0.56   00.57
001242     0.56   00.57
001243     0.56   00.57
001244     0.56   00.57
001245     0.56   00.57
001246     0.56   00.57
001247     0.56   00.57
001248     0.56   00.57
001249     0.56   00.57
001250     0.56   00.56
001251     0.56   00.56
001252     0.56   00.56
001253     0.55   00.56
001254     0.55   00.56
001255     0.55   00.56
001256     0.55   00.56
001257     0.55   00.56
001258     0.55   00.56
001259     0.55   00.56
001260     0.55   00.55
001261     0.55   00.55
001262     0.55   00.55
001263     0.55   00.55
001264     0.54   00.55
001265     0.54   00.55
001266     0.54   00.55
001267     0.54   00.55
001268     0.54   00.55
001269     0.54   00.55
001270     0.54   00.55
001271     0.54   00.55
001272     0.54   00.55
001273     0.54   00.54
001274     0.54   00.54
001275     0.54   00.54
001276     0.54   00.54
001277     0.54   00.54
001278     0.54   00.54
001279     0.53   00.54
001280     0.53   00.54
001281     0.53   00.54
001282     0.53   00.54
001283     0.53   00.54
001284     0.53   00.54
001285     0.53   00.54
001286     0.53   00.54
001287     0.53   00.54
001288     0.53   00.53
001289     0.53   00.53
001290     0.53   00.53
001291     0.53   00.53
001292     0.53   00.53
001293     0.53   00.53
001294     0.53   00.53
001295     0.53   00.53
001296     0.52   00.53
001297     0.52   00.53
001298     0.52   00.53
001299     0.52   00.53
001300     0.52   00.53
001301     0.52   00.53
001302     0.52   00.53
001303     0.52   00.53
001304     0.52   00.53
001305     0.52   00.53
001306     0.52   00.53
001307     0.52   00.52
001308     0.52   00.52
001309     0.52   00.52
001310     0.51   00.52
001311     0.51   00.52
001312     0.51   00.52
001313     0.51   00.52
001314     0.51   00.52
001315     0.51   00.52
001316     0.51   00.52
001317     0.51   00.52
001318     0.51   00.52
001319     0.51   00.51
001320     0.51   00.51
001321     0.51   00.51
001322     0.51   00.51
001323     0.51   00.51
001324     0.51   00.51
001325     0.50   00.51
001326     0.50   00.51
001327     0.50   00.51
001328     0.50   00.51
001329     0.50   00.51
001330     0.50   00.51
001331     0.50   00.51
001332     0.50   00.51
001333     0.50   00.50
001334     0.50   00.50
001335     0.50   00.50
001336     0.50   00.50
001337     0.50   00.50
001338     0.50   00.50
001339     0.50   00.50
001340     0.50   00.50
001341     0.49   00.50
001342     0.49   00.50
001343     0.49   00.50
001344     0.49   00.50
001345     0.49   00.50
001346     0.49   00.50
001347     0.49   00.50
001348     0.49   00.49
001349     0.49   00.49
001350     0.49   00.49
001351     0.49   00.49
001352     0.49   00.49
001353     0.49   00.49
001354     0.49   00.49
001355     0.49   00.49
001356     0.48   00.49
001357     0.48   00.49
001358     0.48   00.49
001359     0.48   00.49
001360     0.48   00.49
001361     0.48   00.49
001362     0.48   00.49
001363     0.48   00.49
001364     0.48   00.48
001365     0.48   00.48
001366     0.48   00.48
001367     0.48   00.48
001368     0.48   00.48
001369     0.47   00.48
001370     0.47   00.48
001371     0.47   00.48
001372     0.47   00.48
001373     0.47   00.48
001374     0.47   00.48
001375     0.47   00.48
001376     0.47   00.48
001377     0.47   00.48
001378     0.47   00.48
001379     0.47   00.47
001380     0.47   00.47
001381     0.47   00.47
001382     0.47   00.47
001383     0.47   00.47
001384     0.47   00.47
001385     0.47   00.47
001386     0.46   00.47
001387     0.46   00.47
001388     0.46   00.47
001389     0.46   00.47
001390     0.46   00.47
001391     0.46   00.47
001392     0.46   00.47
001393     0.46   00.47
001394     0.46   00.47
001395     0.46   00.46
001396     0.46   00.46
001397     0.46   00.46
001398     0.46   00.46
001399     0.46   00.46
001400     0.46   00.46
001401     0.45   00.46
001402     0.45   00.46
001403     0.45   00.46
001404     0.45   00.46
001405     0.45   00.46
001406     0.45   00.46
001407     0.45   00.45
001408     0.45   00.45
001409     0.45   00.45
001410     0.45   00.45
001411     0.45   00.45
001412     0.44   00.45
001413     0.44   00.45
001414     0.44   00.45
001415     0.44   00.45
001416     0.44   00.45
001417     0.44   00.45
001418     0.44   00.45
001419     0.44   00.45
001420     0.44   00.45
001421     0.44   00.44
001422     0.44   00.44
001423     0.44   00.44
001424     0.44   00.44
001425     0.44   00.44
001426     0.43   00.44
001427     0.43   00.44
001428     0.43   00.44
001429     0.43   00.44
001430     0.43   00.44
001431     0.43   00.44
001432     0.43   00.44
001433     0.43   00.44
001434     0.43   00.44
001435     0.43   00.43
001436     0.43   00.43
001437     0.43   00.43
001438     0.43   00.43
001439     0.43   00.43
001440     0.43   00.43
001441     0.42   00.43
001442     0.42   00.43
001443     0.42   00.43
001444     0.42   00.43
001445     0.42   00.43
001446     0.42   00.43
001447     0.42   00.43
001448     0.42   00.42
001449     0.42   00.42
001450     0.42   00.42
001451     0.42   00.42
001452     0.42   00.42
001453     0.42   00.42
001454     0.42   00.42
001455     0.42   00.42
001456     0.42   00.42
001457     0.42   00.42
001458     0.42   00.42
001459     0.41   00.42
001460     0.41   00.42
001461     0.41   00.42
001462     0.41   00.42
001463     0.41   00.42
001464     0.41   00.42
001465     0.41   00.42
001466     0.41   00.42
001467     0.41   00.42
001468     0.41   00.42
001469     0.41   00.42
001470     0.41   00.42
001471     0.41   00.42
001472     0.41   00.41
001473     0.41   00.41
001474     0.41   00.41
001475     0.40   00.41
001476     0.40   00.41
001477     0.40   00.41
001478     0.40   00.41
001479     0.40   00.41
001480     0.40   00.41
001481     0.40   00.41
001482     0.40   00.41
001483     0.40   00.41
001484     0.40   00.41
001485     0.40   00.41
001486     0.40   00.41
001487     0.40   00.41
001488     0.40   00.41
001489     0.40   00.41
001490     0.40   00.41
001491     0.40   00.41
001492     0.40   00.41
001493     0.40   00.41
001494     0.40   00.40
001495     0.40   00.40
001496     0.40   00.40
001497     0.40   00.40
001498     0.40   00.40
001499     0.40   00.40
001500     0.40   00.40
001501     0.40   00.40
001502     0.40   00.40
001503     0.40   00.40
001504     0.39   00.40
001505     0.39   00.40
001506     0.39   00.40
001507     0.39   00.40
001508     0.39   00.40
001509     0.39   00.40
001510     0.39   00.40
001511     0.39   00.40
001512     0.39   00.39
001513     0.39   00.39
001514     0.39   00.39
001515     0.39   00.39
001516     0.39   00.39
001517     0.39   00.39
001518     0.39   00.39
001519     0.38   00.39
001520     0.38   00.39
001521     0.38   00.39
001522     0.38   00.39
001523     0.38   00.39
001524     0.38   00.39
001525     0.38   00.39
001526     0.38   00.39
001527     0.38   00.39
001528     0.38   00.39
001529     0.38   00.38
001530     0.38   00.38
001531     0.38   00.38
001532     0.38   00.38
001533     0.38   00.38
001534     0.38   00.38
001535     0.38   00.38
001536     0.38   00.38
001537     0.38   00.38
001538     0.38   00.38
001539     0.37   00.38
001540     0.37   00.38
001541     0.37   00.38
001542     0.37   00.38
001543     0.37   00.38
001544     0.37   00.38
001545     0.37   00.38
001546     0.37   00.38
001547     0.37   00.38
001548     0.37   00.38
001549     0.37   00.38
001550     0.37   00.38
001551     0.37   00.38
001552     0.37   00.38
001553     0.37   00.37
001554     0.37   00.37
001555     0.37   00.37
001556     0.37   00.37
001557     0.37   00.37
001558     0.37   00.37
001559     0.37   00.37
001560     0.37   00.37
001561     0.37   00.37
001562     0.36   00.37
001563     0.36   00.37
001564     0.36   00.37
001565     0.36   00.37
001566     0.36   00.37
001567     0.36   00.37
001568     0.36   00.37
001569     0.36   00.37
001570     0.36   00.37
001571     0.36   00.37
001572     0.36   00.37
001573     0.36   00.37
001574     0.36   00.37
001575     0.36   00.36
001576     0.36   00.36
001577     0.36   00.36
001578     0.36   00.36
001579     0.36   00.36
001580     0.36   00.36
001581     0.36   00.36
001582     0.36   00.36
001583     0.36   00.36
001584     0.36   00.36
001585     0.36   00.36
001586     0.35   00.36
001587     0.35   00.36
001588     0.35   00.36
001589     0.35   00.36
001590     0.35   00.36
001591     0.35   00.36
001592     0.35   00.36
001593     0.35   00.36
001594     0.35   00.36
001595     0.35   00.36
001596     0.35   00.36
001597     0.35   00.36
001598     0.35   00.36
001599     0.35   00.36
001600     0.35   00.36
001601     0.35   00.36
001602     0.35   00.36
001603     0.35   00.36
001604     0.35   00.36
001605     0.35   00.35
001606     0.35   00.36
001607     0.35   00.35
001608     0.35   00.35
001609     0.35   00.35
001610     0.35   00.35
001611     0.35   00.35
001612     0.35   00.35
001613     0.35   00.35
001614     0.35   00.35
001615     0.35   00.35
001616     0.35   00.35
001617     0.35   00.35
001618     0.35   00.35
001619     0.35   00.35
001620     0.34   00.35
001621     0.34   00.35
001622     0.34   00.35
001623     0.34   00.35
001624     0.34   00.35
001625     0.34   00.35
001626     0.34   00.35
001627     0.34   00.35
001628     0.34   00.35
001629     0.34   00.35
001630     0.34   00.35
001631     0.34   00.35
001632     0.34   00.35
001633     0.34   00.35
001634     0.34   00.34
001635     0.34   00.34
001636     0.34   00.34
001637     0.34   00.34
001638     0.34   00.34
001639     0.34   00.34
001640     0.34   00.34
001641     0.34   00.34
001642     0.34   00.34
001643     0.34   00.34
001644     0.34   00.34
001645     0.34   00.34
001646     0.34   00.34
001647     0.34   00.34
001648     0.34   00.34
001649     0.33   00.34
001650     0.33   00.34
001651     0.33   00.34
001652     0.33   00.34
001653     0.33   00.34
001654     0.33   00.34
001655     0.33   00.34
001656     0.33   00.34
001657     0.33   00.34
001658     0.33   00.34
001659     0.33   00.34
001660     0.33   00.34
001661     0.33   00.34
001662     0.33   00.34
001663     0.33   00.34
001664     0.33   00.34
001665     0.33   00.33
001666     0.33   00.34
001667     0.33   00.33
001668     0.33   00.33
001669     0.33   00.33
001670     0.33   00.33
001671     0.32   00.33
001672     0.32   00.33
001673     0.32   00.33
001674     0.32   00.33
001675     0.32   00.33
001676     0.32   00.33
001677     0.32   00.33
001678     0.32   00.33
001679     0.32   00.33
001680     0.32   00.33
001681     0.32   00.33
001682     0.32   00.33
001683     0.32   00.33
001684     0.32   00.33
001685     0.32   00.33
001686     0.32   00.32
001687     0.32   00.32
001688     0.32   00.32
001689     0.32   00.32
001690     0.32   00.32
001691     0.32   00.32
001692     0.32   00.32
001693     0.32   00.32
001694     0.32   00.32
001695     0.32   00.32
001696     0.32   00.32
001697     0.32   00.32
001698     0.32   00.32
001699     0.32   00.32
001700     0.32   00.32
001701     0.31   00.32
001702     0.31   00.32
001703     0.31   00.32
001704     0.31   00.32
001705     0.31   00.32
001706     0.31   00.32
001707     0.31   00.32
001708     0.31   00.32
001709     0.31   00.32
001710     0.31   00.32
001711     0.31   00.32
001712     0.31   00.32
001713     0.31   00.31
001714     0.31   00.31
001715     0.31   00.31
001716     0.31   00.31
001717     0.31   00.31
001718     0.31   00.31
001719     0.31   00.31
001720     0.31   00.31
001721     0.31   00.31
001722     0.31   00.31
001723     0.31   00.31
001724     0.30   00.31
001725     0.30   00.31
001726     0.30   00.31
001727     0.30   00.31
001728     0.30   00.31
001729     0.30   00.31
001730     0.30   00.31
001731     0.30   00.31
001732     0.30   00.31
001733     0.30   00.31
001734     0.30   00.31
001735     0.30   00.31
001736     0.30   00.31
001737     0.30   00.31
001738     0.30   00.31
001739     0.30   00.31
001740     0.30   00.31
001741     0.30   00.31
001742     0.30   00.31
001743     0.30   00.31
001744     0.30   00.31
001745     0.30   00.30
001746     0.30   00.30
001747     0.30   00.30
001748     0.30   00.30
001749     0.30   00.30
001750     0.30   00.30
001751     0.30   00.30
001752     0.30   00.30
001753     0.30   00.30
001754     0.30   00.30
001755     0.30   00.30
001756     0.29   00.30
001757     0.29   00.30
001758     0.29   00.30
001759     0.29   00.30
001760     0.29   00.30
001761     0.29   00.30
001762     0.29   00.30
001763     0.29   00.30
001764     0.29   00.30
001765     0.29   00.30
001766     0.29   00.30
001767     0.29   00.30
001768     0.29   00.30
001769     0.29   00.30
001770     0.29   00.30
001771     0.29   00.29
001772     0.29   00.29
001773     0.29   00.29
001774     0.29   00.29
001775     0.29   00.29
001776     0.29   00.29
001777     0.29   00.29
001778     0.29   00.29
001779     0.29   00.29
001780     0.29   00.29
001781     0.29   00.29
001782     0.29   00.29
001783     0.28   00.29
001784     0.28   00.29
001785     0.28   00.29
001786     0.28   00.29
001787     0.28   00.29
001788     0.28   00.29
001789     0.28   00.29
001790     0.28   00.29
001791     0.28   00.29
001792     0.28   00.29
001793     0.28   00.29
001794     0.28   00.29
001795     0.28   00.29
001796     0.28   00.29
001797     0.28   00.29
001798     0.28   00.29
001799     0.28   00.29
001800     0.28   00.29
001801     0.28   00.29
001802     0.28   00.29
001803     0.28   00.29
001804     0.28   00.28
001805     0.28   00.28
001806     0.28   00.28
001807     0.28   00.28
001808     0.28   00.28
001809     0.28   00.28
001810     0.28   00.28
001811     0.28   00.28
001812     0.28   00.28
001813     0.28   00.28
001814     0.28   00.28
001815     0.28   00.28
001816     0.28   00.28
001817     0.28   00.28
001818     0.28   00.28
001819     0.28   00.28
001820     0.28   00.28
001821     0.28   00.28
001822     0.28   00.28
001823     0.28   00.28
001824     0.28   00.28
001825     0.28   00.28
001826     0.27   00.28
001827     0.27   00.28
001828     0.27   00.28
001829     0.27   00.28
001830     0.27   00.28
001831     0.27   00.28
001832     0.27   00.28
001833     0.27   00.28
001834     0.27   00.28
001835     0.27   00.28
001836     0.27   00.28
001837     0.27   00.28
001838     0.27   00.28
001839     0.27   00.28
001840     0.27   00.28
001841     0.27   00.28
001842     0.27   00.28
001843     0.27   00.28
001844     0.27   00.28
001845     0.27   00.28
001846     0.27   00.28
001847     0.27   00.28
001848     0.27   00.27
001849     0.27   00.27
001850     0.27   00.27
001851     0.27   00.27
001852     0.27   00.27
001853     0.27   00.27
001854     0.27   00.27
001855     0.27   00.27
001856     0.27   00.27
001857     0.26   00.27
001858     0.26   00.27
001859     0.26   00.27
001860     0.26   00.27
001861     0.26   00.27
001862     0.26   00.27
001863     0.26   00.27
001864     0.26   00.27
001865     0.26   00.27
001866     0.26   00.27
001867     0.26   00.27
001868     0.26   00.27
001869     0.26   00.27
001870     0.26   00.27
001871     0.26   00.27
001872     0.26   00.27
001873     0.26   00.26
001874     0.26   00.26
001875     0.26   00.26
001876     0.26   00.26
001877     0.26   00.26
001878     0.26   00.26
001879     0.26   00.26
001880     0.26   00.26
001881     0.26   00.26
001882     0.26   00.26
001883     0.26   00.26
001884     0.26   00.26
001885     0.26   00.26
001886     0.26   00.26
001887     0.26   00.26
001888     0.26   00.26
001889     0.26   00.26
001890     0.26   00.26
001891     0.26   00.26
001892     0.26   00.26
001893     0.26   00.26
001894     0.26   00.26
001895     0.26   00.26
001896     0.26   00.26
001897     0.26   00.26
001898     0.25   00.26
001899     0.25   00.26
001900     0.25   00.26
001901     0.25   00.26
001902     0.25   00.26
001903     0.25   00.26
001904     0.25   00.26
001905     0.25   00.26
001906     0.25   00.26
001907     0.25   00.26
001908     0.25   00.26
001909     0.25   00.26
001910     0.25   00.26
001911     0.25   00.26
001912     0.25   00.25
001913     0.25   00.25
001914     0.25   00.25
001915     0.25   00.25
001916     0.25   00.25
001917     0.25   00.25
001918     0.25   00.25
001919     0.25   00.25
001920     0.25   00.25
001921     0.25   00.25
001922     0.25   00.25
001923     0.25   00.25
001924     0.25   00.25
001925     0.25   00.25
001926     0.25   00.25
001927     0.25   00.25
001928     0.25   00.25
001929     0.25   00.25
001930     0.25   00.25
001931     0.25   00.25
001932     0.25   00.25
001933     0.25   00.25
001934     0.25   00.25
001935     0.25   00.25
001936     0.25   00.25
001937     0.25   00.25
001938     0.25   00.25
001939     0.25   00.25
001940     0.25   00.25
001941     0.25   00.25
001942     0.25   00.25
001943     0.25   00.25
001944     0.25   00.25
001945     0.25   00.25
001946     0.25   00.25
001947     0.25   00.25
001948     0.25   00.25
001949     0.25   00.25
001950     0.25   00.25
001951     0.25   00.25
001952     0.25   00.25
001953     0.24   00.25
001954     0.24   00.25
001955     0.24   00.25
001956     0.24   00.25
001957     0.24   00.25
001958     0.24   00.25
001959     0.24   00.25
001960     0.24   00.25
001961     0.24   00.25
001962     0.24   00.25
001963     0.24   00.25
001964     0.24   00.25
001965     0.24   00.25
001966     0.24   00.25
001967     0.24   00.25
001968     0.24   00.25
001969     0.24   00.25
001970     0.24   00.25
001971     0.24   00.25
001972     0.24   00.25
001973     0.24   00.25
001974     0.24   00.25
001975     0.24   00.25
001976     0.24   00.25
001977     0.24   00.25
001978     0.24   00.25
001979     0.24   00.25
001980     0.24   00.25
001981     0.24   00.25
001982     0.24   00.25
001983     0.24   00.25
001984     0.24   00.25
001985     0.24   00.25
001986     0.24   00.25
001987     0.24   00.25
001988     0.24   00.25
001989     0.24   00.24
001990     0.24   00.25
001991     0.24   00.25
001992     0.24   00.25
001993     0.24   00.24
001994     0.24   00.24
001995     0.24   00.24
001996     0.24   00.24
001997     0.24   00.24
001998     0.24   00.24
001999     0.24   00.24
002000     0.24   00.24
002001     0.24   00.24
002001     0.24   00.24
002002     0.24   00.24
002003     0.24   00.24
002004     0.24   00.24
002005     0.24   00.24
002006     0.24   00.24
002007     0.24   00.24
002008     0.24   00.24
002009     0.24   00.24
002010     0.24   00.24
002011     0.24   00.24
002012     0.24   00.24
002013     0.24   00.24
002014     0.23   00.24
002015     0.23   00.24
002016     0.23   00.24
002017     0.23   00.24
002018     0.23   00.24
002019     0.23   00.24
002020     0.23   00.24
002021     0.23   00.24
002022     0.23   00.24
002023     0.23   00.24
002024     0.23   00.24
002025     0.23   00.24
002026     0.23   00.24
002027     0.23   00.24
002028     0.23   00.24
002029     0.23   00.24
002030     0.23   00.24
002031     0.23   00.24
002032     0.23   00.24
002033     0.23   00.23
002034     0.23   00.23
002035     0.23   00.23
002036     0.23   00.23
002037     0.23   00.23
002038     0.23   00.23
002039     0.23   00.23
002040     0.23   00.23
002041     0.23   00.23
002042     0.23   00.23
002043     0.23   00.23
002044     0.23   00.23
002045     0.23   00.23
002046     0.23   00.23
002047     0.23   00.23
002048     0.23   00.23
002049     0.23   00.23
002050     0.23   00.23
002051     0.23   00.23
002052     0.23   00.23
002053     0.23   00.23
002054     0.23   00.23
002055     0.23   00.23
002056     0.23   00.23
002057     0.23   00.23
002058     0.23   00.23
002059     0.23   00.23
002060     0.23   00.23
002061     0.22   00.23
002062     0.22   00.23
002063     0.22   00.23
002064     0.22   00.23
002065     0.22   00.23
002066     0.22   00.23
002067     0.22   00.23
002068     0.22   00.23
002069     0.22   00.23
002070     0.22   00.23
002071     0.22   00.23
002072     0.22   00.23
002073     0.22   00.23
002074     0.22   00.23
002075     0.22   00.23
002076     0.22   00.23
002077     0.22   00.23
002078     0.22   00.23
002079     0.22   00.23
002080     0.22   00.23
002081     0.22   00.23
002082     0.22   00.23
002083     0.22   00.23
002084     0.22   00.23
002085     0.22   00.23
002086     0.22   00.23
002087     0.22   00.23
002088     0.22   00.23
002089     0.22   00.23
002090     0.22   00.23
002091     0.22   00.23
002092     0.22   00.23
002093     0.22   00.23
002094     0.22   00.23
002095     0.22   00.23
002096     0.22   00.23
002097     0.22   00.23
002098     0.22   00.23
002099     0.22   00.23
002100     0.22   00.23
002101     0.22   00.23
002102     0.22   00.23
002103     0.22   00.23
002104     0.22   00.23
002105     0.22   00.23
002106     0.22   00.23
002107     0.22   00.23
002108     0.22   00.23
002109     0.22   00.23
002110     0.22   00.23
002111     0.22   00.23
002112     0.22   00.23
002113     0.22   00.23
002114     0.22   00.23
002115     0.22   00.23
002116     0.22   00.23
002117     0.22   00.22
002118     0.22   00.22
002119     0.22   00.23
002120     0.22   00.23
002121     0.22   00.23
002122     0.22   00.23
002123     0.22   00.23
002124     0.22   00.23
002125     0.22   00.23
002126     0.22   00.23
002127     0.22   00.22
002128     0.22   00.22
002129     0.22   00.22
002130     0.22   00.22
002131     0.22   00.22
002132     0.22   00.22
002133     0.22   00.22
002134     0.22   00.22
002135     0.22   00.22
002136     0.22   00.22
002137     0.22   00.22
002138     0.22   00.22
002139     0.22   00.22
002140     0.22   00.22
002141     0.22   00.22
002142     0.22   00.22
002143     0.22   00.22
002144     0.22   00.22
002145     0.22   00.22
002146     0.22   00.22
002147     0.22   00.22
002148     0.22   00.22
002149     0.22   00.22
002150     0.22   00.22
002151     0.22   00.22
002152     0.22   00.22
002153     0.22   00.22
002154     0.22   00.22
002155     0.22   00.22
002156     0.22   00.22
002157     0.22   00.22
002158     0.22   00.22
002159     0.22   00.22
002160     0.22   00.22
002161     0.22   00.22
002162     0.22   00.22
002163     0.22   00.22
002164     0.22   00.22
002165     0.22   00.22
002166     0.22   00.22
002167     0.22   00.22
002168     0.22   00.22
002169     0.22   00.22
002170     0.22   00.22
002171     0.22   00.22
002172     0.22   00.22
002173     0.21   00.22
002174     0.21   00.22
002175     0.21   00.22
002176     0.21   00.22
002177     0.21   00.22
002178     0.21   00.22
002179     0.21   00.22
002180     0.21   00.22
002181     0.21   00.22
002182     0.21   00.22
002183     0.21   00.22
002184     0.21   00.22
002185     0.21   00.22
002186     0.21   00.22
002187     0.21   00.22
002188     0.21   00.22
002189     0.21   00.22
002190     0.21   00.22
002191     0.21   00.22
002192     0.21   00.22
002193     0.21   00.22
002194     0.21   00.22
002195     0.21   00.22
002196     0.21   00.22
002197     0.21   00.22
002198     0.21   00.22
002199     0.21   00.22
002200     0.21   00.22
002201     0.21   00.22
002202     0.21   00.22
002203     0.21   00.22
002204     0.21   00.22
002205     0.21   00.22
002206     0.21   00.22
002207     0.21   00.22
002208     0.21   00.22
002209     0.21   00.22
002210     0.21   00.22
002211     0.21   00.22
002212     0.21   00.22
002213     0.21   00.22
002214     0.21   00.22
002215     0.21   00.22
002216     0.21   00.22
002217     0.21   00.22
002218     0.21   00.22
002219     0.21   00.22
002220     0.21   00.22
002221     0.21   00.22
002222     0.21   00.22
002223     0.21   00.22
002224     0.21   00.22
002225     0.21   00.22
002226     0.21   00.22
002227     0.21   00.22
002228     0.21   00.22
002229     0.21   00.22
002230     0.21   00.22
002231     0.21   00.22
002232     0.21   00.22
002233     0.21   00.22
002234     0.21   00.22
002235     0.21   00.21
002236     0.21   00.21
002237     0.21   00.21
002238     0.21   00.21
002239     0.21   00.21
002240     0.21   00.21
002241     0.21   00.21
002242     0.21   00.21
002243     0.21   00.21
002244     0.21   00.21
002245     0.21   00.21
002246     0.21   00.21
002247     0.21   00.21
002248     0.21   00.21
002249     0.21   00.21
002250     0.21   00.21
002251     0.21   00.21
002252     0.21   00.21
002253     0.21   00.21
002254     0.21   00.21
002255     0.21   00.21
002256     0.21   00.21
002257     0.21   00.21
002258     0.21   00.21
002259     0.21   00.21
002260     0.21   00.21
002261     0.21   00.21
002262     0.21   00.21
002263     0.21   00.21
002264     0.21   00.21
002265     0.21   00.21
002266     0.21   00.21
002267     0.21   00.21
002268     0.21   00.21
002269     0.21   00.21
002270     0.21   00.21
002271     0.21   00.21
002272     0.21   00.21
002273     0.21   00.21
002274     0.21   00.21
002275     0.21   00.21
002276     0.21   00.21
002277     0.21   00.21
002278     0.21   00.21
002279     0.21   00.21
002280     0.20   00.21
002281     0.20   00.21
002282     0.20   00.21
002283     0.20   00.21
002284     0.20   00.21
002285     0.20   00.21
002286     0.20   00.21
002287     0.20   00.21
002288     0.20   00.21
002289     0.20   00.21
002290     0.20   00.21
002291     0.20   00.21
002292     0.20   00.21
002293     0.20   00.21
002294     0.20   00.21
002295     0.20   00.21
002296     0.20   00.21
002297     0.20   00.21
002298     0.20   00.21
002299     0.20   00.21
002300     0.20   00.21
002301     0.20   00.21
002302     0.20   00.21
002303     0.20   00.21
002304     0.20   00.21
002305     0.20   00.21
002306     0.20   00.21
002307     0.20   00.21
002308     0.20   00.21
002309     0.20   00.21
002310     0.20   00.21
002311     0.20   00.21
002312     0.20   00.21
002313     0.20   00.21
002314     0.20   00.21
002315     0.20   00.21
002316     0.20   00.21
002317     0.20   00.21
002318     0.20   00.21
002319     0.20   00.21
002320     0.20   00.21
002321     0.20   00.21
002322     0.20   00.21
002323     0.20   00.21
002324     0.20   00.21
002325     0.20   00.21
002326     0.20   00.21
002327     0.20   00.21
002328     0.20   00.21
002329     0.20   00.21
002330     0.20   00.21
002331     0.20   00.21
002332     0.20   00.21
002333     0.20   00.21
002334     0.20   00.21
002335     0.20   00.20
002336     0.20   00.20
002337     0.20   00.20
002338     0.20   00.20
002339     0.20   00.21
002340     0.20   00.21
002341     0.20   00.20
002342     0.20   00.20
002343     0.20   00.21
002344     0.20   00.21
002345     0.20   00.21
002346     0.20   00.21
002347     0.20   00.21
002348     0.20   00.21
002349     0.20   00.21
002350     0.20   00.21
002351     0.20   00.20
002352     0.20   00.20
002353     0.20   00.21
002354     0.20   00.21
002355     0.20   00.21
002356     0.20   00.21
002357     0.20   00.21
002358     0.20   00.21
002359     0.20   00.21
002360     0.20   00.21
002361     0.20   00.21
002362     0.20   00.21
002363     0.20   00.21
002364     0.20   00.21
002365     0.20   00.21
002366     0.20   00.20
002367     0.20   00.20
002368     0.20   00.20
002369     0.20   00.20
002370     0.20   00.20
002371     0.20   00.21
002372     0.20   00.21
002373     0.20   00.21
002374     0.20   00.21
002375     0.20   00.20
002376     0.20   00.20
002377     0.20   00.20
002378     0.20   00.20
002379     0.20   00.20
002380     0.20   00.20
002381     0.20   00.20
002382     0.20   00.20
002383     0.20   00.20
002384     0.20   00.20
002385     0.20   00.20
002386     0.20   00.20
002387     0.20   00.20
002388     0.20   00.20
002389     0.20   00.21
002390     0.20   00.21
002391     0.20   00.21
002392     0.20   00.21
002393     0.20   00.21
002394     0.20   00.20
002395     0.20   00.20
002396     0.20   00.21
002397     0.20   00.20
002398     0.20   00.20
002399     0.20   00.20
002400     0.20   00.20
002401     0.20   00.20
002402     0.20   00.20
002403     0.20   00.20
002404     0.20   00.20
002405     0.20   00.20
002406     0.20   00.20
002407     0.20   00.20
002408     0.20   00.20
002409     0.20   00.20
002410     0.20   00.20
002411     0.20   00.20
002412     0.20   00.21
002413     0.20   00.21
002414     0.20   00.21
002415     0.20   00.21
002416     0.20   00.21
002417     0.20   00.21
002418     0.20   00.21
002419     0.20   00.21
002420     0.20   00.20
002421     0.20   00.21
002422     0.20   00.21
002423     0.20   00.21
002424     0.20   00.20
002425     0.20   00.20
002426     0.20   00.20
002427     0.20   00.20
002428     0.20   00.20
002429     0.20   00.20
002430     0.20   00.20
002431     0.20   00.20
002432     0.20   00.21
002433     0.20   00.20
002434     0.20   00.21
002435     0.20   00.21
002436     0.20   00.20
002437     0.20   00.20
002438     0.20   00.20
002439     0.20   00.20
002440     0.20   00.20
002441     0.20   00.20
002442     0.20   00.20
002443     0.20   00.20
002444     0.20   00.20
002445     0.20   00.20
002446     0.20   00.20
002447     0.20   00.20
002448     0.20   00.20
002449     0.20   00.20
002450     0.20   00.20
002451     0.20   00.20
002452     0.20   00.20
002453     0.20   00.20
002454     0.20   00.20
002455     0.20   00.21
002456     0.20   00.21
002457     0.20   00.21
002458     0.20   00.20
002459     0.20   00.20
002460     0.20   00.20
002461     0.20   00.20
002462     0.20   00.20
002463     0.20   00.20
002464     0.20   00.20
002465     0.20   00.21
002466     0.20   00.20
002467     0.20   00.20
002468     0.20   00.20
002469     0.20   00.20
002470     0.20   00.20
002471     0.20   00.20
002472     0.20   00.20
002473     0.20   00.20
002474     0.20   00.20
002475     0.20   00.20
002476     0.20   00.20
002477     0.20   00.20
002478     0.20   00.20
002479     0.20   00.20
002480     0.20   00.20
002481     0.20   00.20
002482     0.20   00.20
002483     0.20   00.20
002484     0.20   00.20
002485     0.20   00.20
002486     0.20   00.20
002487     0.20   00.20
002488     0.20   00.20
002489     0.20   00.20
002490     0.20   00.20
002491     0.20   00.20
002492     0.20   00.20
002493     0.20   00.20
002494     0.20   00.20
002495     0.20   00.20
002496     0.20   00.20
002497     0.20   00.20
002498     0.20   00.20
002499     0.20   00.20
002500     0.20   00.20
002501     0.20   00.20
002502     0.20   00.20
002503     0.20   00.20
002504     0.20   00.20
002505     0.20   00.20
002506     0.20   00.20
002507     0.20   00.20
002508     0.19   00.20
002509     0.19   00.20
002510     0.19   00.20
002511     0.19   00.20
002512     0.19   00.20
002513     0.19   00.20
002514     0.19   00.20
002515     0.19   00.20
002516     0.19   00.20
002517     0.19   00.20
002518     0.19   00.20
002519     0.19   00.20
002520     0.19   00.20
002521     0.19   00.20
002522     0.19   00.20
002523     0.19   00.20
002524     0.19   00.20
002525     0.19   00.20
002526     0.19   00.20
002527     0.19   00.20
002528     0.19   00.20
002529     0.19   00.20
002530     0.19   00.20
002531     0.19   00.20
002532     0.19   00.20
002533     0.19   00.20
002534     0.19   00.20
002535     0.19   00.20
002536     0.19   00.20
002537     0.19   00.20
002538     0.19   00.20
002539     0.19   00.20
002540     0.19   00.20
002541     0.19   00.20
002542     0.19   00.20
002543     0.19   00.20
002544     0.19   00.20
002545     0.19   00.20
002546     0.19   00.20
002547     0.19   00.20
002548     0.19   00.20
002549     0.19   00.20
002550     0.19   00.20
002551     0.19   00.20
002552     0.19   00.20
002553     0.19   00.20
002554     0.19   00.20
002555     0.19   00.20
002556     0.19   00.20
002557     0.19   00.20
002558     0.19   00.20
002559     0.19   00.20
002560     0.19   00.20
002561     0.19   00.20
002562     0.19   00.20
002563     0.19   00.20
002564     0.19   00.20
002565     0.19   00.20
002566     0.19   00.20
002567     0.19   00.20
002568     0.19   00.20
002569     0.19   00.20
002570     0.19   00.20
002571     0.19   00.20
002572     0.19   00.20
002573     0.19   00.20
002574     0.19   00.20
002575     0.19   00.20
002576     0.19   00.20
002577     0.19   00.20
002578     0.19   00.20
002579     0.19   00.20
002580     0.19   00.20
002581     0.19   00.20
002582     0.19   00.20
002583     0.19   00.20
002584     0.19   00.20
002585     0.19   00.20
002586     0.19   00.20
002587     0.19   00.20
002588     0.19   00.20
002589     0.19   00.20
002590     0.19   00.20
002591     0.19   00.20
002592     0.19   00.20
002593     0.19   00.20
002594     0.19   00.20
002595     0.19   00.20
002596     0.19   00.20
002597     0.19   00.20
002598     0.19   00.20
002599     0.19   00.20
002600     0.19   00.20
002601     0.19   00.20
002602     0.19   00.20
002603     0.19   00.20
002604     0.19   00.19
002605     0.19   00.19
002606     0.19   00.19
002607     0.19   00.20
002608     0.19   00.20
002609     0.19   00.19
002610     0.19   00.19
002611     0.19   00.19
002612     0.19   00.19
002613     0.19   00.19
002614     0.19   00.19
002615     0.19   00.19
002616     0.19   00.19
002617     0.19   00.19
002618     0.19   00.19
002619     0.19   00.19
002620     0.19   00.19
002621     0.19   00.19
002622     0.19   00.19
002623     0.19   00.19
002624     0.19   00.19
002625     0.19   00.19
002626     0.19   00.19
002627     0.19   00.19
002628     0.19   00.19
002629     0.19   00.19
002630     0.19   00.19
002631     0.19   00.19
002632     0.19   00.19
002633     0.19   00.19
002634     0.19   00.19
002635     0.19   00.19
002636     0.19   00.19
002637     0.19   00.19
002638     0.19   00.19
002639     0.19   00.19
002640     0.19   00.19
002641     0.19   00.19
002642     0.19   00.19
002643     0.19   00.19
002644     0.19   00.19
002645     0.19   00.19
002646     0.19   00.19
002647     0.19   00.19
002648     0.19   00.19
002649     0.19   00.19
002650     0.19   00.19
002651     0.19   00.19
002652     0.19   00.19
002653     0.19   00.19
002654     0.19   00.19
002655     0.19   00.19
002656     0.19   00.19
002657     0.19   00.19
002658     0.19   00.19
002659     0.19   00.19
002660     0.19   00.19
002661     0.19   00.19
002662     0.19   00.19
002663     0.19   00.19
002664     0.19   00.19
002665     0.19   00.19
002666     0.19   00.19
002667     0.19   00.19
002668     0.19   00.19
002669     0.19   00.19
002670     0.19   00.19
002671     0.19   00.19
002672     0.19   00.19
002673     0.19   00.19
002674     0.19   00.19
002675     0.19   00.19
002676     0.19   00.19
002677     0.19   00.19
002678     0.19   00.19
002679     0.19   00.19
002680     0.19   00.19
002681     0.19   00.19
002682     0.19   00.19
002683     0.19   00.19
002684     0.19   00.19
002685     0.19   00.19
002686     0.19   00.19
002687     0.19   00.19
002688     0.19   00.19
002689     0.19   00.19
002690     0.19   00.19
002691     0.19   00.19
002692     0.19   00.19
002693     0.19   00.19
002694     0.19   00.19
002695     0.19   00.19
002696     0.19   00.19
002697     0.19   00.19
002698     0.19   00.19
002699     0.19   00.19
002700     0.19   00.19
002701     0.19   00.19
002702     0.18   00.19
002703     0.18   00.19
002704     0.18   00.19
002705     0.18   00.19
002706     0.18   00.19
002707     0.18   00.19
002708     0.18   00.19
002709     0.18   00.19
002710     0.18   00.19
002711     0.18   00.19
002712     0.18   00.19
002713     0.18   00.19
002714     0.18   00.19
002715     0.18   00.19
002716     0.18   00.19
002717     0.18   00.19
002718     0.18   00.19
002719     0.18   00.19
002720     0.18   00.19
002721     0.18   00.19
002722     0.18   00.19
002723     0.18   00.19
002724     0.18   00.19
002725     0.18   00.19
002726     0.18   00.19
002727     0.18   00.19
002728     0.18   00.19
002729     0.18   00.19
002730     0.18   00.19
002731     0.18   00.19
002732     0.18   00.19
002733     0.18   00.19
002734     0.18   00.19
002735     0.18   00.19
002736     0.18   00.19
002737     0.18   00.19
002738     0.18   00.19
002739     0.18   00.19
002740     0.18   00.19
002741     0.18   00.19
002742     0.18   00.19
002743     0.18   00.19
002744     0.18   00.19
002745     0.18   00.19
002746     0.18   00.19
002747     0.18   00.19
002748     0.18   00.19
002749     0.18   00.19
002750     0.18   00.19
002751     0.18   00.19
002752     0.18   00.19
002753     0.18   00.19
002754     0.18   00.19
002755     0.18   00.19
002756     0.18   00.19
002757     0.18   00.19
002758     0.18   00.19
002759     0.18   00.19
002760     0.18   00.19
002761     0.18   00.19
002762     0.18   00.19
002763     0.18   00.19
002764     0.18   00.19
002765     0.18   00.19
002766     0.18   00.19
002767     0.18   00.19
002768     0.18   00.19
002769     0.18   00.19
002770     0.18   00.19
002771     0.18   00.19
002772     0.18   00.19
002773     0.18   00.19
002774     0.18   00.19
002775     0.18   00.19
002776     0.18   00.19
002777     0.18   00.19
002778     0.18   00.19
002779     0.18   00.19
002780     0.18   00.19
002781     0.18   00.19
002782     0.18   00.19
002783     0.18   00.19
002784     0.18   00.19
002785     0.18   00.19
002786     0.18   00.19
002787     0.18   00.19
002788     0.18   00.19
002789     0.18   00.19
002790     0.18   00.19
002791     0.18   00.19
002792     0.18   00.19
002793     0.18   00.19
002794     0.18   00.19
002795     0.18   00.19
002796     0.18   00.19
002797     0.18   00.19
002798     0.18   00.19
002799     0.18   00.19
002800     0.18   00.19
002801     0.18   00.19
002802     0.18   00.19
002803     0.18   00.19
002804     0.18   00.19
002805     0.18   00.19
002806     0.18   00.19
002807     0.18   00.19
002808     0.18   00.19
002809     0.18   00.19
002810     0.18   00.19
002811     0.18   00.19
002812     0.18   00.19
002813     0.18   00.19
002814     0.18   00.19
002815     0.18   00.19
002816     0.18   00.19
002817     0.18   00.19
002818     0.18   00.19
002819     0.18   00.19
002820     0.18   00.19
002821     0.18   00.19
002822     0.18   00.19
002823     0.18   00.19
002824     0.18   00.19
002825     0.18   00.19
002826     0.18   00.19
002827     0.18   00.19
002828     0.18   00.19
002829     0.18   00.19
002830     0.18   00.19
002831     0.18   00.19
002832     0.18   00.19
002833     0.18   00.19
002834     0.18   00.19
002835     0.18   00.19
002836     0.18   00.19
002837     0.18   00.19
002838     0.18   00.19
002839     0.18   00.19
002840     0.18   00.19
002841     0.18   00.19
002842     0.18   00.19
002843     0.18   00.19
002844     0.18   00.19
002845     0.18   00.19
002846     0.18   00.19
002847     0.18   00.19
002848     0.18   00.19
002849     0.18   00.19
002850     0.18   00.19
002851     0.18   00.19
002852     0.18   00.19
002853     0.18   00.19
002854     0.18   00.19
002855     0.18   00.19
002856     0.18   00.19
002857     0.18   00.19
002858     0.18   00.19
002859     0.18   00.19
002860     0.18   00.19
002861     0.18   00.19
002862     0.18   00.19
002863     0.18   00.19
002864     0.18   00.19
002865     0.18   00.19
002866     0.18   00.19
002867     0.18   00.19
002868     0.18   00.19
002869     0.18   00.19
002870     0.18   00.19
002871     0.18   00.19
002872     0.18   00.19
002873     0.18   00.19
002874     0.18   00.19
002875     0.18   00.19
002876     0.18   00.19
002877     0.18   00.19
002878     0.18   00.19
002879     0.18   00.19
002880     0.18   00.19
002881     0.18   00.19
002882     0.18   00.19
002883     0.18   00.19
002884     0.18   00.19
002885     0.18   00.19
002886     0.18   00.19
002887     0.18   00.19
002888     0.18   00.19
002889     0.18   00.19
002890     0.18   00.19
002891     0.18   00.19
002892     0.18   00.19
002893     0.18   00.19
002894     0.18   00.19
002895     0.18   00.19
002896     0.18   00.19
002897     0.18   00.19
002898     0.18   00.19
002899     0.18   00.19
002900     0.18   00.19
002901     0.18   00.19
002902     0.18   00.19
002903     0.18   00.19
002904     0.18   00.19
002905     0.18   00.19
002906     0.18   00.19
002907     0.18   00.19
002908     0.18   00.19
002909     0.18   00.19
002910     0.18   00.19
002911     0.18   00.19
002912     0.18   00.19
002913     0.18   00.19
002914     0.18   00.19
002915     0.18   00.19
002916     0.18   00.19
002917     0.18   00.19
002918     0.18   00.19
002919     0.18   00.19
002920     0.18   00.19
002921     0.18   00.19
002922     0.18   00.19
002923     0.18   00.19
002924     0.18   00.19
002925     0.18   00.19
002926     0.18   00.19
002927     0.18   00.19
002928     0.18   00.19
002929     0.18   00.19
002930     0.18   00.19
002931     0.18   00.19
002932     0.18   00.19
002933     0.18   00.19
002934     0.18   00.19
002935     0.18   00.19
002936     0.18   00.19
002937     0.18   00.19
002938     0.18   00.19
002939     0.18   00.19
002940     0.18   00.19
002941     0.18   00.19
002942     0.18   00.19
002943     0.18   00.19
002944     0.18   00.19
002945     0.18   00.19
002946     0.18   00.19
002947     0.18   00.19
002948     0.18   00.19
002949     0.18   00.19
002950     0.18   00.19
002951     0.18   00.19
002952     0.18   00.19
002953     0.18   00.19
002954     0.18   00.19
002955     0.18   00.19
002956     0.18   00.19
002957     0.18   00.19
002958     0.18   00.19
002959     0.18   00.19
002960     0.18   00.19
002961     0.18   00.19
002962     0.18   00.19
002963     0.18   00.19
002964     0.18   00.19
002965     0.18   00.19
002966     0.18   00.19
002967     0.18   00.19
002968     0.18   00.19
002969     0.18   00.19
002970     0.18   00.19
002971     0.18   00.19
002972     0.18   00.19
002973     0.18   00.19
002974     0.18   00.19
002975     0.18   00.19
002976     0.18   00.19
002977     0.18   00.19
002978     0.18   00.19
002979     0.18   00.19
002980     0.18   00.19
002981     0.18   00.19
002982     0.18   00.19
002983     0.18   00.19
002984     0.18   00.19
002985     0.18   00.19
002986     0.18   00.19
002987     0.18   00.19
002988     0.18   00.19
002989     0.18   00.19
002990     0.18   00.19
002991     0.18   00.19
002992     0.18   00.19
002993     0.18   00.19
002994     0.18   00.19
002995     0.18   00.19
002996     0.18   00.19
002997     0.18   00.19
002998     0.18   00.19
002999     0.18   00.19
003000     0.18   00.19
003001     0.18   00.19
