000001     48.12   48.75
000002     48.11   48.71
000003     47.97   48.57
000004     47.86   48.52
000005     47.86   48.49
000006     47.82   48.40
000007     47.82   48.28
000008     47.68   48.18
000009     47.52   48.07
000010     47.48   47.98
000011     47.48   47.91
000012     47.48   47.86
000013     47.28   47.79
000014     47.28   47.72
000015     47.28   47.64
000016     47.16   47.61
000017     47.16   47.50
000018     47.05   47.43
000019     47.04   47.35
000020     46.97   47.30
000021     46.95   47.25
000022     46.89   47.20
000023     46.79   47.12
000024     46.79   47.11
000025     46.74   47.08
000026     46.74   47.03
000027     46.72   46.97
000028     46.72   46.94
000029     46.67   46.91
000030     46.60   46.86
000031     46.60   46.82
000032     46.57   46.77
000033     46.55   46.73
000034     46.51   46.72
000035     46.51   46.69
000036     46.45   46.63
000037     46.40   46.60
000038     46.37   46.56
000039     46.36   46.52
000040     46.36   46.48
000041     46.35   46.47
000042     46.31   46.45
000043     46.31   46.44
000044     46.30   46.41
000045     46.28   46.39
000046     46.23   46.37
000047     46.23   46.35
000048     46.21   46.34
000049     46.18   46.30
000050     46.18   46.29
000051     46.17   46.27
000052     46.12   46.25
000053     46.12   46.24
000054     46.12   46.23
000055     46.12   46.21
000056     46.12   46.20
000057     46.10   46.18
000058     46.08   46.16
000059     46.08   46.16
000060     46.08   46.14
000061     46.06   46.13
000062     46.06   46.12
000063     46.06   46.11
000064     46.04   46.10
000065     46.02   46.09
000066     46.02   46.08
000067     46.01   46.07
000068     46.01   46.06
000069     46.01   46.06
000070     46.00   46.05
000071     46.00   46.04
000072     45.98   46.03
000073     45.97   46.03
000074     45.97   46.02
000075     45.97   46.01
000076     45.97   46.00
000077     45.96   46.00
000078     45.95   45.99
000079     45.94   45.99
000080     45.94   45.98
000081     45.94   45.97
000082     45.94   45.97
000083     45.94   45.97
000084     45.94   45.96
000085     45.94   45.96
000086     45.93   45.95
000087     45.93   45.95
000088     45.93   45.95
000089     45.92   45.95
000090     45.92   45.94
000091     45.91   45.94
000092     45.91   45.94
000093     45.90   45.93
000094     45.89   45.93
000095     45.89   45.92
000096     45.89   45.92
000097     45.89   45.91
000098     45.89   45.91
000099     45.89   45.91
000100     45.88   45.91
000101     45.88   45.90
000102     45.88   45.90
000103     45.88   45.90
000104     45.87   45.90
000105     45.87   45.89
000106     45.87   45.89
000107     45.86   45.88
000108     45.86   45.88
000109     45.86   45.88
000110     45.85   45.88
000111     45.85   45.87
000112     45.85   45.87
000113     45.85   45.87
000114     45.84   45.86
000115     45.84   45.86
000116     45.84   45.86
000117     45.84   45.85
000118     45.83   45.85
000119     45.83   45.85
000120     45.83   45.84
000121     45.83   45.84
000122     45.82   45.84
000123     45.82   45.83
000124     45.82   45.83
000125     45.81   45.83
000126     45.81   45.83
000127     45.81   45.82
000128     45.80   45.82
000129     45.80   45.82
000130     45.80   45.82
000131     45.80   45.82
000132     45.79   45.81
000133     45.79   45.81
000134     45.78   45.80
000135     45.78   45.80
000136     45.78   45.80
000137     45.78   45.80
000138     45.78   45.79
000139     45.77   45.79
000140     45.77   45.79
000141     45.77   45.78
000142     45.76   45.78
000143     45.76   45.78
000144     45.76   45.78
000145     45.76   45.78
000146     45.75   45.77
000147     45.75   45.77
000148     45.75   45.77
000149     45.75   45.76
000150     45.75   45.76
000151     45.74   45.76
000152     45.74   45.76
000153     45.74   45.75
000154     45.74   45.75
000155     45.74   45.75
000156     45.73   45.75
000157     45.73   45.75
000158     45.73   45.74
000159     45.72   45.74
000160     45.72   45.74
000161     45.72   45.74
000162     45.72   45.73
000163     45.72   45.73
000164     45.72   45.73
000165     45.71   45.73
000166     45.71   45.72
000167     45.71   45.72
000168     45.70   45.72
000169     45.70   45.72
000170     45.70   45.72
000171     45.70   45.71
000172     45.70   45.71
000173     45.70   45.71
000174     45.69   45.71
000175     45.69   45.70
000176     45.69   45.70
000177     45.69   45.70
000178     45.69   45.70
000179     45.68   45.70
000180     45.68   45.69
000181     45.68   45.69
000182     45.67   45.69
000183     45.67   45.69
000184     45.67   45.69
000185     45.67   45.68
000186     45.67   45.68
000187     45.67   45.68
000188     45.66   45.68
000189     45.66   45.68
000190     45.66   45.67
000191     45.66   45.67
000192     45.66   45.67
000193     45.66   45.67
000194     45.65   45.67
000195     45.65   45.66
000196     45.65   45.66
000197     45.65   45.66
000198     45.65   45.66
000199     45.65   45.66
000200     45.64   45.66
000201     45.64   45.65
000202     45.64   45.65
000203     45.64   45.65
000204     45.64   45.65
000205     45.64   45.65
000206     45.64   45.65
000207     45.63   45.65
000208     45.63   45.64
000209     45.63   45.64
000210     45.63   45.64
000211     45.63   45.64
000212     45.63   45.64
000213     45.63   45.64
000214     45.62   45.64
000215     45.62   45.63
000216     45.62   45.63
000217     45.62   45.63
000218     45.62   45.63
000219     45.62   45.63
000220     45.62   45.63
000221     45.61   45.62
000222     45.61   45.62
000223     45.61   45.62
000224     45.61   45.62
000225     45.61   45.62
000226     45.60   45.61
000227     45.60   45.61
000228     45.60   45.61
000229     45.60   45.61
000230     45.60   45.61
000231     45.60   45.61
000232     45.60   45.61
000233     45.60   45.60
000234     45.60   45.60
000235     45.59   45.60
000236     45.59   45.60
000237     45.59   45.60
000238     45.59   45.60
000239     45.59   45.60
000240     45.59   45.60
000241     45.59   45.60
000242     45.59   45.60
000243     45.59   45.59
000244     45.58   45.59
000245     45.58   45.59
000246     45.58   45.59
000247     45.58   45.59
000248     45.58   45.59
000249     45.58   45.59
000250     45.58   45.59
000251     45.58   45.58
000252     45.58   45.58
000253     45.58   45.58
000254     45.57   45.58
000255     45.57   45.58
000256     45.57   45.58
000257     45.57   45.58
000258     45.57   45.58
000259     45.57   45.58
000260     45.57   45.58
000261     45.56   45.58
000262     45.56   45.57
000263     45.56   45.57
000264     45.56   45.57
000265     45.56   45.57
000266     45.56   45.57
000267     45.56   45.57
000268     45.56   45.57
000269     45.56   45.57
000270     45.56   45.56
000271     45.56   45.56
000272     45.55   45.56
000273     45.55   45.56
000274     45.55   45.56
000275     45.55   45.56
000276     45.55   45.56
000277     45.55   45.56
000278     45.55   45.56
000279     45.55   45.56
000280     45.55   45.55
000281     45.55   45.55
000282     45.54   45.55
000283     45.54   45.55
000284     45.54   45.55
000285     45.54   45.55
000286     45.54   45.55
000287     45.54   45.55
000288     45.54   45.55
000289     45.54   45.55
000290     45.54   45.54
000291     45.54   45.54
000292     45.54   45.54
000293     45.54   45.54
000294     45.53   45.54
000295     45.53   45.54
000296     45.53   45.54
000297     45.53   45.54
000298     45.53   45.54
000299     45.53   45.54
000300     45.53   45.54
000301     45.53   45.54
000302     45.53   45.54
000303     45.53   45.53
000304     45.53   45.53
000305     45.53   45.53
000306     45.53   45.53
000307     45.53   45.53
000308     45.52   45.53
000309     45.52   45.53
000310     45.52   45.53
000311     45.52   45.53
000312     45.52   45.53
000313     45.52   45.53
000314     45.52   45.52
000315     45.52   45.52
000316     45.52   45.52
000317     45.51   45.52
000318     45.51   45.52
000319     45.51   45.52
000320     45.51   45.52
000321     45.51   45.52
000322     45.51   45.52
000323     45.51   45.51
000324     45.51   45.51
000325     45.51   45.51
000326     45.51   45.51
000327     45.51   45.51
000328     45.51   45.51
000329     45.51   45.51
000330     45.50   45.51
000331     45.50   45.51
000332     45.50   45.51
000333     45.50   45.51
000334     45.50   45.51
000335     45.50   45.51
000336     45.50   45.50
000337     45.50   45.50
000338     45.50   45.50
000339     45.49   45.50
000340     45.49   45.50
000341     45.49   45.50
000342     45.49   45.50
000343     45.49   45.50
000344     45.49   45.50
000345     45.49   45.50
000346     45.49   45.50
000347     45.49   45.50
000348     45.49   45.49
000349     45.49   45.49
000350     45.49   45.49
000351     45.49   45.49
000352     45.49   45.49
000353     45.48   45.49
000354     45.48   45.49
000355     45.48   45.49
000356     45.48   45.49
000357     45.48   45.49
000358     45.48   45.49
000359     45.48   45.49
000360     45.48   45.48
000361     45.48   45.48
000362     45.48   45.48
000363     45.48   45.48
000364     45.48   45.48
000365     45.48   45.48
000366     45.48   45.48
000367     45.48   45.48
000368     45.47   45.48
000369     45.47   45.48
000370     45.47   45.48
000371     45.47   45.48
000372     45.47   45.48
000373     45.47   45.48
000374     45.47   45.47
000375     45.47   45.47
000376     45.47   45.47
000377     45.47   45.47
000378     45.47   45.47
000379     45.47   45.47
000380     45.46   45.47
000381     45.46   45.47
000382     45.46   45.47
000383     45.46   45.47
000384     45.46   45.47
000385     45.46   45.47
000386     45.46   45.47
000387     45.46   45.46
000388     45.46   45.46
000389     45.46   45.46
000390     45.46   45.46
000391     45.46   45.46
000392     45.45   45.46
000393     45.45   45.46
000394     45.45   45.46
000395     45.45   45.46
000396     45.45   45.46
000397     45.45   45.46
000398     45.45   45.46
000399     45.45   45.46
000400     45.45   45.45
000401     45.45   45.45
000402     45.44   45.45
000403     45.44   45.45
000404     45.44   45.45
000405     45.44   45.45
000406     45.44   45.45
000407     45.44   45.45
000408     45.44   45.45
000409     45.44   45.45
000410     45.44   45.45
000411     45.44   45.45
000412     45.44   45.44
000413     45.44   45.44
000414     45.44   45.44
000415     45.44   45.44
000416     45.43   45.44
000417     45.43   45.44
000418     45.43   45.44
000419     45.43   45.44
000420     45.43   45.44
000421     45.43   45.44
000422     45.43   45.44
000423     45.43   45.43
000424     45.43   45.43
000425     45.42   45.43
000426     45.42   45.43
000427     45.42   45.43
000428     45.42   45.43
000429     45.42   45.43
000430     45.42   45.43
000431     45.42   45.43
000432     45.42   45.42
000433     45.42   45.42
000434     45.42   45.42
000435     45.42   45.42
000436     45.41   45.42
000437     45.41   45.42
000438     45.41   45.42
000439     45.41   45.42
000440     45.41   45.42
000441     45.41   45.41
000442     45.41   45.41
000443     45.41   45.41
000444     45.40   45.41
000445     45.40   45.41
000446     45.40   45.41
000447     45.40   45.41
000448     45.40   45.41
000449     45.40   45.41
000450     45.40   45.41
000451     45.40   45.40
000452     45.40   45.40
000453     45.39   45.40
000454     45.39   45.40
000455     45.39   45.40
000456     45.39   45.40
000457     45.39   45.40
000458     45.39   45.40
000459     45.39   45.40
000460     45.39   45.40
000461     45.39   45.39
000462     45.39   45.39
000463     45.38   45.39
000464     45.38   45.39
000465     45.38   45.39
000466     45.38   45.39
000467     45.38   45.39
000468     45.38   45.39
000469     45.38   45.38
000470     45.37   45.38
000471     45.37   45.38
000472     45.37   45.38
000473     45.37   45.38
000474     45.36   45.38
000475     45.36   45.38
000476     45.36   45.37
000477     45.36   45.37
000478     45.36   45.37
000479     45.36   45.37
000480     45.36   45.37
000481     45.36   45.37
000482     45.35   45.37
000483     45.35   45.37
000484     45.35   45.36
000485     45.35   45.36
000486     45.35   45.36
000487     45.35   45.36
000488     45.35   45.36
000489     45.35   45.36
000490     45.35   45.35
000491     45.34   45.35
000492     45.34   45.35
000493     45.34   45.35
000494     45.34   45.35
000495     45.34   45.35
000496     45.34   45.35
000497     45.34   45.34
000498     45.34   45.34
000499     45.33   45.34
000500     45.33   45.34
000501     45.33   45.34
000502     45.33   45.34
000503     45.32   45.34
000504     45.32   45.33
000505     45.32   45.33
000506     45.32   45.33
000507     45.32   45.33
000508     45.32   45.33
000509     45.32   45.33
000510     45.32   45.33
000511     45.31   45.32
000512     45.31   45.32
000513     45.31   45.32
000514     45.31   45.32
000515     45.31   45.32
000516     45.30   45.31
000517     45.30   45.31
000518     45.30   45.31
000519     45.30   45.31
000520     45.30   45.31
000521     45.29   45.31
000522     45.29   45.30
000523     45.29   45.30
000524     45.29   45.30
000525     45.29   45.30
000526     45.28   45.29
000527     45.28   45.29
000528     45.28   45.29
000529     45.28   45.29
000530     45.27   45.29
000531     45.27   45.29
000532     45.27   45.28
000533     45.27   45.28
000534     45.26   45.28
000535     45.26   45.28
000536     45.26   45.27
000537     45.26   45.27
000538     45.26   45.27
000539     45.26   45.27
000540     45.25   45.26
000541     45.25   45.26
000542     45.25   45.26
000543     45.24   45.26
000544     45.24   45.26
000545     45.24   45.26
000546     45.24   45.25
000547     45.24   45.25
000548     45.23   45.25
000549     45.23   45.25
000550     45.22   45.24
000551     45.22   45.24
000552     45.22   45.24
000553     45.22   45.24
000554     45.22   45.23
000555     45.22   45.23
000556     45.21   45.23
000557     45.21   45.23
000558     45.21   45.23
000559     45.21   45.23
000560     45.21   45.22
000561     45.20   45.22
000562     45.20   45.22
000563     45.20   45.21
000564     45.20   45.21
000565     45.20   45.21
000566     45.19   45.21
000567     45.19   45.20
000568     45.18   45.20
000569     45.18   45.20
000570     45.18   45.20
000571     45.18   45.20
000572     45.17   45.19
000573     45.17   45.19
000574     45.17   45.19
000575     45.17   45.19
000576     45.17   45.18
000577     45.17   45.18
000578     45.17   45.18
000579     45.16   45.17
000580     45.16   45.17
000581     45.16   45.17
000582     45.15   45.17
000583     45.15   45.17
000584     45.15   45.16
000585     45.15   45.16
000586     45.14   45.16
000587     45.14   45.16
000588     45.14   45.15
000589     45.14   45.15
000590     45.14   45.15
000591     45.13   45.15
000592     45.12   45.14
000593     45.12   45.14
000594     45.12   45.14
000595     45.12   45.14
000596     45.11   45.13
000597     45.11   45.13
000598     45.11   45.13
000599     45.11   45.13
000600     45.11   45.12
000601     45.11   45.12
000602     45.10   45.12
000603     45.10   45.12
000604     45.09   45.11
000605     45.09   45.11
000606     45.09   45.11
000607     45.09   45.10
000608     45.09   45.10
000609     45.08   45.10
000610     45.08   45.10
000611     45.08   45.10
000612     45.07   45.09
000613     45.07   45.09
000614     45.07   45.09
000615     45.07   45.09
000616     45.06   45.08
000617     45.06   45.08
000618     45.06   45.08
000619     45.06   45.07
000620     45.05   45.07
000621     45.05   45.07
000622     45.05   45.07
000623     45.05   45.06
000624     45.05   45.06
000625     45.04   45.06
000626     45.04   45.06
000627     45.03   45.05
000628     45.03   45.05
000629     45.03   45.05
000630     45.02   45.05
000631     45.02   45.04
000632     45.02   45.04
000633     45.01   45.04
000634     45.01   45.03
000635     45.01   45.03
000636     45.01   45.03
000637     45.00   45.02
000638     45.00   45.02
000639     45.00   45.02
000640     45.00   45.02
000641     44.99   45.01
000642     44.99   45.01
000643     44.99   45.01
000644     44.99   45.01
000645     44.99   45.00
000646     44.98   45.00
000647     44.97   45.00
000648     44.97   44.99
000649     44.97   44.99
000650     44.97   44.99
000651     44.96   44.98
000652     44.96   44.98
000653     44.96   44.98
000654     44.95   44.97
000655     44.95   44.97
000656     44.94   44.97
000657     44.94   44.96
000658     44.94   44.96
000659     44.94   44.96
000660     44.93   44.96
000661     44.93   44.95
000662     44.92   44.95
000663     44.92   44.94
000664     44.91   44.94
000665     44.91   44.94
000666     44.91   44.93
000667     44.91   44.93
000668     44.90   44.92
000669     44.90   44.92
000670     44.90   44.92
000671     44.90   44.91
000672     44.88   44.91
000673     44.88   44.91
000674     44.88   44.90
000675     44.88   44.90
000676     44.88   44.90
000677     44.87   44.89
000678     44.87   44.89
000679     44.87   44.89
000680     44.87   44.89
000681     44.86   44.88
000682     44.85   44.88
000683     44.85   44.88
000684     44.85   44.87
000685     44.84   44.87
000686     44.84   44.87
000687     44.84   44.86
000688     44.84   44.86
000689     44.83   44.86
000690     44.83   44.86
000691     44.83   44.85
000692     44.83   44.85
000693     44.82   44.85
000694     44.82   44.84
000695     44.82   44.84
000696     44.81   44.83
000697     44.81   44.83
000698     44.80   44.83
000699     44.80   44.82
000700     44.79   44.82
000701     44.78   44.82
000702     44.77   44.81
000703     44.77   44.80
000704     44.77   44.80
000705     44.76   44.79
000706     44.76   44.79
000707     44.76   44.78
000708     44.75   44.78
000709     44.75   44.78
000710     44.75   44.77
000711     44.73   44.77
000712     44.73   44.77
000713     44.71   44.76
000714     44.71   44.76
000715     44.71   44.76
000716     44.71   44.75
000717     44.71   44.75
000718     44.71   44.75
000719     44.71   44.74
000720     44.71   44.74
000721     44.71   44.73
000722     44.70   44.73
000723     44.70   44.73
000724     44.69   44.73
000725     44.69   44.72
000726     44.69   44.72
000727     44.68   44.71
000728     44.67   44.71
000729     44.67   44.70
000730     44.67   44.70
000731     44.67   44.69
000732     44.66   44.69
000733     44.66   44.68
000734     44.65   44.68
000735     44.65   44.68
000736     44.63   44.67
000737     44.63   44.66
000738     44.62   44.66
000739     44.62   44.65
000740     44.62   44.65
000741     44.62   44.65
000742     44.61   44.64
000743     44.61   44.64
000744     44.61   44.63
000745     44.60   44.63
000746     44.60   44.63
000747     44.60   44.62
000748     44.59   44.62
000749     44.58   44.62
000750     44.57   44.61
000751     44.57   44.61
000752     44.57   44.61
000753     44.57   44.60
000754     44.56   44.60
000755     44.56   44.60
000756     44.56   44.59
000757     44.55   44.58
000758     44.55   44.58
000759     44.53   44.57
000760     44.53   44.57
000761     44.53   44.57
000762     44.53   44.56
000763     44.53   44.56
000764     44.53   44.56
000765     44.52   44.55
000766     44.52   44.55
000767     44.52   44.55
000768     44.52   44.54
000769     44.52   44.54
000770     44.51   44.53
000771     44.50   44.53
000772     44.50   44.53
000773     44.50   44.53
000774     44.50   44.52
000775     44.49   44.52
000776     44.48   44.52
000777     44.48   44.51
000778     44.48   44.51
000779     44.48   44.50
000780     44.47   44.50
000781     44.47   44.49
000782     44.46   44.49
000783     44.45   44.48
000784     44.45   44.48
000785     44.45   44.48
000786     44.44   44.47
000787     44.43   44.47
000788     44.43   44.47
000789     44.43   44.46
000790     44.43   44.46
000791     44.43   44.46
000792     44.42   44.45
000793     44.42   44.45
000794     44.42   44.45
000795     44.42   44.44
000796     44.42   44.44
000797     44.41   44.44
000798     44.41   44.43
000799     44.40   44.43
000800     44.40   44.43
000801     44.40   44.43
000802     44.39   44.42
000803     44.39   44.42
000804     44.39   44.41
000805     44.38   44.41
000806     44.38   44.40
000807     44.37   44.40
000808     44.36   44.40
000809     44.35   44.39
000810     44.35   44.39
000811     44.35   44.38
000812     44.35   44.38
000813     44.33   44.37
000814     44.33   44.37
000815     44.33   44.36
000816     44.32   44.36
000817     44.32   44.36
000818     44.32   44.35
000819     44.31   44.34
000820     44.31   44.34
000821     44.30   44.33
000822     44.30   44.33
000823     44.30   44.33
000824     44.29   44.32
000825     44.29   44.32
000826     44.28   44.31
000827     44.28   44.31
000828     44.28   44.31
000829     44.27   44.30
000830     44.27   44.30
000831     44.27   44.30
000832     44.26   44.29
000833     44.26   44.29
000834     44.25   44.28
000835     44.25   44.28
000836     44.24   44.27
000837     44.24   44.27
000838     44.24   44.26
000839     44.24   44.26
000840     44.23   44.26
000841     44.23   44.25
000842     44.22   44.25
000843     44.22   44.25
000844     44.21   44.24
000845     44.21   44.24
000846     44.21   44.24
000847     44.21   44.23
000848     44.20   44.23
000849     44.19   44.23
000850     44.19   44.22
000851     44.19   44.22
000852     44.18   44.21
000853     44.18   44.21
000854     44.17   44.20
000855     44.17   44.20
000856     44.17   44.19
000857     44.16   44.19
000858     44.15   44.19
000859     44.15   44.18
000860     44.14   44.18
000861     44.14   44.17
000862     44.14   44.17
000863     44.14   44.17
000864     44.14   44.16
000865     44.13   44.16
000866     44.13   44.16
000867     44.13   44.16
000868     44.13   44.15
000869     44.12   44.15
000870     44.12   44.14
000871     44.12   44.14
000872     44.11   44.14
000873     44.10   44.13
000874     44.09   44.13
000875     44.09   44.13
000876     44.09   44.12
000877     44.08   44.11
000878     44.07   44.11
000879     44.07   44.11
000880     44.07   44.10
000881     44.07   44.10
000882     44.07   44.10
000883     44.06   44.10
000884     44.06   44.09
000885     44.06   44.09
000886     44.05   44.09
000887     44.05   44.08
000888     44.04   44.08
000889     44.04   44.07
000890     44.03   44.07
000891     44.03   44.06
000892     44.02   44.06
000893     44.02   44.06
000894     44.02   44.05
000895     44.00   44.05
000896     44.00   44.04
000897     44.00   44.04
000898     44.00   44.03
000899     44.00   44.03
000900     44.00   44.03
000901     43.99   44.03
000902     43.99   44.02
000903     43.98   44.02
000904     43.98   44.01
000905     43.97   44.01
000906     43.97   44.00
000907     43.96   44.00
000908     43.94   43.99
000909     43.94   43.99
000910     43.94   43.98
000911     43.94   43.98
000912     43.94   43.97
000913     43.94   43.97
000914     43.93   43.97
000915     43.93   43.96
000916     43.93   43.96
000917     43.93   43.96
000918     43.91   43.95
000919     43.91   43.95
000920     43.90   43.94
000921     43.90   43.94
000922     43.90   43.93
000923     43.89   43.93
000924     43.89   43.92
000925     43.88   43.92
000926     43.88   43.92
000927     43.88   43.92
000928     43.88   43.91
000929     43.87   43.90
000930     43.87   43.90
000931     43.87   43.90
000932     43.86   43.89
000933     43.86   43.89
000934     43.85   43.89
000935     43.85   43.88
000936     43.85   43.88
000937     43.85   43.88
000938     43.84   43.87
000939     43.84   43.87
000940     43.83   43.87
000941     43.83   43.86
000942     43.83   43.86
000943     43.81   43.86
000944     43.81   43.85
000945     43.81   43.85
000946     43.81   43.84
000947     43.81   43.84
000948     43.81   43.84
000949     43.79   43.83
000950     43.79   43.83
000951     43.79   43.82
000952     43.79   43.82
000953     43.78   43.82
000954     43.78   43.81
000955     43.78   43.81
000956     43.78   43.81
000957     43.77   43.80
000958     43.77   43.80
000959     43.76   43.80
000960     43.76   43.80
000961     43.76   43.80
000962     43.76   43.79
000963     43.76   43.79
000964     43.75   43.79
000965     43.75   43.78
000966     43.74   43.78
000967     43.74   43.77
000968     43.74   43.77
000969     43.74   43.76
000970     43.73   43.76
000971     43.72   43.75
000972     43.71   43.75
000973     43.71   43.75
000974     43.70   43.74
000975     43.70   43.74
000976     43.70   43.74
000977     43.69   43.73
000978     43.69   43.73
000979     43.69   43.73
000980     43.69   43.72
000981     43.69   43.72
000982     43.69   43.72
000983     43.68   43.72
000984     43.68   43.71
000985     43.68   43.71
000986     43.67   43.71
000987     43.67   43.71
000988     43.67   43.70
000989     43.67   43.70
000990     43.65   43.69
000991     43.65   43.69
000992     43.65   43.69
000993     43.64   43.68
000994     43.64   43.68
000995     43.64   43.68
000996     43.64   43.67
000997     43.64   43.67
000998     43.64   43.67
000999     43.64   43.66
001000     43.61   43.66
001001     43.61   43.65
001002     43.61   43.65
001003     43.61   43.64
001004     43.61   43.64
001005     43.60   43.64
001006     43.60   43.63
001007     43.60   43.63
001008     43.59   43.62
001009     43.58   43.62
001010     43.57   43.61
001011     43.57   43.61
001012     43.57   43.60
001013     43.57   43.60
001014     43.56   43.60
001015     43.56   43.59
001016     43.56   43.59
001017     43.55   43.59
001018     43.55   43.58
001019     43.55   43.58
001020     43.54   43.58
001021     43.54   43.58
001022     43.54   43.57
001023     43.54   43.57
001024     43.53   43.56
001025     43.53   43.56
001026     43.52   43.56
001027     43.52   43.55
001028     43.52   43.55
001029     43.52   43.55
001030     43.51   43.55
001031     43.51   43.54
001032     43.50   43.54
001033     43.50   43.53
001034     43.50   43.53
001035     43.49   43.52
001036     43.48   43.52
001037     43.48   43.51
001038     43.47   43.51
001039     43.47   43.51
001040     43.47   43.50
001041     43.46   43.50
001042     43.46   43.50
001043     43.46   43.49
001044     43.46   43.49
001045     43.45   43.49
001046     43.45   43.48
001047     43.44   43.48
001048     43.43   43.48
001049     43.43   43.47
001050     43.43   43.47
001051     43.43   43.47
001052     43.43   43.47
001053     43.43   43.46
001054     43.43   43.46
001055     43.42   43.46
001056     43.41   43.45
001057     43.41   43.44
001058     43.41   43.44
001059     43.40   43.43
001060     43.39   43.43
001061     43.39   43.43
001062     43.39   43.43
001063     43.39   43.42
001064     43.38   43.42
001065     43.38   43.42
001066     43.38   43.41
001067     43.36   43.40
001068     43.36   43.40
001069     43.36   43.39
001070     43.35   43.39
001071     43.35   43.38
001072     43.35   43.39
001073     43.35   43.38
001074     43.35   43.38
001075     43.34   43.38
001076     43.33   43.38
001077     43.33   43.37
001078     43.33   43.37
001079     43.33   43.36
001080     43.31   43.36
001081     43.31   43.35
001082     43.31   43.35
001083     43.31   43.34
001084     43.30   43.34
001085     43.29   43.33
001086     43.27   43.32
001087     43.27   43.32
001088     43.27   43.31
001089     43.27   43.31
001090     43.27   43.31
001091     43.26   43.30
001092     43.26   43.30
001093     43.25   43.29
001094     43.25   43.29
001095     43.25   43.28
001096     43.25   43.28
001097     43.25   43.28
001098     43.24   43.28
001099     43.24   43.27
001100     43.23   43.27
001101     43.23   43.27
001102     43.23   43.27
001103     43.21   43.26
001104     43.21   43.25
001105     43.21   43.25
001106     43.20   43.25
001107     43.19   43.24
001108     43.19   43.24
001109     43.19   43.23
001110     43.17   43.23
001111     43.17   43.22
001112     43.17   43.22
001113     43.17   43.21
001114     43.16   43.20
001115     43.15   43.19
001116     43.14   43.19
001117     43.14   43.18
001118     43.14   43.18
001119     43.14   43.17
001120     43.14   43.17
001121     43.13   43.17
001122     43.13   43.17
001123     43.13   43.16
001124     43.13   43.16
001125     43.12   43.16
001126     43.12   43.15
001127     43.10   43.15
001128     43.10   43.15
001129     43.10   43.14
001130     43.10   43.14
001131     43.10   43.14
001132     43.10   43.13
001133     43.10   43.13
001134     43.08   43.13
001135     43.08   43.12
001136     43.08   43.12
001137     43.08   43.12
001138     43.06   43.11
001139     43.06   43.11
001140     43.06   43.10
001141     43.06   43.10
001142     43.06   43.09
001143     43.06   43.09
001144     43.05   43.08
001145     43.04   43.08
001146     43.04   43.08
001147     43.04   43.07
001148     43.04   43.07
001149     43.04   43.07
001150     43.03   43.07
001151     43.03   43.06
001152     43.03   43.06
001153     43.03   43.06
001154     43.03   43.06
001155     43.02   43.06
001156     43.02   43.05
001157     43.01   43.05
001158     43.01   43.05
001159     43.01   43.04
001160     43.00   43.04
001161     43.00   43.04
001162     43.00   43.03
001163     42.99   43.03
001164     42.98   43.02
001165     42.98   43.02
001166     42.98   43.02
001167     42.97   43.01
001168     42.96   43.00
001169     42.96   43.00
001170     42.96   43.00
001171     42.95   42.99
001172     42.95   42.99
001173     42.94   42.98
001174     42.93   42.97
001175     42.93   42.97
001176     42.93   42.97
001177     42.92   42.96
001178     42.92   42.95
001179     42.92   42.95
001180     42.91   42.95
001181     42.91   42.95
001182     42.91   42.94
001183     42.90   42.94
001184     42.89   42.93
001185     42.88   42.93
001186     42.87   42.92
001187     42.86   42.91
001188     42.86   42.91
001189     42.86   42.91
001190     42.86   42.90
001191     42.85   42.90
001192     42.85   42.89
001193     42.85   42.89
001194     42.85   42.89
001195     42.85   42.89
001196     42.84   42.88
001197     42.83   42.88
001198     42.83   42.88
001199     42.83   42.87
001200     42.83   42.87
001201     42.83   42.87
001202     42.82   42.87
001203     42.82   42.87
001204     42.81   42.86
001205     42.81   42.85
001206     42.81   42.85
001207     42.80   42.84
001208     42.79   42.84
001209     42.79   42.83
001210     42.79   42.83
001211     42.78   42.82
001212     42.78   42.82
001213     42.77   42.81
001214     42.77   42.81
001215     42.77   42.81
001216     42.76   42.80
001217     42.76   42.80
001218     42.75   42.80
001219     42.75   42.80
001220     42.75   42.79
001221     42.75   42.79
001222     42.73   42.78
001223     42.73   42.77
001224     42.71   42.77
001225     42.71   42.77
001226     42.71   42.76
001227     42.69   42.75
001228     42.69   42.74
001229     42.69   42.74
001230     42.68   42.73
001231     42.68   42.73
001232     42.66   42.73
001233     42.66   42.72
001234     42.65   42.71
001235     42.65   42.70
001236     42.65   42.69
001237     42.65   42.69
001238     42.65   42.69
001239     42.64   42.68
001240     42.64   42.68
001241     42.64   42.68
001242     42.62   42.67
001243     42.62   42.66
001244     42.62   42.66
001245     42.61   42.65
001246     42.61   42.65
001247     42.60   42.65
001248     42.60   42.65
001249     42.59   42.65
001250     42.59   42.64
001251     42.59   42.64
001252     42.58   42.63
001253     42.58   42.62
001254     42.58   42.62
001255     42.56   42.61
001256     42.56   42.61
001257     42.56   42.60
001258     42.56   42.60
001259     42.56   42.60
001260     42.55   42.59
001261     42.55   42.59
001262     42.53   42.58
001263     42.53   42.58
001264     42.52   42.58
001265     42.52   42.57
001266     42.52   42.57
001267     42.52   42.57
001268     42.52   42.57
001269     42.52   42.56
001270     42.51   42.56
001271     42.51   42.55
001272     42.51   42.55
001273     42.51   42.55
001274     42.51   42.55
001275     42.51   42.55
001276     42.51   42.54
001277     42.49   42.54
001278     42.49   42.54
001279     42.48   42.53
001280     42.48   42.53
001281     42.48   42.52
001282     42.48   42.51
001283     42.46   42.51
001284     42.46   42.51
001285     42.46   42.51
001286     42.46   42.50
001287     42.46   42.50
001288     42.45   42.50
001289     42.45   42.49
001290     42.45   42.49
001291     42.43   42.49
001292     42.43   42.48
001293     42.43   42.48
001294     42.42   42.47
001295     42.42   42.47
001296     42.42   42.47
001297     42.41   42.46
001298     42.41   42.46
001299     42.40   42.45
001300     42.40   42.44
001301     42.40   42.44
001302     42.40   42.44
001303     42.39   42.44
001304     42.38   42.43
001305     42.38   42.43
001306     42.37   42.43
001307     42.37   42.42
001308     42.37   42.42
001309     42.37   42.41
001310     42.37   42.41
001311     42.37   42.41
001312     42.37   42.40
001313     42.36   42.40
001314     42.36   42.40
001315     42.36   42.40
001316     42.35   42.39
001317     42.35   42.39
001318     42.35   42.39
001319     42.34   42.38
001320     42.33   42.38
001321     42.32   42.37
001322     42.32   42.37
001323     42.32   42.36
001324     42.31   42.36
001325     42.31   42.36
001326     42.30   42.35
001327     42.30   42.35
001328     42.30   42.35
001329     42.30   42.34
001330     42.27   42.34
001331     42.27   42.33
001332     42.27   42.33
001333     42.27   42.32
001334     42.27   42.31
001335     42.26   42.31
001336     42.25   42.30
001337     42.25   42.30
001338     42.25   42.30
001339     42.25   42.30
001340     42.25   42.29
001341     42.24   42.28
001342     42.23   42.28
001343     42.23   42.28
001344     42.23   42.27
001345     42.23   42.27
001346     42.23   42.26
001347     42.23   42.26
001348     42.22   42.25
001349     42.21   42.25
001350     42.21   42.25
001351     42.21   42.25
001352     42.21   42.25
001353     42.21   42.25
001354     42.21   42.25
001355     42.20   42.24
001356     42.20   42.24
001357     42.19   42.24
001358     42.18   42.23
001359     42.18   42.23
001360     42.18   42.22
001361     42.18   42.22
001362     42.16   42.22
001363     42.16   42.21
001364     42.16   42.21
001365     42.16   42.20
001366     42.15   42.20
001367     42.15   42.20
001368     42.13   42.19
001369     42.13   42.19
001370     42.13   42.18
001371     42.13   42.17
001372     42.13   42.17
001373     42.12   42.16
001374     42.12   42.16
001375     42.11   42.15
001376     42.11   42.15
001377     42.11   42.15
001378     42.11   42.14
001379     42.10   42.14
001380     42.10   42.14
001381     42.10   42.13
001382     42.10   42.13
001383     42.08   42.13
001384     42.08   42.13
001385     42.08   42.13
001386     42.08   42.12
001387     42.07   42.12
001388     42.06   42.11
001389     42.06   42.11
001390     42.06   42.10
001391     42.06   42.10
001392     42.05   42.10
001393     42.05   42.09
001394     42.04   42.09
001395     42.04   42.09
001396     42.04   42.08
001397     42.04   42.08
001398     42.04   42.08
001399     42.02   42.08
001400     42.02   42.07
001401     42.02   42.07
001402     42.02   42.06
001403     42.02   42.06
001404     42.01   42.06
001405     42.01   42.05
001406     42.00   42.05
001407     41.99   42.04
001408     41.99   42.04
001409     41.99   42.04
001410     41.99   42.03
001411     41.99   42.03
001412     41.98   42.02
001413     41.98   42.02
001414     41.97   42.02
001415     41.97   42.01
001416     41.97   42.01
001417     41.97   42.01
001418     41.97   42.01
001419     41.96   42.01
001420     41.96   42.01
001421     41.96   42.00
001422     41.94   41.99
001423     41.93   41.99
001424     41.93   41.99
001425     41.93   41.99
001426     41.93   41.98
001427     41.91   41.98
001428     41.91   41.97
001429     41.91   41.96
001430     41.91   41.96
001431     41.91   41.96
001432     41.91   41.95
001433     41.89   41.94
001434     41.89   41.95
001435     41.89   41.94
001436     41.89   41.94
001437     41.89   41.94
001438     41.89   41.93
001439     41.89   41.93
001440     41.89   41.93
001441     41.89   41.93
001442     41.88   41.92
001443     41.88   41.92
001444     41.87   41.92
001445     41.87   41.92
001446     41.87   41.91
001447     41.87   41.91
001448     41.87   41.91
001449     41.87   41.91
001450     41.86   41.91
001451     41.86   41.91
001452     41.86   41.90
001453     41.84   41.90
001454     41.84   41.90
001455     41.83   41.89
001456     41.83   41.89
001457     41.83   41.88
001458     41.83   41.88
001459     41.82   41.87
001460     41.82   41.87
001461     41.82   41.86
001462     41.81   41.86
001463     41.81   41.85
001464     41.78   41.85
001465     41.78   41.85
001466     41.78   41.85
001467     41.78   41.84
001468     41.78   41.84
001469     41.78   41.84
001470     41.78   41.84
001471     41.78   41.83
001472     41.77   41.82
001473     41.75   41.82
001474     41.75   41.82
001475     41.75   41.81
001476     41.75   41.81
001477     41.75   41.80
001478     41.73   41.79
001479     41.73   41.78
001480     41.73   41.78
001481     41.73   41.78
001482     41.71   41.77
001483     41.71   41.76
001484     41.71   41.76
001485     41.71   41.76
001486     41.70   41.75
001487     41.70   41.75
001488     41.70   41.75
001489     41.70   41.75
001490     41.70   41.74
001491     41.70   41.74
001492     41.70   41.74
001493     41.69   41.74
001494     41.67   41.73
001495     41.67   41.73
001496     41.67   41.73
001497     41.67   41.72
001498     41.67   41.72
001499     41.67   41.71
001500     41.67   41.71
001501     41.67   41.71
001502     41.67   41.71
001503     41.66   41.70
001504     41.66   41.70
001505     41.66   41.70
001506     41.65   41.70
001507     41.64   41.69
001508     41.64   41.69
001509     41.64   41.69
001510     41.64   41.68
001511     41.63   41.68
001512     41.62   41.68
001513     41.62   41.67
001514     41.62   41.66
001515     41.62   41.66
001516     41.62   41.66
001517     41.60   41.66
001518     41.60   41.65
001519     41.60   41.65
001520     41.60   41.65
001521     41.60   41.64
001522     41.59   41.64
001523     41.59   41.63
001524     41.59   41.63
001525     41.59   41.63
001526     41.58   41.62
001527     41.57   41.62
001528     41.57   41.63
001529     41.56   41.62
001530     41.56   41.62
001531     41.56   41.61
001532     41.54   41.60
001533     41.54   41.60
001534     41.54   41.59
001535     41.53   41.59
001536     41.53   41.59
001537     41.53   41.58
001538     41.53   41.58
001539     41.53   41.57
001540     41.53   41.57
001541     41.52   41.57
001542     41.52   41.57
001543     41.52   41.56
001544     41.52   41.56
001545     41.52   41.56
001546     41.50   41.56
001547     41.50   41.55
001548     41.50   41.55
001549     41.50   41.55
001550     41.50   41.55
001551     41.49   41.55
001552     41.49   41.54
001553     41.49   41.54
001554     41.48   41.54
001555     41.47   41.53
001556     41.47   41.52
001557     41.47   41.52
001558     41.46   41.52
001559     41.46   41.52
001560     41.46   41.51
001561     41.44   41.51
001562     41.44   41.51
001563     41.44   41.50
001564     41.42   41.50
001565     41.42   41.49
001566     41.42   41.49
001567     41.42   41.48
001568     41.42   41.48
001569     41.42   41.47
001570     41.42   41.47
001571     41.42   41.46
001572     41.42   41.46
001573     41.42   41.46
001574     41.42   41.46
001575     41.41   41.46
001576     41.41   41.46
001577     41.40   41.45
001578     41.40   41.45
001579     41.40   41.45
001580     41.40   41.45
001581     41.39   41.44
001582     41.39   41.44
001583     41.39   41.44
001584     41.39   41.44
001585     41.39   41.43
001586     41.39   41.43
001587     41.39   41.43
001588     41.38   41.43
001589     41.37   41.43
001590     41.37   41.42
001591     41.37   41.42
001592     41.37   41.42
001593     41.37   41.41
001594     41.37   41.41
001595     41.37   41.41
001596     41.37   41.40
001597     41.36   41.40
001598     41.36   41.39
001599     41.35   41.39
001600     41.35   41.39
001601     41.34   41.39
001602     41.34   41.39
001603     41.34   41.39
001604     41.34   41.39
001605     41.34   41.39
001606     41.33   41.38
001607     41.33   41.38
001608     41.32   41.37
001609     41.32   41.36
001610     41.32   41.36
001611     41.32   41.36
001612     41.32   41.36
001613     41.32   41.36
001614     41.32   41.36
001615     41.31   41.36
001616     41.31   41.36
001617     41.31   41.36
001618     41.31   41.36
001619     41.31   41.36
001620     41.31   41.35
001621     41.30   41.35
001622     41.30   41.35
001623     41.30   41.35
001624     41.30   41.35
001625     41.30   41.34
001626     41.29   41.34
001627     41.29   41.34
001628     41.28   41.33
001629     41.28   41.33
001630     41.28   41.33
001631     41.28   41.34
001632     41.28   41.33
001633     41.28   41.33
001634     41.28   41.33
001635     41.28   41.33
001636     41.27   41.33
001637     41.27   41.33
001638     41.27   41.32
001639     41.27   41.32
001640     41.27   41.32
001641     41.27   41.31
001642     41.27   41.31
001643     41.26   41.31
001644     41.25   41.30
001645     41.25   41.30
001646     41.24   41.30
001647     41.24   41.29
001648     41.24   41.29
001649     41.20   41.29
001650     41.20   41.28
001651     41.19   41.28
001652     41.19   41.26
001653     41.19   41.26
001654     41.19   41.25
001655     41.19   41.24
001656     41.18   41.23
001657     41.18   41.22
001658     41.18   41.22
001659     41.17   41.22
001660     41.17   41.22
001661     41.17   41.21
001662     41.17   41.21
001663     41.16   41.21
001664     41.15   41.20
001665     41.15   41.20
001666     41.15   41.20
001667     41.15   41.20
001668     41.15   41.19
001669     41.15   41.19
001670     41.14   41.19
001671     41.13   41.18
001672     41.13   41.18
001673     41.13   41.18
001674     41.13   41.18
001675     41.13   41.17
001676     41.13   41.17
001677     41.12   41.17
001678     41.12   41.17
001679     41.12   41.16
001680     41.11   41.16
001681     41.11   41.16
001682     41.11   41.15
001683     41.11   41.16
001684     41.11   41.15
001685     41.11   41.15
001686     41.10   41.14
001687     41.10   41.14
001688     41.10   41.14
001689     41.10   41.14
001690     41.09   41.13
001691     41.09   41.13
001692     41.09   41.13
001693     41.09   41.13
001694     41.07   41.12
001695     41.07   41.12
001696     41.06   41.12
001697     41.06   41.12
001698     41.06   41.11
001699     41.06   41.11
001700     41.05   41.11
001701     41.05   41.11
001702     41.05   41.10
001703     41.05   41.10
001704     41.05   41.10
001705     41.04   41.10
001706     41.04   41.09
001707     41.04   41.09
001708     41.04   41.09
001709     41.04   41.09
001710     41.04   41.08
001711     41.02   41.08
001712     41.02   41.07
001713     41.02   41.07
001714     41.02   41.06
001715     41.02   41.06
001716     41.01   41.06
001717     41.00   41.05
001718     41.00   41.05
001719     41.00   41.05
001720     41.00   41.05
001721     41.00   41.05
001722     41.00   41.05
001723     40.99   41.04
001724     40.99   41.04
001725     40.98   41.04
001726     40.98   41.03
001727     40.98   41.03
001728     40.98   41.03
001729     40.98   41.03
001730     40.97   41.02
001731     40.97   41.02
001732     40.96   41.01
001733     40.96   41.01
001734     40.96   41.01
001735     40.96   41.01
001736     40.96   41.00
001737     40.96   41.00
001738     40.94   41.00
001739     40.94   41.00
001740     40.94   40.99
001741     40.94   40.99
001742     40.94   41.00
001743     40.94   40.99
001744     40.94   40.99
001745     40.94   40.99
001746     40.93   40.99
001747     40.93   40.98
001748     40.93   40.98
001749     40.92   40.98
001750     40.92   40.97
001751     40.92   40.97
001752     40.92   40.97
001753     40.92   40.97
001754     40.92   40.96
001755     40.92   40.96
001756     40.91   40.96
001757     40.91   40.96
001758     40.91   40.96
001759     40.91   40.96
001760     40.90   40.95
001761     40.90   40.95
001762     40.90   40.94
001763     40.89   40.94
001764     40.88   40.94
001765     40.88   40.93
001766     40.88   40.94
001767     40.88   40.93
001768     40.88   40.93
001769     40.88   40.93
001770     40.88   40.93
001771     40.87   40.93
001772     40.87   40.93
001773     40.87   40.92
001774     40.85   40.92
001775     40.85   40.92
001776     40.85   40.91
001777     40.85   40.91
001778     40.85   40.90
001779     40.85   40.90
001780     40.85   40.90
001781     40.84   40.90
001782     40.84   40.89
001783     40.84   40.89
001784     40.84   40.88
001785     40.84   40.88
001786     40.82   40.88
001787     40.82   40.88
001788     40.82   40.88
001789     40.82   40.88
001790     40.82   40.87
001791     40.82   40.87
001792     40.82   40.87
001793     40.82   40.87
001794     40.82   40.87
001795     40.82   40.87
001796     40.82   40.87
001797     40.82   40.87
001798     40.80   40.86
001799     40.80   40.87
001800     40.79   40.87
001801     40.79   40.86
001802     40.79   40.86
001803     40.79   40.85
001804     40.79   40.85
001805     40.79   40.84
001806     40.79   40.85
001807     40.79   40.84
001808     40.79   40.84
001809     40.79   40.85
001810     40.79   40.84
001811     40.79   40.83
001812     40.79   40.83
001813     40.79   40.83
001814     40.79   40.82
001815     40.77   40.82
001816     40.77   40.82
001817     40.77   40.82
001818     40.77   40.82
001819     40.77   40.82
001820     40.77   40.82
001821     40.77   40.82
001822     40.76   40.82
001823     40.76   40.81
001824     40.76   40.81
001825     40.76   40.80
001826     40.75   40.80
001827     40.75   40.79
001828     40.75   40.79
001829     40.73   40.80
001830     40.73   40.80
001831     40.73   40.80
001832     40.73   40.79
001833     40.73   40.78
001834     40.73   40.78
001835     40.73   40.78
001836     40.73   40.78
001837     40.73   40.78
001838     40.73   40.78
001839     40.73   40.77
001840     40.73   40.78
001841     40.73   40.77
001842     40.73   40.77
001843     40.73   40.77
001844     40.72   40.77
001845     40.72   40.77
001846     40.72   40.77
001847     40.72   40.77
001848     40.72   40.77
001849     40.72   40.77
001850     40.72   40.77
001851     40.72   40.76
001852     40.72   40.76
001853     40.72   40.77
001854     40.72   40.77
001855     40.72   40.77
001856     40.72   40.77
001857     40.72   40.77
001858     40.72   40.77
001859     40.72   40.77
001860     40.72   40.77
001861     40.72   40.76
001862     40.72   40.76
001863     40.72   40.76
001864     40.72   40.77
001865     40.72   40.77
001866     40.72   40.77
001867     40.72   40.76
001868     40.72   40.76
001869     40.72   40.76
001870     40.71   40.76
001871     40.71   40.76
001872     40.71   40.76
001873     40.71   40.76
001874     40.71   40.75
001875     40.70   40.75
001876     40.70   40.75
001877     40.70   40.75
001878     40.70   40.75
001879     40.69   40.74
001880     40.69   40.74
001881     40.69   40.73
001882     40.69   40.73
001883     40.69   40.73
001884     40.68   40.73
001885     40.68   40.73
001886     40.68   40.73
001887     40.68   40.72
001888     40.68   40.72
001889     40.68   40.72
001890     40.67   40.71
001891     40.67   40.71
001892     40.67   40.72
001893     40.67   40.71
001894     40.67   40.71
001895     40.67   40.72
001896     40.67   40.71
001897     40.67   40.71
001898     40.66   40.71
001899     40.66   40.71
001900     40.66   40.71
001901     40.66   40.70
001902     40.66   40.70
001903     40.66   40.70
001904     40.66   40.69
001905     40.66   40.69
001906     40.64   40.69
001907     40.64   40.69
001908     40.64   40.69
001909     40.64   40.69
001910     40.64   40.68
001911     40.64   40.68
001912     40.62   40.68
001913     40.62   40.68
001914     40.62   40.68
001915     40.62   40.68
001916     40.62   40.68
001917     40.62   40.67
001918     40.62   40.67
001919     40.62   40.66
001920     40.61   40.66
001921     40.61   40.66
001922     40.61   40.66
001923     40.60   40.66
001924     40.60   40.66
001925     40.60   40.65
001926     40.60   40.65
001927     40.59   40.64
001928     40.59   40.64
001929     40.59   40.64
001930     40.59   40.64
001931     40.59   40.63
001932     40.59   40.63
001933     40.59   40.63
001934     40.59   40.63
001935     40.59   40.63
001936     40.59   40.63
001937     40.59   40.63
001938     40.59   40.62
001939     40.59   40.62
001940     40.59   40.62
001941     40.59   40.62
001942     40.57   40.62
001943     40.57   40.62
001944     40.57   40.63
001945     40.57   40.63
001946     40.57   40.62
001947     40.57   40.62
001948     40.57   40.62
001949     40.57   40.62
001950     40.56   40.62
001951     40.56   40.62
001952     40.56   40.61
001953     40.55   40.61
001954     40.55   40.61
001955     40.55   40.60
001956     40.55   40.60
001957     40.55   40.60
001958     40.55   40.60
001959     40.55   40.60
001960     40.55   40.60
001961     40.55   40.60
001962     40.55   40.60
001963     40.55   40.59
001964     40.55   40.59
001965     40.55   40.60
001966     40.55   40.59
001967     40.55   40.59
001968     40.55   40.59
001969     40.55   40.59
001970     40.55   40.59
001971     40.55   40.59
001972     40.55   40.59
001973     40.55   40.58
001974     40.55   40.58
001975     40.54   40.58
001976     40.54   40.58
001977     40.54   40.58
001978     40.54   40.58
001979     40.54   40.59
001980     40.54   40.59
001981     40.53   40.59
001982     40.53   40.59
001983     40.53   40.59
001984     40.53   40.58
001985     40.53   40.58
001986     40.53   40.57
001987     40.53   40.57
001988     40.53   40.57
001989     40.53   40.57
001990     40.53   40.58
001991     40.53   40.58
001992     40.53   40.57
001993     40.53   40.57
001994     40.53   40.57
001995     40.53   40.57
001996     40.51   40.56
001997     40.51   40.56
001998     40.51   40.56
001999     40.51   40.56
002000     40.51   40.56
002001     40.51   40.57
002001     40.51   40.56
002002     40.51   40.56
002003     40.51   40.56
002004     40.51   40.56
002005     40.51   40.56
002006     40.51   40.55
002007     40.51   40.56
002008     40.51   40.55
002009     40.51   40.56
002010     40.51   40.56
002011     40.51   40.56
002012     40.51   40.55
002013     40.50   40.55
002014     40.50   40.55
002015     40.50   40.55
002016     40.50   40.55
002017     40.50   40.55
002018     40.50   40.55
002019     40.50   40.55
002020     40.50   40.55
002021     40.50   40.54
002022     40.50   40.54
002023     40.50   40.54
002024     40.50   40.54
002025     40.50   40.54
002026     40.50   40.54
002027     40.50   40.54
002028     40.50   40.54
002029     40.50   40.54
002030     40.50   40.54
002031     40.50   40.54
002032     40.50   40.53
002033     40.50   40.54
002034     40.50   40.54
002035     40.50   40.53
002036     40.49   40.53
002037     40.49   40.53
002038     40.49   40.53
002039     40.49   40.53
002040     40.49   40.53
002041     40.49   40.53
002042     40.49   40.53
002043     40.49   40.53
002044     40.49   40.53
002045     40.49   40.53
002046     40.49   40.53
002047     40.49   40.53
002048     40.49   40.53
002049     40.48   40.53
002050     40.47   40.53
002051     40.47   40.52
002052     40.47   40.52
002053     40.47   40.51
002054     40.47   40.51
002055     40.47   40.51
002056     40.47   40.51
002057     40.47   40.51
002058     40.47   40.51
002059     40.47   40.51
002060     40.47   40.51
002061     40.47   40.51
002062     40.47   40.51
002063     40.47   40.51
002064     40.47   40.51
002065     40.47   40.51
002066     40.47   40.51
002067     40.47   40.51
002068     40.47   40.51
002069     40.47   40.51
002070     40.47   40.51
002071     40.47   40.51
002072     40.47   40.52
002073     40.47   40.52
002074     40.47   40.52
002075     40.47   40.52
002076     40.47   40.51
002077     40.47   40.52
002078     40.47   40.51
002079     40.47   40.51
002080     40.47   40.51
002081     40.47   40.51
002082     40.47   40.51
002083     40.47   40.51
002084     40.47   40.51
002085     40.47   40.51
002086     40.47   40.51
002087     40.47   40.51
002088     40.47   40.52
002089     40.47   40.52
002090     40.47   40.52
002091     40.47   40.52
002092     40.47   40.52
002093     40.47   40.52
002094     40.47   40.52
002095     40.47   40.52
002096     40.47   40.52
002097     40.47   40.52
002098     40.47   40.52
002099     40.47   40.52
002100     40.47   40.52
002101     40.47   40.52
002102     40.47   40.52
002103     40.47   40.52
002104     40.47   40.52
002105     40.46   40.51
002106     40.46   40.52
002107     40.46   40.52
002108     40.46   40.51
002109     40.46   40.51
002110     40.46   40.51
002111     40.46   40.51
002112     40.45   40.51
002113     40.45   40.50
002114     40.45   40.50
002115     40.45   40.50
002116     40.44   40.50
002117     40.44   40.50
002118     40.44   40.50
002119     40.44   40.50
002120     40.44   40.49
002121     40.44   40.48
002122     40.44   40.48
002123     40.44   40.48
002124     40.44   40.48
002125     40.44   40.48
002126     40.44   40.48
002127     40.44   40.48
002128     40.43   40.48
002129     40.43   40.48
002130     40.43   40.48
002131     40.43   40.48
002132     40.43   40.48
002133     40.43   40.48
002134     40.43   40.48
002135     40.43   40.48
002136     40.43   40.47
002137     40.43   40.47
002138     40.43   40.47
002139     40.43   40.47
002140     40.43   40.47
002141     40.43   40.47
002142     40.43   40.47
002143     40.43   40.47
002144     40.43   40.47
002145     40.43   40.47
002146     40.43   40.47
002147     40.43   40.47
002148     40.42   40.47
002149     40.42   40.47
002150     40.42   40.46
002151     40.42   40.47
002152     40.42   40.47
002153     40.42   40.47
002154     40.42   40.47
002155     40.42   40.47
002156     40.42   40.47
002157     40.42   40.47
002158     40.42   40.47
002159     40.42   40.46
002160     40.42   40.46
002161     40.41   40.45
002162     40.41   40.45
002163     40.41   40.45
002164     40.41   40.45
002165     40.41   40.45
002166     40.41   40.45
002167     40.41   40.46
002168     40.41   40.45
002169     40.41   40.45
002170     40.41   40.45
002171     40.41   40.45
002172     40.41   40.45
002173     40.41   40.45
002174     40.41   40.45
002175     40.41   40.45
002176     40.41   40.45
002177     40.41   40.45
002178     40.41   40.45
002179     40.41   40.45
002180     40.41   40.45
002181     40.41   40.45
002182     40.41   40.45
002183     40.41   40.45
002184     40.41   40.45
002185     40.41   40.45
002186     40.41   40.45
002187     40.41   40.45
002188     40.41   40.45
002189     40.41   40.45
002190     40.41   40.46
002191     40.41   40.46
002192     40.41   40.46
002193     40.41   40.46
002194     40.41   40.46
002195     40.41   40.46
002196     40.41   40.46
002197     40.41   40.46
002198     40.41   40.46
002199     40.41   40.46
002200     40.41   40.46
002201     40.41   40.46
002202     40.41   40.46
002203     40.41   40.47
002204     40.41   40.47
002205     40.41   40.47
002206     40.41   40.47
002207     40.41   40.47
002208     40.41   40.47
002209     40.41   40.47
002210     40.41   40.47
002211     40.41   40.47
002212     40.41   40.47
002213     40.41   40.47
002214     40.41   40.47
002215     40.41   40.47
002216     40.41   40.46
002217     40.41   40.46
002218     40.41   40.46
002219     40.41   40.46
002220     40.41   40.46
002221     40.41   40.46
002222     40.41   40.46
002223     40.41   40.46
002224     40.41   40.45
002225     40.40   40.46
002226     40.40   40.45
002227     40.40   40.45
002228     40.40   40.45
002229     40.40   40.45
002230     40.40   40.45
002231     40.40   40.45
002232     40.40   40.45
002233     40.40   40.45
002234     40.40   40.45
002235     40.40   40.45
002236     40.40   40.45
002237     40.40   40.45
002238     40.40   40.45
002239     40.40   40.45
002240     40.40   40.45
002241     40.40   40.45
002242     40.40   40.44
002243     40.40   40.44
002244     40.40   40.44
002245     40.40   40.44
002246     40.40   40.44
002247     40.40   40.44
002248     40.40   40.44
002249     40.40   40.44
002250     40.40   40.44
002251     40.40   40.44
002252     40.40   40.44
002253     40.40   40.44
002254     40.40   40.45
002255     40.40   40.45
002256     40.40   40.44
002257     40.40   40.44
002258     40.40   40.45
002259     40.40   40.44
002260     40.40   40.44
002261     40.40   40.44
002262     40.40   40.45
002263     40.40   40.44
002264     40.40   40.44
002265     40.40   40.45
002266     40.40   40.44
002267     40.40   40.45
002268     40.40   40.44
002269     40.40   40.44
002270     40.40   40.44
002271     40.38   40.43
002272     40.38   40.43
002273     40.38   40.43
002274     40.38   40.43
002275     40.38   40.43
002276     40.38   40.43
002277     40.38   40.43
002278     40.38   40.43
002279     40.38   40.43
002280     40.38   40.43
002281     40.38   40.42
002282     40.38   40.42
002283     40.38   40.42
002284     40.38   40.42
002285     40.38   40.42
002286     40.38   40.42
002287     40.37   40.42
002288     40.37   40.41
002289     40.37   40.41
002290     40.37   40.41
002291     40.37   40.40
002292     40.36   40.40
002293     40.36   40.41
002294     40.36   40.41
002295     40.36   40.41
002296     40.36   40.41
002297     40.36   40.42
002298     40.36   40.41
002299     40.36   40.41
002300     40.36   40.41
002301     40.36   40.41
002302     40.35   40.40
002303     40.35   40.40
002304     40.35   40.40
002305     40.35   40.39
002306     40.35   40.40
002307     40.35   40.39
002308     40.35   40.39
002309     40.34   40.39
002310     40.34   40.39
002311     40.34   40.39
002312     40.34   40.39
002313     40.34   40.40
002314     40.34   40.39
002315     40.33   40.39
002316     40.33   40.38
002317     40.33   40.38
002318     40.33   40.38
002319     40.33   40.38
002320     40.33   40.37
002321     40.33   40.37
002322     40.33   40.37
002323     40.33   40.37
002324     40.33   40.37
002325     40.32   40.36
002326     40.32   40.36
002327     40.32   40.36
002328     40.32   40.37
002329     40.32   40.36
002330     40.32   40.36
002331     40.32   40.36
002332     40.32   40.36
002333     40.32   40.36
002334     40.32   40.36
002335     40.32   40.36
002336     40.32   40.37
002337     40.32   40.37
002338     40.32   40.37
002339     40.32   40.37
002340     40.32   40.36
002341     40.32   40.37
002342     40.32   40.36
002343     40.32   40.36
002344     40.32   40.37
002345     40.32   40.37
002346     40.32   40.37
002347     40.32   40.37
002348     40.32   40.37
002349     40.32   40.36
002350     40.32   40.36
002351     40.32   40.36
002352     40.32   40.36
002353     40.32   40.36
002354     40.32   40.36
002355     40.32   40.36
002356     40.32   40.36
002357     40.32   40.36
002358     40.32   40.36
002359     40.32   40.36
002360     40.31   40.36
002361     40.31   40.36
002362     40.31   40.36
002363     40.31   40.36
002364     40.31   40.36
002365     40.31   40.36
002366     40.31   40.35
002367     40.31   40.35
002368     40.31   40.36
002369     40.31   40.35
002370     40.31   40.35
002371     40.31   40.35
002372     40.31   40.35
002373     40.31   40.35
002374     40.31   40.35
002375     40.31   40.35
002376     40.31   40.36
002377     40.31   40.36
002378     40.31   40.36
002379     40.31   40.36
002380     40.31   40.36
002381     40.31   40.36
002382     40.31   40.36
002383     40.31   40.36
002384     40.31   40.36
002385     40.31   40.36
002386     40.31   40.36
002387     40.31   40.36
002388     40.31   40.36
002389     40.31   40.36
002390     40.31   40.36
002391     40.31   40.35
002392     40.31   40.36
002393     40.31   40.35
002394     40.31   40.36
002395     40.31   40.36
002396     40.31   40.36
002397     40.31   40.36
002398     40.31   40.36
002399     40.31   40.36
002400     40.31   40.35
002401     40.31   40.35
002402     40.31   40.35
002403     40.31   40.35
002404     40.31   40.35
002405     40.31   40.36
002406     40.30   40.36
002407     40.30   40.36
002408     40.30   40.36
002409     40.30   40.35
002410     40.30   40.35
002411     40.30   40.35
002412     40.30   40.35
002413     40.29   40.34
002414     40.29   40.34
002415     40.29   40.35
002416     40.29   40.35
002417     40.29   40.35
002418     40.29   40.35
002419     40.29   40.35
002420     40.29   40.34
002421     40.29   40.34
002422     40.29   40.34
002423     40.29   40.34
002424     40.29   40.33
002425     40.29   40.33
002426     40.29   40.33
002427     40.29   40.33
002428     40.29   40.33
002429     40.29   40.33
002430     40.29   40.33
002431     40.29   40.33
002432     40.29   40.33
002433     40.29   40.33
002434     40.29   40.33
002435     40.29   40.34
002436     40.29   40.33
002437     40.29   40.33
002438     40.29   40.34
002439     40.29   40.34
002440     40.29   40.34
002441     40.29   40.34
002442     40.29   40.34
002443     40.29   40.34
002444     40.29   40.33
002445     40.29   40.33
002446     40.29   40.33
002447     40.29   40.32
002448     40.29   40.32
002449     40.29   40.33
002450     40.29   40.33
002451     40.29   40.33
002452     40.29   40.33
002453     40.29   40.33
002454     40.29   40.33
002455     40.29   40.33
002456     40.29   40.33
002457     40.29   40.33
002458     40.28   40.32
002459     40.28   40.32
002460     40.28   40.32
002461     40.28   40.32
002462     40.28   40.32
002463     40.28   40.33
002464     40.28   40.32
002465     40.28   40.33
002466     40.28   40.33
002467     40.28   40.33
002468     40.28   40.33
002469     40.28   40.32
002470     40.28   40.32
002471     40.28   40.32
002472     40.28   40.32
002473     40.28   40.32
002474     40.28   40.32
002475     40.28   40.33
002476     40.28   40.32
002477     40.28   40.32
002478     40.28   40.32
002479     40.28   40.32
002480     40.28   40.31
002481     40.28   40.31
002482     40.28   40.31
002483     40.28   40.32
002484     40.28   40.32
002485     40.28   40.32
002486     40.28   40.32
002487     40.28   40.32
002488     40.28   40.32
002489     40.28   40.32
002490     40.28   40.32
002491     40.28   40.32
002492     40.28   40.32
002493     40.28   40.32
002494     40.28   40.32
002495     40.28   40.31
002496     40.28   40.31
002497     40.28   40.31
002498     40.27   40.32
002499     40.27   40.31
002500     40.27   40.31
002501     40.27   40.31
002502     40.27   40.31
002503     40.27   40.31
002504     40.27   40.31
002505     40.27   40.32
002506     40.27   40.32
002507     40.27   40.32
002508     40.27   40.32
002509     40.27   40.32
002510     40.27   40.32
002511     40.27   40.32
002512     40.27   40.32
002513     40.27   40.33
002514     40.27   40.32
002515     40.27   40.32
002516     40.27   40.31
002517     40.27   40.31
002518     40.27   40.31
002519     40.27   40.32
002520     40.27   40.32
002521     40.27   40.32
002522     40.27   40.32
002523     40.27   40.32
002524     40.27   40.31
002525     40.27   40.32
002526     40.27   40.32
002527     40.27   40.32
002528     40.27   40.32
002529     40.27   40.32
002530     40.27   40.33
002531     40.27   40.32
002532     40.27   40.32
002533     40.27   40.33
002534     40.27   40.32
002535     40.27   40.32
002536     40.27   40.32
002537     40.27   40.32
002538     40.27   40.32
002539     40.27   40.32
002540     40.27   40.32
002541     40.27   40.32
002542     40.27   40.32
002543     40.27   40.32
002544     40.27   40.32
002545     40.27   40.32
002546     40.27   40.32
002547     40.27   40.32
002548     40.27   40.31
002549     40.27   40.32
002550     40.27   40.32
002551     40.27   40.32
002552     40.27   40.32
002553     40.27   40.33
002554     40.27   40.32
002555     40.27   40.32
002556     40.27   40.32
002557     40.27   40.32
002558     40.27   40.32
002559     40.27   40.32
002560     40.27   40.32
002561     40.27   40.32
002562     40.27   40.32
002563     40.27   40.32
002564     40.27   40.32
002565     40.27   40.32
002566     40.27   40.32
002567     40.27   40.32
002568     40.27   40.32
002569     40.27   40.32
002570     40.27   40.32
002571     40.27   40.32
002572     40.27   40.31
002573     40.27   40.31
002574     40.27   40.32
002575     40.27   40.32
002576     40.27   40.32
002577     40.27   40.32
002578     40.27   40.32
002579     40.27   40.32
002580     40.27   40.31
002581     40.27   40.31
002582     40.27   40.31
002583     40.27   40.31
002584     40.27   40.31
002585     40.27   40.31
002586     40.27   40.31
002587     40.27   40.32
002588     40.27   40.32
002589     40.27   40.32
002590     40.27   40.32
002591     40.27   40.31
002592     40.27   40.32
002593     40.27   40.32
002594     40.27   40.31
002595     40.27   40.32
002596     40.27   40.32
002597     40.27   40.32
002598     40.27   40.32
002599     40.27   40.32
002600     40.27   40.32
002601     40.27   40.32
002602     40.27   40.32
002603     40.27   40.32
002604     40.27   40.31
002605     40.27   40.31
002606     40.27   40.31
002607     40.27   40.31
002608     40.27   40.31
002609     40.27   40.31
002610     40.27   40.31
002611     40.27   40.31
002612     40.27   40.31
002613     40.27   40.31
002614     40.27   40.31
002615     40.27   40.31
002616     40.27   40.31
002617     40.27   40.31
002618     40.27   40.32
002619     40.27   40.32
002620     40.27   40.32
002621     40.27   40.32
002622     40.27   40.32
002623     40.27   40.32
002624     40.27   40.32
002625     40.27   40.32
002626     40.27   40.32
002627     40.27   40.32
002628     40.27   40.32
002629     40.27   40.32
002630     40.27   40.32
002631     40.27   40.32
002632     40.27   40.32
002633     40.27   40.32
002634     40.27   40.32
002635     40.27   40.32
002636     40.27   40.32
002637     40.27   40.32
002638     40.27   40.31
002639     40.27   40.31
002640     40.27   40.32
002641     40.27   40.32
002642     40.27   40.31
002643     40.27   40.31
002644     40.27   40.31
002645     40.27   40.31
002646     40.27   40.32
002647     40.27   40.32
002648     40.27   40.32
002649     40.27   40.32
002650     40.27   40.32
002651     40.27   40.32
002652     40.27   40.32
002653     40.27   40.32
002654     40.27   40.31
002655     40.27   40.31
002656     40.27   40.31
002657     40.27   40.31
002658     40.26   40.31
002659     40.26   40.31
002660     40.26   40.31
002661     40.26   40.31
002662     40.26   40.31
002663     40.26   40.31
002664     40.26   40.31
002665     40.26   40.31
002666     40.26   40.31
002667     40.26   40.31
002668     40.26   40.31
002669     40.26   40.31
002670     40.26   40.30
002671     40.26   40.31
002672     40.26   40.30
002673     40.26   40.30
002674     40.26   40.30
002675     40.26   40.30
002676     40.26   40.30
002677     40.26   40.30
002678     40.26   40.31
002679     40.26   40.31
002680     40.26   40.31
002681     40.26   40.31
002682     40.26   40.31
002683     40.26   40.31
002684     40.26   40.31
002685     40.26   40.31
002686     40.26   40.31
002687     40.26   40.31
002688     40.26   40.31
002689     40.26   40.31
002690     40.26   40.31
002691     40.26   40.31
002692     40.26   40.31
002693     40.26   40.30
002694     40.26   40.31
002695     40.26   40.30
002696     40.26   40.30
002697     40.26   40.31
002698     40.26   40.31
002699     40.26   40.30
002700     40.26   40.31
002701     40.26   40.30
002702     40.26   40.31
002703     40.26   40.31
002704     40.26   40.31
002705     40.26   40.31
002706     40.26   40.31
002707     40.26   40.31
002708     40.26   40.31
002709     40.26   40.31
002710     40.26   40.32
002711     40.26   40.31
002712     40.26   40.32
002713     40.26   40.32
002714     40.26   40.32
002715     40.26   40.32
002716     40.26   40.32
002717     40.26   40.31
002718     40.26   40.31
002719     40.26   40.31
002720     40.26   40.31
002721     40.26   40.31
002722     40.26   40.31
002723     40.26   40.31
002724     40.26   40.31
002725     40.26   40.31
002726     40.26   40.31
002727     40.26   40.31
002728     40.26   40.31
002729     40.26   40.31
002730     40.26   40.31
002731     40.26   40.30
002732     40.25   40.30
002733     40.25   40.30
002734     40.25   40.30
002735     40.25   40.30
002736     40.25   40.30
002737     40.25   40.30
002738     40.25   40.30
002739     40.25   40.30
002740     40.25   40.30
002741     40.25   40.30
002742     40.25   40.30
002743     40.25   40.30
002744     40.25   40.30
002745     40.25   40.30
002746     40.25   40.30
002747     40.25   40.30
002748     40.25   40.30
002749     40.25   40.30
002750     40.25   40.30
002751     40.25   40.30
002752     40.25   40.30
002753     40.25   40.29
002754     40.25   40.29
002755     40.25   40.29
002756     40.25   40.29
002757     40.25   40.29
002758     40.25   40.29
002759     40.25   40.30
002760     40.25   40.30
002761     40.25   40.30
002762     40.25   40.30
002763     40.25   40.30
002764     40.25   40.30
002765     40.25   40.30
002766     40.25   40.30
002767     40.25   40.30
002768     40.25   40.30
002769     40.25   40.30
002770     40.25   40.30
002771     40.25   40.30
002772     40.25   40.30
002773     40.25   40.30
002774     40.25   40.30
002775     40.25   40.30
002776     40.25   40.30
002777     40.25   40.30
002778     40.25   40.30
002779     40.25   40.29
002780     40.25   40.29
002781     40.25   40.29
002782     40.25   40.30
002783     40.25   40.29
002784     40.25   40.30
002785     40.25   40.30
002786     40.25   40.30
002787     40.25   40.30
002788     40.25   40.30
002789     40.25   40.30
002790     40.25   40.30
002791     40.25   40.30
002792     40.25   40.30
002793     40.25   40.30
002794     40.25   40.30
002795     40.25   40.30
002796     40.25   40.30
002797     40.25   40.30
002798     40.25   40.30
002799     40.25   40.29
002800     40.25   40.30
002801     40.25   40.29
002802     40.25   40.29
002803     40.25   40.29
002804     40.25   40.29
002805     40.25   40.29
002806     40.25   40.29
002807     40.25   40.29
002808     40.25   40.29
002809     40.25   40.29
002810     40.25   40.29
002811     40.25   40.29
002812     40.25   40.29
002813     40.25   40.29
002814     40.25   40.29
002815     40.25   40.29
002816     40.25   40.30
002817     40.25   40.30
002818     40.25   40.30
002819     40.25   40.30
002820     40.25   40.29
002821     40.25   40.30
002822     40.25   40.30
002823     40.25   40.30
002824     40.25   40.29
002825     40.25   40.30
002826     40.25   40.29
002827     40.25   40.29
002828     40.25   40.29
002829     40.25   40.29
002830     40.25   40.30
002831     40.25   40.30
002832     40.25   40.29
002833     40.25   40.30
002834     40.25   40.30
002835     40.25   40.30
002836     40.25   40.30
002837     40.25   40.30
002838     40.25   40.30
002839     40.25   40.30
002840     40.25   40.31
002841     40.25   40.30
002842     40.25   40.31
002843     40.25   40.31
002844     40.25   40.31
002845     40.25   40.31
002846     40.25   40.31
002847     40.25   40.31
002848     40.25   40.31
002849     40.25   40.30
002850     40.25   40.30
002851     40.25   40.30
002852     40.25   40.31
002853     40.25   40.31
002854     40.25   40.30
002855     40.25   40.30
002856     40.25   40.30
002857     40.25   40.30
002858     40.25   40.29
002859     40.25   40.29
002860     40.25   40.29
002861     40.25   40.29
002862     40.25   40.29
002863     40.25   40.30
002864     40.25   40.29
002865     40.25   40.30
002866     40.25   40.30
002867     40.25   40.30
002868     40.25   40.30
002869     40.25   40.30
002870     40.25   40.30
002871     40.25   40.30
002872     40.25   40.30
002873     40.25   40.30
002874     40.25   40.30
002875     40.25   40.30
002876     40.25   40.30
002877     40.25   40.30
002878     40.25   40.29
002879     40.25   40.30
002880     40.25   40.29
002881     40.25   40.29
002882     40.25   40.29
002883     40.25   40.29
002884     40.25   40.29
002885     40.25   40.30
002886     40.25   40.30
002887     40.25   40.30
002888     40.25   40.30
002889     40.25   40.30
002890     40.25   40.30
002891     40.25   40.30
002892     40.25   40.30
002893     40.25   40.30
002894     40.25   40.29
002895     40.25   40.29
002896     40.25   40.29
002897     40.25   40.29
002898     40.25   40.29
002899     40.25   40.29
002900     40.25   40.29
002901     40.25   40.29
002902     40.25   40.29
002903     40.25   40.29
002904     40.25   40.29
002905     40.25   40.29
002906     40.25   40.29
002907     40.25   40.29
002908     40.25   40.28
002909     40.25   40.29
002910     40.25   40.29
002911     40.25   40.29
002912     40.25   40.29
002913     40.25   40.29
002914     40.25   40.30
002915     40.25   40.30
002916     40.25   40.30
002917     40.25   40.29
002918     40.25   40.29
002919     40.25   40.29
002920     40.25   40.29
002921     40.25   40.29
002922     40.25   40.30
002923     40.25   40.30
002924     40.25   40.30
002925     40.25   40.30
002926     40.25   40.29
002927     40.25   40.29
002928     40.25   40.29
002929     40.25   40.29
002930     40.25   40.28
002931     40.25   40.29
002932     40.25   40.29
002933     40.25   40.29
002934     40.25   40.29
002935     40.25   40.29
002936     40.25   40.29
002937     40.25   40.29
002938     40.25   40.29
002939     40.25   40.30
002940     40.25   40.29
002941     40.25   40.29
002942     40.25   40.30
002943     40.25   40.30
002944     40.25   40.30
002945     40.25   40.30
002946     40.25   40.30
002947     40.25   40.30
002948     40.25   40.29
002949     40.25   40.29
002950     40.25   40.29
002951     40.25   40.29
002952     40.25   40.29
002953     40.25   40.29
002954     40.25   40.29
002955     40.25   40.29
002956     40.25   40.29
002957     40.25   40.29
002958     40.25   40.29
002959     40.25   40.29
002960     40.25   40.29
002961     40.25   40.29
002962     40.25   40.29
002963     40.25   40.29
002964     40.25   40.29
002965     40.25   40.29
002966     40.25   40.29
002967     40.25   40.30
002968     40.25   40.29
002969     40.25   40.29
002970     40.25   40.30
002971     40.25   40.30
002972     40.25   40.29
002973     40.25   40.29
002974     40.25   40.30
002975     40.25   40.30
002976     40.25   40.30
002977     40.25   40.30
002978     40.25   40.31
002979     40.25   40.31
002980     40.25   40.30
002981     40.25   40.30
002982     40.25   40.30
002983     40.25   40.30
002984     40.25   40.30
002985     40.25   40.30
002986     40.24   40.30
002987     40.24   40.30
002988     40.24   40.30
002989     40.24   40.30
002990     40.24   40.30
002991     40.24   40.29
002992     40.24   40.29
002993     40.24   40.29
002994     40.24   40.29
002995     40.24   40.29
002996     40.24   40.29
002997     40.24   40.29
002998     40.24   40.29
002999     40.24   40.28
003000     40.24   40.28
003001     40.24   40.28
