000001     2.75   02.93
000002     2.75   02.92
000003     2.75   02.91
000004     2.75   02.90
000005     2.75   02.89
000006     2.75   02.89
000007     2.73   02.86
000008     2.68   02.84
000009     2.65   02.82
000010     2.65   02.80
000011     2.65   02.81
000012     2.61   02.79
000013     2.60   02.78
000014     2.60   02.76
000015     2.57   02.72
000016     2.56   02.68
000017     2.55   02.66
000018     2.50   02.63
000019     2.50   02.61
000020     2.50   02.60
000021     2.47   02.58
000022     2.47   02.58
000023     2.46   02.56
000024     2.46   02.55
000025     2.43   02.54
000026     2.40   02.52
000027     2.37   02.50
000028     2.37   02.48
000029     2.35   02.46
000030     2.35   02.44
000031     2.35   02.43
000032     2.34   02.41
000033     2.33   02.40
000034     2.30   02.38
000035     2.29   02.37
000036     2.29   02.36
000037     2.28   02.35
000038     2.26   02.33
000039     2.25   02.32
000040     2.24   02.31
000041     2.24   02.29
000042     2.22   02.29
000043     2.22   02.28
000044     2.21   02.27
000045     2.21   02.25
000046     2.21   02.25
000047     2.18   02.24
000048     2.18   02.23
000049     2.17   02.22
000050     2.17   02.22
000051     2.16   02.21
000052     2.16   02.19
000053     2.14   02.19
000054     2.13   02.18
000055     2.13   02.17
000056     2.12   02.16
000057     2.10   02.15
000058     2.10   02.15
000059     2.09   02.14
000060     2.09   02.14
000061     2.09   02.13
000062     2.09   02.11
000063     2.09   02.11
000064     2.09   02.11
000065     2.09   02.11
000066     2.08   02.10
000067     2.08   02.10
000068     2.07   02.09
000069     2.07   02.09
000070     2.07   02.09
000071     2.07   02.09
000072     2.06   02.09
000073     2.06   02.08
000074     2.06   02.08
000075     2.06   02.08
000076     2.06   02.07
000077     2.06   02.07
000078     2.05   02.07
000079     2.05   02.07
000080     2.04   02.06
000081     2.04   02.06
000082     2.04   02.06
000083     2.04   02.05
000084     2.04   02.05
000085     2.03   02.05
000086     2.03   02.04
000087     2.03   02.04
000088     2.02   02.04
000089     2.02   02.04
000090     2.02   02.04
000091     2.02   02.03
000092     2.02   02.03
000093     2.02   02.03
000094     2.02   02.03
000095     2.02   02.03
000096     2.02   02.02
000097     2.01   02.02
000098     2.01   02.02
000099     2.01   02.02
000100     2.01   02.02
000101     2.01   02.02
000102     2.01   02.02
000103     2.00   02.01
000104     2.00   02.01
000105     2.00   02.01
000106     2.00   02.01
000107     2.00   02.01
000108     1.99   02.00
000109     1.99   02.00
000110     1.99   02.00
000111     1.99   02.00
000112     1.99   02.00
000113     1.99   02.00
000114     1.99   02.00
000115     1.99   02.00
000116     1.99   02.00
000117     1.98   01.99
000118     1.98   01.99
000119     1.98   01.99
000120     1.98   01.99
000121     1.98   01.99
000122     1.98   01.99
000123     1.98   01.99
000124     1.97   01.98
000125     1.97   01.98
000126     1.97   01.98
000127     1.97   01.98
000128     1.97   01.98
000129     1.97   01.97
000130     1.96   01.97
000131     1.96   01.97
000132     1.96   01.97
000133     1.96   01.97
000134     1.95   01.96
000135     1.95   01.96
000136     1.95   01.96
000137     1.95   01.96
000138     1.95   01.96
000139     1.95   01.95
000140     1.94   01.95
000141     1.94   01.95
000142     1.94   01.95
000143     1.94   01.95
000144     1.94   01.95
000145     1.93   01.94
000146     1.93   01.94
000147     1.93   01.94
000148     1.93   01.94
000149     1.92   01.94
000150     1.92   01.94
000151     1.92   01.93
000152     1.92   01.93
000153     1.92   01.93
000154     1.92   01.93
000155     1.92   01.93
000156     1.92   01.92
000157     1.91   01.92
000158     1.91   01.92
000159     1.91   01.92
000160     1.90   01.92
000161     1.90   01.92
000162     1.90   01.91
000163     1.90   01.91
000164     1.90   01.91
000165     1.90   01.91
000166     1.90   01.91
000167     1.90   01.90
000168     1.90   01.90
000169     1.89   01.90
000170     1.89   01.90
000171     1.89   01.90
000172     1.89   01.90
000173     1.88   01.89
000174     1.88   01.89
000175     1.88   01.89
000176     1.88   01.89
000177     1.88   01.89
000178     1.88   01.89
000179     1.88   01.88
000180     1.87   01.88
000181     1.87   01.88
000182     1.87   01.88
000183     1.86   01.88
000184     1.86   01.88
000185     1.86   01.87
000186     1.86   01.87
000187     1.85   01.87
000188     1.85   01.87
000189     1.85   01.86
000190     1.85   01.86
000191     1.85   01.86
000192     1.85   01.86
000193     1.85   01.86
000194     1.84   01.86
000195     1.84   01.85
000196     1.84   01.85
000197     1.84   01.85
000198     1.84   01.85
000199     1.84   01.85
000200     1.84   01.85
000201     1.83   01.84
000202     1.83   01.84
000203     1.83   01.84
000204     1.83   01.84
000205     1.82   01.84
000206     1.82   01.84
000207     1.82   01.83
000208     1.82   01.83
000209     1.82   01.83
000210     1.82   01.83
000211     1.81   01.82
000212     1.81   01.82
000213     1.81   01.82
000214     1.81   01.82
000215     1.81   01.82
000216     1.81   01.82
000217     1.80   01.81
000218     1.80   01.81
000219     1.80   01.81
000220     1.80   01.81
000221     1.80   01.81
000222     1.79   01.80
000223     1.79   01.80
000224     1.79   01.80
000225     1.79   01.80
000226     1.79   01.80
000227     1.79   01.80
000228     1.79   01.79
000229     1.78   01.79
000230     1.78   01.79
000231     1.78   01.79
000232     1.77   01.79
000233     1.77   01.79
000234     1.77   01.79
000235     1.77   01.78
000236     1.77   01.78
000237     1.77   01.78
000238     1.77   01.78
000239     1.77   01.78
000240     1.77   01.77
000241     1.76   01.77
000242     1.76   01.77
000243     1.76   01.77
000244     1.76   01.77
000245     1.76   01.77
000246     1.76   01.77
000247     1.75   01.76
000248     1.75   01.76
000249     1.75   01.76
000250     1.75   01.76
000251     1.74   01.76
000252     1.74   01.75
000253     1.74   01.75
000254     1.74   01.75
000255     1.74   01.75
000256     1.74   01.75
000257     1.74   01.75
000258     1.73   01.74
000259     1.73   01.74
000260     1.73   01.74
000261     1.73   01.74
000262     1.73   01.74
000263     1.73   01.74
000264     1.72   01.73
000265     1.72   01.73
000266     1.72   01.73
000267     1.72   01.73
000268     1.72   01.73
000269     1.71   01.72
000270     1.71   01.72
000271     1.71   01.72
000272     1.71   01.72
000273     1.71   01.72
000274     1.71   01.72
000275     1.70   01.71
000276     1.70   01.71
000277     1.70   01.71
000278     1.70   01.71
000279     1.70   01.71
000280     1.69   01.71
000281     1.69   01.70
000282     1.69   01.70
000283     1.69   01.70
000284     1.69   01.70
000285     1.69   01.70
000286     1.68   01.69
000287     1.68   01.69
000288     1.68   01.69
000289     1.68   01.69
000290     1.68   01.69
000291     1.68   01.69
000292     1.68   01.68
000293     1.67   01.68
000294     1.67   01.68
000295     1.67   01.68
000296     1.67   01.68
000297     1.67   01.68
000298     1.67   01.68
000299     1.67   01.67
000300     1.67   01.67
000301     1.66   01.67
000302     1.66   01.67
000303     1.66   01.67
000304     1.65   01.66
000305     1.65   01.66
000306     1.65   01.66
000307     1.65   01.66
000308     1.65   01.66
000309     1.65   01.66
000310     1.65   01.66
000311     1.65   01.66
000312     1.64   01.65
000313     1.64   01.65
000314     1.64   01.65
000315     1.64   01.65
000316     1.63   01.65
000317     1.63   01.64
000318     1.63   01.64
000319     1.63   01.64
000320     1.63   01.64
000321     1.63   01.64
000322     1.63   01.64
000323     1.63   01.64
000324     1.63   01.64
000325     1.62   01.63
000326     1.62   01.63
000327     1.62   01.63
000328     1.62   01.63
000329     1.62   01.63
000330     1.62   01.62
000331     1.61   01.62
000332     1.61   01.62
000333     1.61   01.62
000334     1.61   01.62
000335     1.61   01.62
000336     1.61   01.62
000337     1.61   01.62
000338     1.61   01.61
000339     1.60   01.61
000340     1.60   01.61
000341     1.60   01.61
000342     1.60   01.61
000343     1.59   01.60
000344     1.59   01.60
000345     1.59   01.60
000346     1.59   01.60
000347     1.59   01.60
000348     1.59   01.60
000349     1.59   01.60
000350     1.58   01.59
000351     1.58   01.59
000352     1.58   01.59
000353     1.58   01.59
000354     1.58   01.59
000355     1.58   01.59
000356     1.57   01.58
000357     1.57   01.58
000358     1.57   01.58
000359     1.57   01.58
000360     1.57   01.58
000361     1.57   01.58
000362     1.57   01.57
000363     1.57   01.57
000364     1.56   01.57
000365     1.56   01.57
000366     1.56   01.57
000367     1.56   01.57
000368     1.56   01.57
000369     1.56   01.56
000370     1.55   01.56
000371     1.55   01.56
000372     1.55   01.56
000373     1.55   01.56
000374     1.55   01.56
000375     1.55   01.56
000376     1.55   01.55
000377     1.54   01.55
000378     1.54   01.55
000379     1.54   01.55
000380     1.54   01.55
000381     1.54   01.55
000382     1.53   01.54
000383     1.53   01.54
000384     1.53   01.54
000385     1.53   01.54
000386     1.53   01.54
000387     1.53   01.54
000388     1.53   01.53
000389     1.52   01.53
000390     1.52   01.53
000391     1.52   01.53
000392     1.52   01.53
000393     1.52   01.53
000394     1.52   01.53
000395     1.51   01.53
000396     1.51   01.52
000397     1.51   01.52
000398     1.51   01.52
000399     1.51   01.52
000400     1.50   01.52
000401     1.50   01.51
000402     1.50   01.51
000403     1.50   01.51
000404     1.50   01.51
000405     1.50   01.51
000406     1.50   01.51
000407     1.50   01.51
000408     1.50   01.51
000409     1.50   01.51
000410     1.49   01.51
000411     1.49   01.50
000412     1.49   01.50
000413     1.49   01.50
000414     1.49   01.50
000415     1.49   01.50
000416     1.49   01.49
000417     1.48   01.49
000418     1.48   01.49
000419     1.48   01.49
000420     1.48   01.49
000421     1.48   01.49
000422     1.48   01.49
000423     1.47   01.49
000424     1.47   01.48
000425     1.47   01.48
000426     1.47   01.48
000427     1.47   01.48
000428     1.47   01.48
000429     1.47   01.48
000430     1.47   01.48
000431     1.47   01.47
000432     1.47   01.47
000433     1.46   01.47
000434     1.46   01.47
000435     1.46   01.47
000436     1.46   01.47
000437     1.46   01.47
000438     1.46   01.46
000439     1.46   01.46
000440     1.45   01.46
000441     1.45   01.46
000442     1.45   01.46
000443     1.45   01.46
000444     1.45   01.46
000445     1.45   01.46
000446     1.45   01.46
000447     1.45   01.45
000448     1.44   01.45
000449     1.44   01.45
000450     1.44   01.45
000451     1.44   01.45
000452     1.44   01.45
000453     1.44   01.45
000454     1.44   01.44
000455     1.43   01.44
000456     1.43   01.44
000457     1.43   01.44
000458     1.43   01.44
000459     1.43   01.44
000460     1.43   01.44
000461     1.43   01.44
000462     1.42   01.43
000463     1.42   01.43
000464     1.42   01.43
000465     1.42   01.43
000466     1.42   01.43
000467     1.42   01.43
000468     1.41   01.42
000469     1.41   01.42
000470     1.41   01.42
000471     1.41   01.42
000472     1.41   01.42
000473     1.41   01.42
000474     1.41   01.42
000475     1.41   01.41
000476     1.41   01.41
000477     1.40   01.41
000478     1.40   01.41
000479     1.40   01.41
000480     1.39   01.41
000481     1.39   01.40
000482     1.39   01.40
000483     1.39   01.40
000484     1.39   01.40
000485     1.39   01.40
000486     1.38   01.39
000487     1.38   01.39
000488     1.38   01.39
000489     1.38   01.39
000490     1.38   01.39
000491     1.38   01.39
000492     1.38   01.39
000493     1.38   01.39
000494     1.37   01.38
000495     1.37   01.38
000496     1.37   01.38
000497     1.37   01.38
000498     1.37   01.38
000499     1.37   01.38
000500     1.37   01.38
000501     1.36   01.37
000502     1.36   01.37
000503     1.36   01.37
000504     1.36   01.37
000505     1.36   01.37
000506     1.36   01.37
000507     1.36   01.36
000508     1.35   01.36
000509     1.35   01.36
000510     1.35   01.36
000511     1.35   01.36
000512     1.35   01.36
000513     1.35   01.36
000514     1.35   01.36
000515     1.35   01.36
000516     1.35   01.36
000517     1.34   01.35
000518     1.34   01.35
000519     1.34   01.35
000520     1.34   01.35
000521     1.34   01.35
000522     1.34   01.35
000523     1.34   01.35
000524     1.34   01.35
000525     1.33   01.34
000526     1.33   01.34
000527     1.33   01.34
000528     1.33   01.34
000529     1.33   01.34
000530     1.33   01.34
000531     1.33   01.34
000532     1.33   01.33
000533     1.32   01.33
000534     1.32   01.33
000535     1.32   01.33
000536     1.32   01.33
000537     1.32   01.33
000538     1.32   01.33
000539     1.32   01.32
000540     1.31   01.32
000541     1.31   01.32
000542     1.31   01.32
000543     1.31   01.32
000544     1.31   01.32
000545     1.31   01.32
000546     1.31   01.32
000547     1.31   01.31
000548     1.31   01.31
000549     1.30   01.31
000550     1.30   01.31
000551     1.30   01.31
000552     1.30   01.31
000553     1.30   01.31
000554     1.30   01.31
000555     1.30   01.31
000556     1.29   01.30
000557     1.29   01.30
000558     1.29   01.30
000559     1.29   01.30
000560     1.29   01.29
000561     1.28   01.29
000562     1.28   01.29
000563     1.28   01.29
000564     1.28   01.29
000565     1.28   01.29
000566     1.28   01.29
000567     1.28   01.29
000568     1.27   01.28
000569     1.27   01.28
000570     1.27   01.28
000571     1.27   01.28
000572     1.27   01.28
000573     1.27   01.28
000574     1.27   01.28
000575     1.26   01.27
000576     1.26   01.27
000577     1.26   01.27
000578     1.26   01.27
000579     1.26   01.27
000580     1.26   01.27
000581     1.26   01.26
000582     1.26   01.26
000583     1.25   01.26
000584     1.25   01.26
000585     1.25   01.26
000586     1.25   01.26
000587     1.25   01.26
000588     1.25   01.26
000589     1.25   01.26
000590     1.25   01.26
000591     1.25   01.25
000592     1.25   01.25
000593     1.25   01.25
000594     1.24   01.25
000595     1.24   01.25
000596     1.24   01.25
000597     1.24   01.25
000598     1.24   01.25
000599     1.24   01.25
000600     1.23   01.24
000601     1.23   01.24
000602     1.23   01.24
000603     1.23   01.24
000604     1.23   01.24
000605     1.23   01.24
000606     1.22   01.24
000607     1.22   01.23
000608     1.22   01.23
000609     1.22   01.23
000610     1.22   01.23
000611     1.22   01.23
000612     1.22   01.23
000613     1.22   01.23
000614     1.22   01.23
000615     1.21   01.22
000616     1.21   01.22
000617     1.21   01.22
000618     1.21   01.22
000619     1.21   01.22
000620     1.21   01.22
000621     1.21   01.22
000622     1.21   01.22
000623     1.21   01.22
000624     1.21   01.21
000625     1.20   01.21
000626     1.20   01.21
000627     1.20   01.21
000628     1.20   01.21
000629     1.20   01.21
000630     1.20   01.21
000631     1.20   01.21
000632     1.20   01.20
000633     1.20   01.20
000634     1.19   01.20
000635     1.19   01.20
000636     1.19   01.20
000637     1.19   01.20
000638     1.19   01.20
000639     1.19   01.19
000640     1.18   01.19
000641     1.18   01.19
000642     1.18   01.19
000643     1.18   01.19
000644     1.18   01.19
000645     1.18   01.19
000646     1.17   01.19
000647     1.17   01.18
000648     1.17   01.18
000649     1.17   01.18
000650     1.17   01.18
000651     1.16   01.18
000652     1.16   01.18
000653     1.16   01.17
000654     1.16   01.17
000655     1.16   01.17
000656     1.16   01.17
000657     1.16   01.17
000658     1.16   01.17
000659     1.16   01.16
000660     1.16   01.16
000661     1.15   01.16
000662     1.15   01.16
000663     1.15   01.16
000664     1.15   01.16
000665     1.15   01.16
000666     1.15   01.15
000667     1.15   01.15
000668     1.14   01.15
000669     1.14   01.15
000670     1.14   01.15
000671     1.14   01.15
000672     1.14   01.15
000673     1.14   01.15
000674     1.13   01.15
000675     1.13   01.14
000676     1.13   01.14
000677     1.13   01.14
000678     1.13   01.14
000679     1.13   01.14
000680     1.13   01.14
000681     1.13   01.13
000682     1.12   01.13
000683     1.12   01.13
000684     1.12   01.13
000685     1.12   01.13
000686     1.12   01.13
000687     1.12   01.13
000688     1.12   01.13
000689     1.12   01.12
000690     1.11   01.12
000691     1.11   01.12
000692     1.11   01.12
000693     1.11   01.12
000694     1.11   01.12
000695     1.11   01.12
000696     1.11   01.11
000697     1.10   01.11
000698     1.10   01.11
000699     1.10   01.11
000700     1.10   01.11
000701     1.10   01.11
000702     1.10   01.11
000703     1.10   01.11
000704     1.09   01.11
000705     1.09   01.10
000706     1.09   01.10
000707     1.09   01.10
000708     1.09   01.10
000709     1.09   01.10
000710     1.09   01.10
000711     1.09   01.10
000712     1.09   01.09
000713     1.09   01.09
000714     1.09   01.09
000715     1.09   01.09
000716     1.08   01.09
000717     1.08   01.09
000718     1.08   01.09
000719     1.08   01.09
000720     1.08   01.09
000721     1.08   01.09
000722     1.08   01.08
000723     1.07   01.08
000724     1.07   01.08
000725     1.07   01.08
000726     1.07   01.08
000727     1.07   01.08
000728     1.07   01.08
000729     1.07   01.08
000730     1.07   01.08
000731     1.07   01.07
000732     1.06   01.07
000733     1.06   01.07
000734     1.06   01.07
000735     1.06   01.07
000736     1.06   01.07
000737     1.06   01.07
000738     1.06   01.07
000739     1.06   01.07
000740     1.06   01.06
000741     1.05   01.06
000742     1.05   01.06
000743     1.05   01.06
000744     1.05   01.06
000745     1.05   01.06
000746     1.05   01.06
000747     1.05   01.06
000748     1.05   01.05
000749     1.05   01.05
000750     1.05   01.05
000751     1.04   01.05
000752     1.04   01.05
000753     1.04   01.05
000754     1.04   01.05
000755     1.04   01.05
000756     1.04   01.05
000757     1.04   01.04
000758     1.04   01.04
000759     1.04   01.04
000760     1.04   01.04
000761     1.03   01.04
000762     1.03   01.04
000763     1.03   01.04
000764     1.03   01.04
000765     1.03   01.04
000766     1.03   01.04
000767     1.03   01.04
000768     1.02   01.04
000769     1.02   01.03
000770     1.02   01.03
000771     1.02   01.03
000772     1.02   01.03
000773     1.02   01.03
000774     1.02   01.03
000775     1.02   01.03
000776     1.02   01.03
000777     1.02   01.02
000778     1.02   01.02
000779     1.02   01.02
000780     1.01   01.02
000781     1.01   01.02
000782     1.01   01.02
000783     1.01   01.02
000784     1.01   01.02
000785     1.01   01.02
000786     1.01   01.01
000787     1.01   01.01
000788     1.00   01.01
000789     1.00   01.01
000790     1.00   01.01
000791     1.00   01.01
000792     1.00   01.01
000793     1.00   01.01
000794     0.99   01.00
000795     0.99   01.00
000796     0.99   01.00
000797     0.99   01.00
000798     0.99   01.00
000799     0.99   01.00
000800     0.99   01.00
000801     0.99   01.00
000802     0.99   01.00
000803     0.99   01.00
000804     0.98   01.00
000805     0.98   00.99
000806     0.98   00.99
000807     0.98   00.99
000808     0.98   00.99
000809     0.98   00.99
000810     0.97   00.99
000811     0.97   00.98
000812     0.97   00.98
000813     0.97   00.98
000814     0.97   00.98
000815     0.97   00.98
000816     0.97   00.98
000817     0.97   00.98
000818     0.97   00.98
000819     0.97   00.97
000820     0.97   00.97
000821     0.97   00.97
000822     0.96   00.97
000823     0.96   00.97
000824     0.96   00.97
000825     0.96   00.97
000826     0.96   00.97
000827     0.96   00.97
000828     0.96   00.97
000829     0.96   00.97
000830     0.96   00.96
000831     0.96   00.96
000832     0.95   00.96
000833     0.95   00.96
000834     0.95   00.96
000835     0.95   00.96
000836     0.95   00.96
000837     0.95   00.96
000838     0.95   00.95
000839     0.95   00.95
000840     0.95   00.95
000841     0.95   00.95
000842     0.95   00.95
000843     0.94   00.95
000844     0.94   00.95
000845     0.94   00.95
000846     0.94   00.95
000847     0.94   00.95
000848     0.94   00.95
000849     0.94   00.94
000850     0.94   00.94
000851     0.94   00.94
000852     0.94   00.94
000853     0.93   00.94
000854     0.93   00.94
000855     0.93   00.94
000856     0.93   00.94
000857     0.93   00.94
000858     0.93   00.94
000859     0.93   00.94
000860     0.93   00.93
000861     0.93   00.93
000862     0.92   00.93
000863     0.92   00.93
000864     0.92   00.93
000865     0.92   00.93
000866     0.92   00.93
000867     0.92   00.93
000868     0.92   00.93
000869     0.92   00.92
000870     0.91   00.92
000871     0.91   00.92
000872     0.91   00.92
000873     0.91   00.92
000874     0.91   00.92
000875     0.91   00.92
000876     0.91   00.92
000877     0.91   00.91
000878     0.91   00.91
000879     0.90   00.91
000880     0.90   00.91
000881     0.90   00.91
000882     0.90   00.91
000883     0.90   00.91
000884     0.90   00.91
000885     0.90   00.91
000886     0.90   00.90
000887     0.90   00.90
000888     0.90   00.90
000889     0.89   00.90
000890     0.89   00.90
000891     0.89   00.90
000892     0.89   00.90
000893     0.89   00.90
000894     0.89   00.89
000895     0.88   00.89
000896     0.88   00.89
000897     0.88   00.89
000898     0.88   00.89
000899     0.88   00.89
000900     0.88   00.89
000901     0.88   00.89
000902     0.88   00.89
000903     0.88   00.89
000904     0.87   00.89
000905     0.87   00.88
000906     0.87   00.88
000907     0.87   00.88
000908     0.87   00.88
000909     0.87   00.88
000910     0.87   00.88
000911     0.87   00.88
000912     0.87   00.87
000913     0.87   00.87
000914     0.87   00.87
000915     0.87   00.87
000916     0.86   00.87
000917     0.86   00.87
000918     0.86   00.87
000919     0.86   00.87
000920     0.86   00.87
000921     0.86   00.87
000922     0.86   00.87
000923     0.86   00.87
000924     0.86   00.86
000925     0.85   00.86
000926     0.85   00.86
000927     0.85   00.86
000928     0.85   00.86
000929     0.85   00.86
000930     0.85   00.86
000931     0.85   00.85
000932     0.85   00.85
000933     0.85   00.85
000934     0.85   00.85
000935     0.84   00.85
000936     0.84   00.85
000937     0.84   00.85
000938     0.84   00.85
000939     0.84   00.85
000940     0.84   00.85
000941     0.84   00.84
000942     0.83   00.84
000943     0.83   00.84
000944     0.83   00.84
000945     0.83   00.84
000946     0.83   00.84
000947     0.83   00.84
000948     0.83   00.83
000949     0.83   00.83
000950     0.83   00.83
000951     0.83   00.83
000952     0.83   00.83
000953     0.83   00.83
000954     0.82   00.83
000955     0.82   00.83
000956     0.82   00.83
000957     0.82   00.83
000958     0.82   00.83
000959     0.82   00.83
000960     0.82   00.82
000961     0.82   00.82
000962     0.82   00.82
000963     0.81   00.82
000964     0.81   00.82
000965     0.81   00.82
000966     0.81   00.82
000967     0.81   00.82
000968     0.81   00.82
000969     0.81   00.81
000970     0.81   00.81
000971     0.81   00.81
000972     0.80   00.81
000973     0.80   00.81
000974     0.80   00.81
000975     0.80   00.81
000976     0.80   00.81
000977     0.80   00.81
000978     0.80   00.80
000979     0.80   00.80
000980     0.80   00.80
000981     0.80   00.80
000982     0.79   00.80
000983     0.79   00.80
000984     0.79   00.80
000985     0.79   00.80
000986     0.79   00.80
000987     0.79   00.80
000988     0.79   00.80
000989     0.79   00.79
000990     0.79   00.79
000991     0.79   00.79
000992     0.79   00.79
000993     0.79   00.79
000994     0.79   00.79
000995     0.78   00.79
000996     0.78   00.79
000997     0.78   00.79
000998     0.78   00.79
000999     0.78   00.79
001000     0.78   00.78
001001     0.78   00.78
001002     0.78   00.78
001003     0.77   00.78
001004     0.77   00.78
001005     0.77   00.78
001006     0.77   00.78
001007     0.77   00.78
001008     0.77   00.78
001009     0.77   00.78
001010     0.77   00.77
001011     0.77   00.77
001012     0.77   00.77
001013     0.77   00.77
001014     0.77   00.77
001015     0.77   00.77
001016     0.76   00.77
001017     0.76   00.77
001018     0.76   00.77
001019     0.76   00.77
001020     0.76   00.77
001021     0.76   00.77
001022     0.76   00.77
001023     0.76   00.76
001024     0.76   00.76
001025     0.76   00.76
001026     0.76   00.76
001027     0.75   00.76
001028     0.75   00.76
001029     0.75   00.76
001030     0.75   00.76
001031     0.75   00.76
001032     0.75   00.76
001033     0.75   00.76
001034     0.75   00.76
001035     0.75   00.75
001036     0.75   00.75
001037     0.75   00.75
001038     0.75   00.75
001039     0.74   00.75
001040     0.74   00.75
001041     0.74   00.75
001042     0.74   00.75
001043     0.74   00.75
001044     0.74   00.74
001045     0.73   00.74
001046     0.73   00.74
001047     0.73   00.74
001048     0.73   00.74
001049     0.73   00.74
001050     0.73   00.74
001051     0.73   00.74
001052     0.73   00.74
001053     0.73   00.73
001054     0.73   00.73
001055     0.73   00.73
001056     0.73   00.73
001057     0.73   00.73
001058     0.72   00.73
001059     0.72   00.73
001060     0.72   00.73
001061     0.72   00.73
001062     0.72   00.73
001063     0.72   00.73
001064     0.72   00.73
001065     0.72   00.73
001066     0.72   00.73
001067     0.72   00.72
001068     0.72   00.72
001069     0.72   00.72
001070     0.72   00.72
001071     0.72   00.72
001072     0.72   00.72
001073     0.72   00.72
001074     0.71   00.72
001075     0.71   00.72
001076     0.71   00.72
001077     0.71   00.72
001078     0.71   00.72
001079     0.71   00.72
001080     0.71   00.71
001081     0.71   00.71
001082     0.71   00.71
001083     0.71   00.71
001084     0.71   00.71
001085     0.71   00.71
001086     0.71   00.71
001087     0.71   00.71
001088     0.70   00.71
001089     0.70   00.71
001090     0.70   00.71
001091     0.70   00.71
001092     0.70   00.71
001093     0.70   00.71
001094     0.70   00.71
001095     0.70   00.70
001096     0.70   00.70
001097     0.70   00.70
001098     0.70   00.70
001099     0.70   00.70
001100     0.69   00.70
001101     0.69   00.70
001102     0.69   00.70
001103     0.69   00.70
001104     0.69   00.70
001105     0.69   00.70
001106     0.69   00.70
001107     0.69   00.70
001108     0.69   00.70
001109     0.69   00.69
001110     0.69   00.69
001111     0.69   00.69
001112     0.69   00.69
001113     0.68   00.69
001114     0.68   00.69
001115     0.68   00.69
001116     0.68   00.69
001117     0.68   00.69
001118     0.68   00.69
001119     0.68   00.69
001120     0.68   00.69
001121     0.68   00.68
001122     0.68   00.68
001123     0.68   00.68
001124     0.68   00.68
001125     0.67   00.68
001126     0.67   00.68
001127     0.67   00.68
001128     0.67   00.68
001129     0.67   00.68
001130     0.67   00.68
001131     0.67   00.68
001132     0.67   00.67
001133     0.66   00.67
001134     0.66   00.67
001135     0.66   00.67
001136     0.66   00.67
001137     0.66   00.67
001138     0.66   00.67
001139     0.66   00.67
001140     0.66   00.67
001141     0.66   00.67
001142     0.66   00.67
001143     0.66   00.66
001144     0.66   00.66
001145     0.66   00.66
001146     0.65   00.66
001147     0.65   00.66
001148     0.65   00.66
001149     0.65   00.66
001150     0.65   00.66
001151     0.65   00.66
001152     0.65   00.66
001153     0.65   00.66
001154     0.65   00.66
001155     0.65   00.65
001156     0.65   00.65
001157     0.65   00.65
001158     0.65   00.65
001159     0.64   00.65
001160     0.64   00.65
001161     0.64   00.65
001162     0.64   00.65
001163     0.64   00.65
001164     0.64   00.65
001165     0.64   00.65
001166     0.64   00.65
001167     0.64   00.64
001168     0.64   00.64
001169     0.64   00.64
001170     0.63   00.64
001171     0.63   00.64
001172     0.63   00.64
001173     0.63   00.64
001174     0.63   00.64
001175     0.63   00.64
001176     0.63   00.64
001177     0.63   00.64
001178     0.63   00.64
001179     0.63   00.63
001180     0.63   00.63
001181     0.63   00.63
001182     0.63   00.63
001183     0.63   00.63
001184     0.62   00.63
001185     0.62   00.63
001186     0.62   00.63
001187     0.62   00.63
001188     0.62   00.63
001189     0.62   00.63
001190     0.62   00.63
001191     0.62   00.63
001192     0.62   00.62
001193     0.62   00.62
001194     0.62   00.62
001195     0.62   00.62
001196     0.62   00.62
001197     0.61   00.62
001198     0.61   00.62
001199     0.61   00.62
001200     0.61   00.62
001201     0.61   00.62
001202     0.61   00.62
001203     0.61   00.61
001204     0.61   00.61
001205     0.61   00.61
001206     0.61   00.61
001207     0.60   00.61
001208     0.60   00.61
001209     0.60   00.61
001210     0.60   00.61
001211     0.60   00.61
001212     0.60   00.61
001213     0.60   00.61
001214     0.60   00.61
001215     0.60   00.61
001216     0.60   00.60
001217     0.60   00.60
001218     0.59   00.60
001219     0.59   00.60
001220     0.59   00.60
001221     0.59   00.60
001222     0.59   00.60
001223     0.59   00.60
001224     0.59   00.60
001225     0.59   00.60
001226     0.59   00.60
001227     0.59   00.60
001228     0.59   00.60
001229     0.59   00.59
001230     0.59   00.59
001231     0.59   00.59
001232     0.59   00.59
001233     0.59   00.59
001234     0.59   00.59
001235     0.58   00.59
001236     0.58   00.59
001237     0.58   00.59
001238     0.58   00.59
001239     0.58   00.59
001240     0.58   00.59
001241     0.58   00.59
001242     0.58   00.59
001243     0.58   00.58
001244     0.58   00.58
001245     0.58   00.58
001246     0.58   00.58
001247     0.57   00.58
001248     0.57   00.58
001249     0.57   00.58
001250     0.57   00.58
001251     0.57   00.58
001252     0.57   00.58
001253     0.57   00.58
001254     0.57   00.58
001255     0.57   00.57
001256     0.57   00.57
001257     0.57   00.57
001258     0.56   00.57
001259     0.56   00.57
001260     0.56   00.57
001261     0.56   00.57
001262     0.56   00.57
001263     0.56   00.57
001264     0.56   00.57
001265     0.56   00.57
001266     0.56   00.57
001267     0.56   00.56
001268     0.56   00.56
001269     0.56   00.56
001270     0.55   00.56
001271     0.55   00.56
001272     0.55   00.56
001273     0.55   00.56
001274     0.55   00.56
001275     0.55   00.56
001276     0.55   00.55
001277     0.55   00.55
001278     0.55   00.55
001279     0.55   00.55
001280     0.54   00.55
001281     0.54   00.55
001282     0.54   00.55
001283     0.54   00.55
001284     0.54   00.55
001285     0.54   00.55
001286     0.54   00.55
001287     0.54   00.55
001288     0.54   00.55
001289     0.54   00.54
001290     0.54   00.54
001291     0.53   00.54
001292     0.53   00.54
001293     0.53   00.54
001294     0.53   00.54
001295     0.53   00.54
001296     0.53   00.54
001297     0.53   00.54
001298     0.53   00.54
001299     0.53   00.53
001300     0.52   00.53
001301     0.52   00.53
001302     0.52   00.53
001303     0.52   00.53
001304     0.52   00.53
001305     0.52   00.53
001306     0.52   00.53
001307     0.52   00.53
001308     0.52   00.53
001309     0.52   00.52
001310     0.52   00.52
001311     0.52   00.52
001312     0.52   00.52
001313     0.51   00.52
001314     0.51   00.52
001315     0.51   00.52
001316     0.51   00.52
001317     0.51   00.52
001318     0.51   00.52
001319     0.51   00.52
001320     0.51   00.52
001321     0.51   00.52
001322     0.51   00.52
001323     0.51   00.51
001324     0.51   00.51
001325     0.51   00.51
001326     0.50   00.51
001327     0.50   00.51
001328     0.50   00.51
001329     0.50   00.51
001330     0.50   00.51
001331     0.50   00.51
001332     0.50   00.51
001333     0.50   00.51
001334     0.50   00.51
001335     0.50   00.51
001336     0.50   00.51
001337     0.50   00.51
001338     0.50   00.50
001339     0.50   00.50
001340     0.50   00.50
001341     0.50   00.50
001342     0.50   00.50
001343     0.49   00.50
001344     0.49   00.50
001345     0.49   00.50
001346     0.49   00.50
001347     0.49   00.50
001348     0.49   00.50
001349     0.49   00.50
001350     0.49   00.50
001351     0.49   00.50
001352     0.49   00.50
001353     0.49   00.50
001354     0.49   00.50
001355     0.49   00.50
001356     0.49   00.49
001357     0.49   00.49
001358     0.49   00.49
001359     0.49   00.49
001360     0.49   00.49
001361     0.48   00.49
001362     0.48   00.49
001363     0.48   00.49
001364     0.48   00.49
001365     0.48   00.49
001366     0.48   00.49
001367     0.48   00.49
001368     0.48   00.49
001369     0.48   00.49
001370     0.48   00.49
001371     0.48   00.48
001372     0.48   00.48
001373     0.48   00.48
001374     0.48   00.48
001375     0.48   00.48
001376     0.47   00.48
001377     0.47   00.48
001378     0.47   00.48
001379     0.47   00.48
001380     0.47   00.48
001381     0.47   00.48
001382     0.47   00.48
001383     0.47   00.48
001384     0.47   00.48
001385     0.47   00.47
001386     0.47   00.47
001387     0.47   00.47
001388     0.47   00.47
001389     0.47   00.47
001390     0.47   00.47
001391     0.46   00.47
001392     0.46   00.47
001393     0.46   00.47
001394     0.46   00.47
001395     0.46   00.47
001396     0.46   00.47
001397     0.46   00.47
001398     0.46   00.47
001399     0.46   00.47
001400     0.46   00.46
001401     0.46   00.46
001402     0.46   00.46
001403     0.45   00.46
001404     0.45   00.46
001405     0.45   00.46
001406     0.45   00.46
001407     0.45   00.46
001408     0.45   00.46
001409     0.45   00.46
001410     0.45   00.46
001411     0.45   00.46
001412     0.45   00.45
001413     0.45   00.45
001414     0.45   00.45
001415     0.45   00.45
001416     0.45   00.45
001417     0.45   00.45
001418     0.45   00.45
001419     0.45   00.45
001420     0.45   00.45
001421     0.44   00.45
001422     0.44   00.45
001423     0.44   00.45
001424     0.44   00.45
001425     0.44   00.45
001426     0.44   00.45
001427     0.44   00.45
001428     0.44   00.45
001429     0.44   00.45
001430     0.44   00.45
001431     0.44   00.45
001432     0.44   00.44
001433     0.44   00.44
001434     0.44   00.44
001435     0.44   00.44
001436     0.44   00.44
001437     0.43   00.44
001438     0.43   00.44
001439     0.43   00.44
001440     0.43   00.44
001441     0.43   00.44
001442     0.43   00.44
001443     0.43   00.44
001444     0.43   00.44
001445     0.43   00.44
001446     0.43   00.44
001447     0.43   00.44
001448     0.43   00.43
001449     0.43   00.43
001450     0.43   00.43
001451     0.42   00.43
001452     0.42   00.43
001453     0.42   00.43
001454     0.42   00.43
001455     0.42   00.43
001456     0.42   00.43
001457     0.42   00.43
001458     0.42   00.43
001459     0.42   00.43
001460     0.42   00.43
001461     0.42   00.43
001462     0.42   00.43
001463     0.42   00.43
001464     0.42   00.43
001465     0.42   00.43
001466     0.42   00.42
001467     0.42   00.42
001468     0.42   00.42
001469     0.42   00.42
001470     0.42   00.42
001471     0.42   00.42
001472     0.41   00.42
001473     0.41   00.42
001474     0.41   00.42
001475     0.41   00.42
001476     0.41   00.42
001477     0.41   00.42
001478     0.41   00.42
001479     0.41   00.42
001480     0.41   00.42
001481     0.41   00.42
001482     0.41   00.41
001483     0.41   00.41
001484     0.41   00.41
001485     0.41   00.41
001486     0.41   00.41
001487     0.40   00.41
001488     0.40   00.41
001489     0.40   00.41
001490     0.40   00.41
001491     0.40   00.41
001492     0.40   00.41
001493     0.40   00.41
001494     0.40   00.41
001495     0.40   00.41
001496     0.40   00.41
001497     0.40   00.41
001498     0.40   00.40
001499     0.40   00.40
001500     0.40   00.40
001501     0.40   00.40
001502     0.40   00.40
001503     0.40   00.40
001504     0.40   00.40
001505     0.40   00.40
001506     0.39   00.40
001507     0.39   00.40
001508     0.39   00.40
001509     0.39   00.40
001510     0.39   00.40
001511     0.39   00.40
001512     0.39   00.40
001513     0.39   00.40
001514     0.39   00.40
001515     0.39   00.40
001516     0.39   00.40
001517     0.39   00.39
001518     0.39   00.39
001519     0.39   00.39
001520     0.39   00.39
001521     0.39   00.39
001522     0.38   00.39
001523     0.38   00.39
001524     0.38   00.39
001525     0.38   00.39
001526     0.38   00.39
001527     0.38   00.39
001528     0.38   00.39
001529     0.38   00.39
001530     0.38   00.39
001531     0.38   00.39
001532     0.38   00.38
001533     0.38   00.38
001534     0.38   00.38
001535     0.38   00.38
001536     0.38   00.38
001537     0.38   00.38
001538     0.38   00.38
001539     0.38   00.38
001540     0.37   00.38
001541     0.37   00.38
001542     0.37   00.38
001543     0.37   00.38
001544     0.37   00.38
001545     0.37   00.38
001546     0.37   00.38
001547     0.37   00.38
001548     0.37   00.38
001549     0.37   00.38
001550     0.37   00.37
001551     0.37   00.37
001552     0.37   00.37
001553     0.37   00.37
001554     0.37   00.37
001555     0.37   00.37
001556     0.37   00.37
001557     0.37   00.37
001558     0.36   00.37
001559     0.36   00.37
001560     0.36   00.37
001561     0.36   00.37
001562     0.36   00.37
001563     0.36   00.37
001564     0.36   00.37
001565     0.36   00.37
001566     0.36   00.37
001567     0.36   00.37
001568     0.36   00.37
001569     0.36   00.37
001570     0.36   00.37
001571     0.36   00.37
001572     0.36   00.36
001573     0.36   00.36
001574     0.36   00.36
001575     0.36   00.36
001576     0.36   00.36
001577     0.36   00.36
001578     0.36   00.36
001579     0.35   00.36
001580     0.35   00.36
001581     0.35   00.36
001582     0.35   00.36
001583     0.35   00.36
001584     0.35   00.36
001585     0.35   00.36
001586     0.35   00.36
001587     0.35   00.36
001588     0.35   00.36
001589     0.35   00.36
001590     0.35   00.36
001591     0.35   00.36
001592     0.35   00.35
001593     0.35   00.35
001594     0.35   00.35
001595     0.35   00.35
001596     0.35   00.35
001597     0.35   00.35
001598     0.35   00.35
001599     0.35   00.35
001600     0.35   00.35
001601     0.34   00.35
001602     0.34   00.35
001603     0.34   00.35
001604     0.34   00.35
001605     0.34   00.35
001606     0.34   00.35
001607     0.34   00.35
001608     0.34   00.35
001609     0.34   00.35
001610     0.34   00.35
001611     0.34   00.35
001612     0.34   00.35
001613     0.34   00.35
001614     0.34   00.35
001615     0.34   00.35
001616     0.34   00.35
001617     0.34   00.35
001618     0.34   00.35
001619     0.34   00.34
001620     0.34   00.34
001621     0.34   00.34
001622     0.34   00.34
001623     0.34   00.34
001624     0.34   00.34
001625     0.34   00.34
001626     0.34   00.34
001627     0.34   00.34
001628     0.33   00.34
001629     0.33   00.34
001630     0.33   00.34
001631     0.33   00.34
001632     0.33   00.34
001633     0.33   00.34
001634     0.33   00.34
001635     0.33   00.34
001636     0.33   00.34
001637     0.33   00.34
001638     0.33   00.34
001639     0.33   00.33
001640     0.33   00.33
001641     0.33   00.33
001642     0.33   00.33
001643     0.33   00.33
001644     0.33   00.33
001645     0.33   00.33
001646     0.33   00.33
001647     0.33   00.33
001648     0.32   00.33
001649     0.32   00.33
001650     0.32   00.33
001651     0.32   00.33
001652     0.32   00.33
001653     0.32   00.33
001654     0.32   00.33
001655     0.32   00.33
001656     0.32   00.33
001657     0.32   00.33
001658     0.32   00.33
001659     0.32   00.33
001660     0.32   00.32
001661     0.32   00.32
001662     0.32   00.32
001663     0.32   00.32
001664     0.32   00.32
001665     0.32   00.32
001666     0.32   00.32
001667     0.32   00.32
001668     0.32   00.32
001669     0.32   00.32
001670     0.32   00.32
001671     0.32   00.32
001672     0.32   00.32
001673     0.32   00.32
001674     0.32   00.32
001675     0.32   00.32
001676     0.31   00.32
001677     0.31   00.32
001678     0.31   00.32
001679     0.31   00.32
001680     0.31   00.32
001681     0.31   00.32
001682     0.31   00.32
001683     0.31   00.32
001684     0.31   00.32
001685     0.31   00.32
001686     0.31   00.32
001687     0.31   00.32
001688     0.31   00.32
001689     0.31   00.32
001690     0.31   00.32
001691     0.31   00.32
001692     0.31   00.32
001693     0.31   00.32
001694     0.31   00.31
001695     0.31   00.31
001696     0.31   00.31
001697     0.31   00.31
001698     0.31   00.31
001699     0.31   00.31
001700     0.31   00.31
001701     0.31   00.31
001702     0.31   00.31
001703     0.31   00.31
001704     0.30   00.31
001705     0.30   00.31
001706     0.30   00.31
001707     0.30   00.31
001708     0.30   00.31
001709     0.30   00.31
001710     0.30   00.31
001711     0.30   00.31
001712     0.30   00.31
001713     0.30   00.31
001714     0.30   00.31
001715     0.30   00.31
001716     0.30   00.31
001717     0.30   00.31
001718     0.30   00.31
001719     0.30   00.31
001720     0.30   00.31
001721     0.30   00.31
001722     0.30   00.31
001723     0.30   00.31
001724     0.30   00.31
001725     0.30   00.31
001726     0.30   00.31
001727     0.30   00.30
001728     0.30   00.30
001729     0.30   00.30
001730     0.30   00.30
001731     0.30   00.30
001732     0.30   00.30
001733     0.30   00.30
001734     0.30   00.30
001735     0.30   00.30
001736     0.30   00.30
001737     0.30   00.30
001738     0.30   00.30
001739     0.30   00.30
001740     0.30   00.30
001741     0.30   00.30
001742     0.30   00.30
001743     0.30   00.30
001744     0.29   00.30
001745     0.29   00.30
001746     0.29   00.30
001747     0.29   00.30
001748     0.29   00.30
001749     0.29   00.30
001750     0.29   00.30
001751     0.29   00.30
001752     0.29   00.30
001753     0.29   00.30
001754     0.29   00.30
001755     0.29   00.30
001756     0.29   00.30
001757     0.29   00.30
001758     0.29   00.30
001759     0.29   00.30
001760     0.29   00.30
001761     0.29   00.30
001762     0.29   00.30
001763     0.29   00.30
001764     0.29   00.29
001765     0.29   00.29
001766     0.29   00.29
001767     0.29   00.29
001768     0.29   00.29
001769     0.29   00.29
001770     0.29   00.29
001771     0.29   00.29
001772     0.29   00.29
001773     0.29   00.29
001774     0.29   00.29
001775     0.29   00.29
001776     0.29   00.29
001777     0.28   00.29
001778     0.28   00.29
001779     0.28   00.29
001780     0.28   00.29
001781     0.28   00.29
001782     0.28   00.29
001783     0.28   00.29
001784     0.28   00.29
001785     0.28   00.29
001786     0.28   00.29
001787     0.28   00.29
001788     0.28   00.29
001789     0.28   00.29
001790     0.28   00.29
001791     0.28   00.28
001792     0.28   00.28
001793     0.28   00.28
001794     0.28   00.28
001795     0.28   00.28
001796     0.28   00.28
001797     0.28   00.28
001798     0.28   00.28
001799     0.28   00.28
001800     0.28   00.28
001801     0.28   00.28
001802     0.28   00.28
001803     0.28   00.28
001804     0.28   00.28
001805     0.28   00.28
001806     0.28   00.28
001807     0.27   00.28
001808     0.27   00.28
001809     0.27   00.28
001810     0.27   00.28
001811     0.27   00.28
001812     0.27   00.28
001813     0.27   00.28
001814     0.27   00.28
001815     0.27   00.28
001816     0.27   00.28
001817     0.27   00.28
001818     0.27   00.28
001819     0.27   00.28
001820     0.27   00.28
001821     0.27   00.28
001822     0.27   00.28
001823     0.27   00.28
001824     0.27   00.28
001825     0.27   00.28
001826     0.27   00.28
001827     0.27   00.28
001828     0.27   00.28
001829     0.27   00.28
001830     0.27   00.27
001831     0.27   00.27
001832     0.27   00.27
001833     0.27   00.27
001834     0.27   00.27
001835     0.27   00.27
001836     0.27   00.27
001837     0.27   00.27
001838     0.27   00.27
001839     0.27   00.27
001840     0.27   00.27
001841     0.27   00.27
001842     0.27   00.27
001843     0.27   00.27
001844     0.27   00.27
001845     0.27   00.27
001846     0.27   00.27
001847     0.27   00.27
001848     0.27   00.27
001849     0.27   00.27
001850     0.27   00.27
001851     0.27   00.27
001852     0.27   00.27
001853     0.27   00.27
001854     0.27   00.27
001855     0.27   00.27
001856     0.27   00.27
001857     0.27   00.27
001858     0.27   00.27
001859     0.27   00.27
001860     0.27   00.27
001861     0.27   00.27
001862     0.27   00.27
001863     0.26   00.27
001864     0.26   00.27
001865     0.26   00.27
001866     0.26   00.27
001867     0.26   00.27
001868     0.26   00.27
001869     0.26   00.27
001870     0.26   00.27
001871     0.26   00.27
001872     0.26   00.27
001873     0.26   00.27
001874     0.26   00.27
001875     0.26   00.27
001876     0.26   00.27
001877     0.26   00.27
001878     0.26   00.27
001879     0.26   00.27
001880     0.26   00.27
001881     0.26   00.26
001882     0.26   00.27
001883     0.26   00.27
001884     0.26   00.27
001885     0.26   00.27
001886     0.26   00.27
001887     0.26   00.26
001888     0.26   00.26
001889     0.26   00.26
001890     0.26   00.26
001891     0.26   00.26
001892     0.26   00.26
001893     0.26   00.26
001894     0.26   00.26
001895     0.26   00.26
001896     0.26   00.26
001897     0.26   00.26
001898     0.26   00.26
001899     0.26   00.26
001900     0.26   00.26
001901     0.26   00.26
001902     0.26   00.26
001903     0.26   00.26
001904     0.26   00.26
001905     0.26   00.26
001906     0.26   00.26
001907     0.26   00.26
001908     0.26   00.26
001909     0.26   00.26
001910     0.26   00.26
001911     0.26   00.26
001912     0.26   00.26
001913     0.26   00.26
001914     0.26   00.26
001915     0.26   00.26
001916     0.26   00.26
001917     0.26   00.26
001918     0.26   00.26
001919     0.26   00.26
001920     0.26   00.26
001921     0.26   00.26
001922     0.25   00.26
001923     0.25   00.26
001924     0.25   00.26
001925     0.25   00.26
001926     0.25   00.26
001927     0.25   00.26
001928     0.25   00.26
001929     0.25   00.26
001930     0.25   00.26
001931     0.25   00.26
001932     0.25   00.26
001933     0.25   00.26
001934     0.25   00.26
001935     0.25   00.26
001936     0.25   00.26
001937     0.25   00.26
001938     0.25   00.26
001939     0.25   00.26
001940     0.25   00.26
001941     0.25   00.26
001942     0.25   00.26
001943     0.25   00.26
001944     0.25   00.26
001945     0.25   00.26
001946     0.25   00.26
001947     0.25   00.26
001948     0.25   00.26
001949     0.25   00.25
001950     0.25   00.26
001951     0.25   00.25
001952     0.25   00.25
001953     0.25   00.25
001954     0.25   00.25
001955     0.25   00.25
001956     0.25   00.25
001957     0.25   00.25
001958     0.25   00.25
001959     0.25   00.25
001960     0.25   00.25
001961     0.25   00.25
001962     0.25   00.25
001963     0.25   00.25
001964     0.25   00.25
001965     0.25   00.25
001966     0.25   00.25
001967     0.25   00.25
001968     0.25   00.25
001969     0.25   00.25
001970     0.25   00.25
001971     0.24   00.25
001972     0.24   00.25
001973     0.24   00.25
001974     0.24   00.25
001975     0.24   00.25
001976     0.24   00.25
001977     0.24   00.25
001978     0.24   00.25
001979     0.24   00.25
001980     0.24   00.25
001981     0.24   00.25
001982     0.24   00.25
001983     0.24   00.25
001984     0.24   00.25
001985     0.24   00.25
001986     0.24   00.25
001987     0.24   00.25
001988     0.24   00.25
001989     0.24   00.25
001990     0.24   00.25
001991     0.24   00.25
001992     0.24   00.25
001993     0.24   00.25
001994     0.24   00.25
001995     0.24   00.25
001996     0.24   00.25
001997     0.24   00.25
001998     0.24   00.25
001999     0.24   00.25
002000     0.24   00.25
002001     0.24   00.25
002002     0.24   00.25
002003     0.24   00.25
002004     0.24   00.25
002005     0.24   00.25
002006     0.24   00.25
002007     0.24   00.25
002008     0.24   00.25
002009     0.24   00.24
002010     0.24   00.24
002011     0.24   00.24
002012     0.24   00.24
002013     0.24   00.24
002014     0.24   00.24
002015     0.24   00.24
002016     0.24   00.24
002017     0.24   00.24
002018     0.24   00.24
002019     0.24   00.24
002020     0.24   00.24
002021     0.24   00.24
002022     0.24   00.24
002023     0.24   00.24
002024     0.24   00.24
002025     0.24   00.24
002026     0.23   00.24
002027     0.23   00.24
002028     0.23   00.24
002029     0.23   00.24
002030     0.23   00.24
002031     0.23   00.24
002032     0.23   00.24
002033     0.23   00.24
002034     0.23   00.24
002035     0.23   00.24
002036     0.23   00.24
002037     0.23   00.24
002038     0.23   00.24
002039     0.23   00.24
002040     0.23   00.24
002041     0.23   00.24
002042     0.23   00.24
002043     0.23   00.24
002044     0.23   00.24
002045     0.23   00.24
002046     0.23   00.24
002047     0.23   00.24
002048     0.23   00.24
002049     0.23   00.24
002050     0.23   00.24
002051     0.23   00.24
002052     0.23   00.24
002053     0.23   00.24
002054     0.23   00.24
002055     0.23   00.24
002056     0.23   00.24
002057     0.23   00.23
002058     0.23   00.23
002059     0.23   00.23
002060     0.23   00.23
002061     0.23   00.23
002062     0.23   00.23
002063     0.23   00.23
002064     0.23   00.23
002065     0.23   00.23
002066     0.23   00.23
002067     0.23   00.23
002068     0.23   00.23
002069     0.23   00.23
002070     0.23   00.23
002071     0.23   00.23
002072     0.23   00.23
002073     0.23   00.23
002074     0.23   00.23
002075     0.23   00.23
002076     0.23   00.23
002077     0.23   00.23
002078     0.23   00.23
002079     0.23   00.23
002080     0.23   00.23
002081     0.23   00.23
002082     0.23   00.23
002083     0.23   00.23
002084     0.23   00.23
002085     0.23   00.23
002086     0.23   00.23
002087     0.23   00.23
002088     0.23   00.23
002089     0.23   00.23
002090     0.23   00.23
002091     0.22   00.23
002092     0.22   00.23
002093     0.22   00.23
002094     0.22   00.23
002095     0.22   00.23
002096     0.22   00.23
002097     0.22   00.23
002098     0.22   00.23
002099     0.22   00.23
002100     0.22   00.23
002101     0.22   00.23
002102     0.22   00.23
002103     0.22   00.23
002104     0.22   00.23
002105     0.22   00.23
002106     0.22   00.23
002107     0.22   00.23
002108     0.22   00.23
002109     0.22   00.23
002110     0.22   00.23
002111     0.22   00.23
002112     0.22   00.23
002113     0.22   00.23
002114     0.22   00.23
002115     0.22   00.23
002116     0.22   00.23
002117     0.22   00.23
002118     0.22   00.23
002119     0.22   00.23
002120     0.22   00.23
002121     0.22   00.23
002122     0.22   00.23
002123     0.22   00.23
002124     0.22   00.23
002125     0.22   00.23
002126     0.22   00.23
002127     0.22   00.23
002128     0.22   00.23
002129     0.22   00.23
002130     0.22   00.23
002131     0.22   00.23
002132     0.22   00.23
002133     0.22   00.23
002134     0.22   00.23
002135     0.22   00.23
002136     0.22   00.23
002137     0.22   00.23
002138     0.22   00.23
002139     0.22   00.23
002140     0.22   00.22
002141     0.22   00.22
002142     0.22   00.22
002143     0.22   00.22
002144     0.22   00.22
002145     0.22   00.22
002146     0.22   00.22
002147     0.22   00.22
002148     0.22   00.22
002149     0.22   00.22
002150     0.22   00.22
002151     0.22   00.22
002152     0.22   00.22
002153     0.22   00.22
002154     0.22   00.22
002155     0.22   00.22
002156     0.22   00.22
002157     0.22   00.22
002158     0.22   00.22
002159     0.22   00.22
002160     0.22   00.22
002161     0.22   00.22
002162     0.22   00.22
002163     0.22   00.22
002164     0.22   00.22
002165     0.22   00.22
002166     0.22   00.22
002167     0.22   00.22
002168     0.22   00.22
002169     0.22   00.22
002170     0.22   00.22
002171     0.22   00.22
002172     0.22   00.22
002173     0.22   00.22
002174     0.22   00.22
002175     0.22   00.22
002176     0.22   00.22
002177     0.22   00.22
002178     0.22   00.22
002179     0.22   00.22
002180     0.22   00.22
002181     0.22   00.22
002182     0.22   00.22
002183     0.22   00.22
002184     0.22   00.22
002185     0.22   00.22
002186     0.22   00.22
002187     0.21   00.22
002188     0.21   00.22
002189     0.21   00.22
002190     0.21   00.22
002191     0.21   00.22
002192     0.21   00.22
002193     0.21   00.22
002194     0.21   00.22
002195     0.21   00.22
002196     0.21   00.22
002197     0.21   00.22
002198     0.21   00.22
002199     0.21   00.22
002200     0.21   00.22
002201     0.21   00.22
002202     0.21   00.22
002203     0.21   00.22
002204     0.21   00.22
002205     0.21   00.22
002206     0.21   00.22
002207     0.21   00.22
002208     0.21   00.22
002209     0.21   00.22
002210     0.21   00.22
002211     0.21   00.22
002212     0.21   00.22
002213     0.21   00.22
002214     0.21   00.22
002215     0.21   00.22
002216     0.21   00.22
002217     0.21   00.22
002218     0.21   00.22
002219     0.21   00.22
002220     0.21   00.22
002221     0.21   00.22
002222     0.21   00.22
002223     0.21   00.22
002224     0.21   00.22
002225     0.21   00.22
002226     0.21   00.22
002227     0.21   00.22
002228     0.21   00.22
002229     0.21   00.22
002230     0.21   00.22
002231     0.21   00.22
002232     0.21   00.22
002233     0.21   00.22
002234     0.21   00.22
002235     0.21   00.22
002236     0.21   00.22
002237     0.21   00.22
002238     0.21   00.22
002239     0.21   00.22
002240     0.21   00.22
002241     0.21   00.22
002242     0.21   00.22
002243     0.21   00.22
002244     0.21   00.22
002245     0.21   00.22
002246     0.21   00.21
002247     0.21   00.21
002248     0.21   00.21
002249     0.21   00.22
002250     0.21   00.21
002251     0.21   00.21
002252     0.21   00.22
002253     0.21   00.22
002254     0.21   00.22
002255     0.21   00.22
002256     0.21   00.21
002257     0.21   00.22
002258     0.21   00.22
002259     0.21   00.21
002260     0.21   00.21
002261     0.21   00.21
002262     0.21   00.21
002263     0.21   00.21
002264     0.21   00.21
002265     0.21   00.21
002266     0.21   00.21
002267     0.21   00.21
002268     0.21   00.21
002269     0.21   00.21
002270     0.21   00.21
002271     0.21   00.21
002272     0.21   00.21
002273     0.21   00.21
002274     0.21   00.21
002275     0.21   00.21
002276     0.21   00.21
002277     0.21   00.21
002278     0.21   00.21
002279     0.21   00.21
002280     0.21   00.21
002281     0.21   00.21
002282     0.21   00.21
002283     0.21   00.21
002284     0.21   00.21
002285     0.21   00.21
002286     0.21   00.21
002287     0.21   00.21
002288     0.21   00.21
002289     0.21   00.21
002290     0.21   00.21
002291     0.21   00.21
002292     0.21   00.21
002293     0.21   00.21
002294     0.21   00.21
002295     0.21   00.21
002296     0.21   00.21
002297     0.21   00.21
002298     0.21   00.21
002299     0.21   00.21
002300     0.21   00.21
002301     0.21   00.21
002302     0.21   00.21
002303     0.21   00.21
002304     0.21   00.21
002305     0.21   00.21
002306     0.21   00.21
002307     0.21   00.21
002308     0.21   00.21
002309     0.21   00.21
002310     0.21   00.21
002311     0.21   00.21
002312     0.21   00.21
002313     0.21   00.21
002314     0.21   00.21
002315     0.21   00.21
002316     0.21   00.21
002317     0.21   00.21
002318     0.21   00.21
002319     0.21   00.21
002320     0.21   00.21
002321     0.21   00.21
002322     0.21   00.21
002323     0.21   00.21
002324     0.21   00.21
002325     0.21   00.21
002326     0.21   00.21
002327     0.21   00.21
002328     0.21   00.21
002329     0.21   00.21
002330     0.21   00.21
002331     0.21   00.21
002332     0.21   00.21
002333     0.21   00.21
002334     0.21   00.21
002335     0.21   00.21
002336     0.21   00.21
002337     0.21   00.21
002338     0.21   00.21
002339     0.21   00.21
002340     0.21   00.21
002341     0.21   00.21
002342     0.21   00.21
002343     0.21   00.21
002344     0.21   00.21
002345     0.21   00.21
002346     0.21   00.21
002347     0.21   00.21
002348     0.21   00.21
002349     0.21   00.21
002350     0.21   00.21
002351     0.21   00.21
002352     0.21   00.21
002353     0.21   00.21
002354     0.21   00.21
002355     0.21   00.21
002356     0.21   00.21
002357     0.21   00.21
002358     0.21   00.21
002359     0.21   00.21
002360     0.21   00.21
002361     0.21   00.21
002362     0.21   00.21
002363     0.21   00.21
002364     0.21   00.21
002365     0.21   00.21
002366     0.21   00.21
002367     0.21   00.21
002368     0.21   00.21
002369     0.21   00.21
002370     0.21   00.21
002371     0.21   00.21
002372     0.21   00.21
002373     0.21   00.21
002374     0.21   00.21
002375     0.21   00.21
002376     0.21   00.21
002377     0.21   00.21
002378     0.21   00.21
002379     0.21   00.21
002380     0.21   00.21
002381     0.21   00.21
002382     0.21   00.21
002383     0.21   00.21
002384     0.21   00.21
002385     0.21   00.21
002386     0.21   00.21
002387     0.21   00.21
002388     0.21   00.21
002389     0.21   00.21
002390     0.21   00.21
002391     0.21   00.21
002392     0.21   00.21
002393     0.21   00.21
002394     0.21   00.21
002395     0.21   00.21
002396     0.21   00.21
002397     0.21   00.21
002398     0.21   00.21
002399     0.21   00.21
002400     0.21   00.21
002401     0.21   00.21
002402     0.21   00.21
002403     0.21   00.21
002404     0.21   00.21
002405     0.21   00.21
002406     0.21   00.21
002407     0.21   00.21
002408     0.21   00.21
002409     0.21   00.21
002410     0.21   00.21
002411     0.21   00.21
002412     0.21   00.21
002413     0.21   00.21
002414     0.21   00.21
002415     0.21   00.21
002416     0.21   00.21
002417     0.21   00.21
002418     0.21   00.21
002419     0.20   00.21
002420     0.20   00.21
002421     0.20   00.21
002422     0.20   00.21
002423     0.20   00.21
002424     0.20   00.21
002425     0.20   00.21
002426     0.20   00.21
002427     0.20   00.21
002428     0.20   00.21
002429     0.20   00.21
002430     0.20   00.21
002431     0.20   00.21
002432     0.20   00.21
002433     0.20   00.21
002434     0.20   00.21
002435     0.20   00.21
002436     0.20   00.21
002437     0.20   00.21
002438     0.20   00.21
002439     0.20   00.21
002440     0.20   00.21
002441     0.20   00.21
002442     0.20   00.21
002443     0.20   00.21
002444     0.20   00.21
002445     0.20   00.21
002446     0.20   00.21
002447     0.20   00.21
002448     0.20   00.21
002449     0.20   00.21
002450     0.20   00.21
002451     0.20   00.21
002452     0.20   00.21
002453     0.20   00.21
002454     0.20   00.21
002455     0.20   00.21
002456     0.20   00.21
002457     0.20   00.21
002458     0.20   00.21
002459     0.20   00.21
002460     0.20   00.21
002461     0.20   00.21
002462     0.20   00.21
002463     0.20   00.21
002464     0.20   00.21
002465     0.20   00.21
002466     0.20   00.21
002467     0.20   00.21
002468     0.20   00.21
002469     0.20   00.21
002470     0.20   00.21
002471     0.20   00.21
002472     0.20   00.21
002473     0.20   00.21
002474     0.20   00.21
002475     0.20   00.21
002476     0.20   00.21
002477     0.20   00.21
002478     0.20   00.21
002479     0.20   00.21
002480     0.20   00.21
002481     0.20   00.21
002482     0.20   00.21
002483     0.20   00.21
002484     0.20   00.21
002485     0.20   00.21
002486     0.20   00.21
002487     0.20   00.21
002488     0.20   00.21
002489     0.20   00.21
002490     0.20   00.21
002491     0.20   00.21
002492     0.20   00.21
002493     0.20   00.21
002494     0.20   00.21
002495     0.20   00.21
002496     0.20   00.21
002497     0.20   00.21
002498     0.20   00.21
002499     0.20   00.21
002500     0.20   00.21
002501     0.20   00.21
002502     0.20   00.21
002503     0.20   00.21
002504     0.20   00.21
002505     0.20   00.21
002506     0.20   00.21
002507     0.20   00.21
002508     0.20   00.21
002509     0.20   00.21
002510     0.20   00.21
002511     0.20   00.21
002512     0.20   00.21
002513     0.20   00.21
002514     0.20   00.21
002515     0.20   00.20
002516     0.20   00.20
002517     0.20   00.20
002518     0.20   00.20
002519     0.20   00.20
002520     0.20   00.20
002521     0.20   00.20
002522     0.20   00.20
002523     0.20   00.20
002524     0.20   00.20
002525     0.20   00.21
002526     0.20   00.21
002527     0.20   00.21
002528     0.20   00.21
002529     0.20   00.21
002530     0.20   00.21
002531     0.20   00.21
002532     0.20   00.21
002533     0.20   00.21
002534     0.20   00.21
002535     0.20   00.21
002536     0.20   00.21
002537     0.20   00.21
002538     0.20   00.20
002539     0.20   00.21
002540     0.20   00.20
002541     0.20   00.21
002542     0.20   00.20
002543     0.20   00.20
002544     0.20   00.20
002545     0.20   00.20
002546     0.20   00.21
002547     0.20   00.20
002548     0.20   00.20
002549     0.20   00.20
002550     0.20   00.20
002551     0.20   00.20
002552     0.20   00.20
002553     0.20   00.20
002554     0.20   00.20
002555     0.20   00.20
002556     0.20   00.20
002557     0.20   00.20
002558     0.20   00.20
002559     0.20   00.20
002560     0.20   00.20
002561     0.20   00.20
002562     0.20   00.20
002563     0.20   00.20
002564     0.20   00.20
002565     0.20   00.20
002566     0.20   00.20
002567     0.20   00.20
002568     0.20   00.20
002569     0.20   00.20
002570     0.20   00.20
002571     0.20   00.21
002572     0.20   00.20
002573     0.20   00.20
002574     0.20   00.20
002575     0.20   00.20
002576     0.20   00.20
002577     0.20   00.20
002578     0.20   00.20
002579     0.20   00.20
002580     0.20   00.21
002581     0.20   00.21
002582     0.20   00.21
002583     0.20   00.21
002584     0.20   00.20
002585     0.20   00.20
002586     0.20   00.21
002587     0.20   00.20
002588     0.20   00.20
002589     0.20   00.20
002590     0.20   00.20
002591     0.20   00.20
002592     0.20   00.20
002593     0.20   00.20
002594     0.20   00.20
002595     0.20   00.20
002596     0.20   00.20
002597     0.20   00.20
002598     0.20   00.20
002599     0.20   00.20
002600     0.20   00.20
002601     0.20   00.20
002602     0.20   00.20
002603     0.20   00.20
002604     0.20   00.21
002605     0.20   00.21
002606     0.20   00.20
002607     0.20   00.20
002608     0.20   00.20
002609     0.20   00.20
002610     0.20   00.20
002611     0.20   00.20
002612     0.20   00.20
002613     0.20   00.20
002614     0.20   00.20
002615     0.20   00.21
002616     0.20   00.21
002617     0.20   00.21
002618     0.20   00.21
002619     0.20   00.21
002620     0.20   00.20
002621     0.20   00.20
002622     0.20   00.20
002623     0.20   00.20
002624     0.20   00.20
002625     0.20   00.20
002626     0.20   00.20
002627     0.20   00.20
002628     0.20   00.20
002629     0.20   00.20
002630     0.20   00.20
002631     0.20   00.20
002632     0.20   00.20
002633     0.20   00.20
002634     0.20   00.20
002635     0.20   00.20
002636     0.20   00.20
002637     0.20   00.20
002638     0.20   00.20
002639     0.20   00.20
002640     0.20   00.20
002641     0.20   00.20
002642     0.20   00.20
002643     0.20   00.20
002644     0.20   00.20
002645     0.20   00.20
002646     0.20   00.20
002647     0.20   00.20
002648     0.20   00.20
002649     0.20   00.20
002650     0.20   00.20
002651     0.20   00.20
002652     0.20   00.20
002653     0.20   00.20
002654     0.20   00.20
002655     0.20   00.20
002656     0.20   00.20
002657     0.20   00.20
002658     0.20   00.20
002659     0.20   00.20
002660     0.20   00.20
002661     0.20   00.20
002662     0.20   00.20
002663     0.20   00.20
002664     0.20   00.20
002665     0.20   00.20
002666     0.20   00.20
002667     0.20   00.20
002668     0.20   00.20
002669     0.20   00.20
002670     0.20   00.20
002671     0.20   00.20
002672     0.20   00.20
002673     0.20   00.20
002674     0.20   00.20
002675     0.20   00.20
002676     0.20   00.20
002677     0.20   00.20
002678     0.20   00.20
002679     0.20   00.20
002680     0.20   00.20
002681     0.20   00.20
002682     0.20   00.20
002683     0.20   00.20
002684     0.20   00.20
002685     0.20   00.20
002686     0.20   00.20
002687     0.20   00.20
002688     0.20   00.20
002689     0.20   00.20
002690     0.20   00.20
002691     0.20   00.20
002692     0.20   00.20
002693     0.20   00.20
002694     0.20   00.20
002695     0.20   00.20
002696     0.20   00.20
002697     0.20   00.20
002698     0.20   00.20
002699     0.20   00.20
002700     0.20   00.20
002701     0.20   00.20
002702     0.20   00.20
002703     0.20   00.20
002704     0.20   00.20
002705     0.20   00.20
002706     0.20   00.20
002707     0.20   00.20
002708     0.20   00.20
002709     0.20   00.20
002710     0.20   00.20
002711     0.20   00.20
002712     0.20   00.20
002713     0.20   00.20
002714     0.20   00.20
002715     0.20   00.20
002716     0.20   00.20
002717     0.20   00.20
002718     0.20   00.20
002719     0.20   00.20
002720     0.20   00.20
002721     0.20   00.20
002722     0.20   00.20
002723     0.20   00.20
002724     0.20   00.20
002725     0.20   00.20
002726     0.20   00.20
002727     0.20   00.20
002728     0.20   00.20
002729     0.20   00.20
002730     0.20   00.20
002731     0.20   00.20
002732     0.20   00.20
002733     0.20   00.20
002734     0.20   00.20
002735     0.20   00.20
002736     0.20   00.20
002737     0.20   00.20
002738     0.20   00.20
002739     0.20   00.20
002740     0.20   00.20
002741     0.20   00.20
002742     0.20   00.20
002743     0.20   00.20
002744     0.20   00.20
002745     0.20   00.20
002746     0.20   00.20
002747     0.20   00.20
002748     0.20   00.20
002749     0.20   00.20
002750     0.20   00.20
002751     0.20   00.20
002752     0.20   00.20
002753     0.20   00.20
002754     0.20   00.20
002755     0.20   00.20
002756     0.20   00.20
002757     0.20   00.20
002758     0.20   00.20
002759     0.20   00.20
002760     0.20   00.20
002761     0.20   00.20
002762     0.20   00.20
002763     0.20   00.20
002764     0.20   00.20
002765     0.20   00.20
002766     0.20   00.20
002767     0.20   00.20
002768     0.20   00.20
002769     0.20   00.20
002770     0.20   00.20
002771     0.20   00.20
002772     0.20   00.20
002773     0.20   00.20
002774     0.20   00.20
002775     0.20   00.20
002776     0.20   00.20
002777     0.20   00.20
002778     0.20   00.20
002779     0.20   00.20
002780     0.20   00.20
002781     0.20   00.20
002782     0.20   00.20
002783     0.20   00.20
002784     0.20   00.20
002785     0.20   00.20
002786     0.20   00.20
002787     0.20   00.20
002788     0.20   00.20
002789     0.20   00.20
002790     0.20   00.20
002791     0.20   00.20
002792     0.20   00.20
002793     0.20   00.20
002794     0.20   00.20
002795     0.20   00.20
002796     0.20   00.20
002797     0.20   00.20
002798     0.20   00.20
002799     0.20   00.20
002800     0.20   00.20
002801     0.20   00.20
002802     0.20   00.20
002803     0.20   00.20
002804     0.20   00.20
002805     0.20   00.20
002806     0.20   00.20
002807     0.20   00.20
002808     0.20   00.20
002809     0.20   00.20
002810     0.20   00.20
002811     0.20   00.20
002812     0.20   00.20
002813     0.20   00.20
002814     0.20   00.20
002815     0.20   00.20
002816     0.20   00.20
002817     0.20   00.20
002818     0.20   00.20
002819     0.20   00.20
002820     0.20   00.20
002821     0.20   00.20
002822     0.20   00.20
002823     0.20   00.20
002824     0.20   00.20
002825     0.20   00.20
002826     0.20   00.20
002827     0.20   00.20
002828     0.20   00.20
002829     0.20   00.20
002830     0.20   00.20
002831     0.20   00.20
002832     0.20   00.20
002833     0.20   00.20
002834     0.20   00.20
002835     0.20   00.20
002836     0.20   00.20
002837     0.19   00.20
002838     0.19   00.20
002839     0.19   00.20
002840     0.19   00.20
002841     0.19   00.20
002842     0.19   00.20
002843     0.19   00.20
002844     0.19   00.20
002845     0.19   00.20
002846     0.19   00.20
002847     0.19   00.20
002848     0.19   00.20
002849     0.19   00.20
002850     0.19   00.20
002851     0.19   00.20
002852     0.19   00.20
002853     0.19   00.20
002854     0.19   00.20
002855     0.19   00.20
002856     0.19   00.20
002857     0.19   00.20
002858     0.19   00.20
002859     0.19   00.20
002860     0.19   00.20
002861     0.19   00.20
002862     0.19   00.20
002863     0.19   00.20
002864     0.19   00.20
002865     0.19   00.20
002866     0.19   00.20
002867     0.19   00.20
002868     0.19   00.20
002869     0.19   00.20
002870     0.19   00.20
002871     0.19   00.20
002872     0.19   00.20
002873     0.19   00.20
002874     0.19   00.20
002875     0.19   00.20
002876     0.19   00.20
002877     0.19   00.20
002878     0.19   00.20
002879     0.19   00.20
002880     0.19   00.20
002881     0.19   00.20
002882     0.19   00.20
002883     0.19   00.20
002884     0.19   00.20
002885     0.19   00.20
002886     0.19   00.20
002887     0.19   00.20
002888     0.19   00.20
002889     0.19   00.20
002890     0.19   00.20
002891     0.19   00.20
002892     0.19   00.20
002893     0.19   00.20
002894     0.19   00.20
002895     0.19   00.20
002896     0.19   00.20
002897     0.19   00.20
002898     0.19   00.20
002899     0.19   00.20
002900     0.19   00.20
002901     0.19   00.20
002902     0.19   00.20
002903     0.19   00.20
002904     0.19   00.20
002905     0.19   00.20
002906     0.19   00.20
002907     0.19   00.20
002908     0.19   00.20
002909     0.19   00.20
002910     0.19   00.20
002911     0.19   00.20
002912     0.19   00.20
002913     0.19   00.20
002914     0.19   00.20
002915     0.19   00.20
002916     0.19   00.20
002917     0.19   00.20
002918     0.19   00.20
002919     0.19   00.20
002920     0.19   00.20
002921     0.19   00.20
002922     0.19   00.20
002923     0.19   00.20
002924     0.19   00.20
002925     0.19   00.20
002926     0.19   00.20
002927     0.19   00.20
002928     0.19   00.20
002929     0.19   00.20
002930     0.19   00.20
002931     0.19   00.20
002932     0.19   00.20
002933     0.19   00.20
002934     0.19   00.20
002935     0.19   00.20
002936     0.19   00.20
002937     0.19   00.20
002938     0.19   00.20
002939     0.19   00.20
002940     0.19   00.20
002941     0.19   00.20
002942     0.19   00.20
002943     0.19   00.20
002944     0.19   00.20
002945     0.19   00.20
002946     0.19   00.20
002947     0.19   00.20
002948     0.19   00.20
002949     0.19   00.20
002950     0.19   00.20
002951     0.19   00.20
002952     0.19   00.20
002953     0.19   00.20
002954     0.19   00.20
002955     0.19   00.20
002956     0.19   00.20
002957     0.19   00.20
002958     0.19   00.20
002959     0.19   00.20
002960     0.19   00.20
002961     0.19   00.20
002962     0.19   00.20
002963     0.19   00.20
002964     0.19   00.20
002965     0.19   00.20
002966     0.19   00.20
002967     0.19   00.20
002968     0.19   00.20
002969     0.19   00.20
002970     0.19   00.20
002971     0.19   00.20
002972     0.19   00.20
002973     0.19   00.20
002974     0.19   00.20
002975     0.19   00.20
002976     0.19   00.20
002977     0.19   00.20
002978     0.19   00.20
002979     0.19   00.20
002980     0.19   00.20
002981     0.19   00.20
002982     0.19   00.20
002983     0.19   00.20
002984     0.19   00.20
002985     0.19   00.20
002986     0.19   00.20
002987     0.19   00.20
002988     0.19   00.20
002989     0.19   00.20
002990     0.19   00.20
002991     0.19   00.20
002992     0.19   00.20
002993     0.19   00.20
002994     0.19   00.20
002995     0.19   00.20
002996     0.19   00.20
002997     0.19   00.20
002998     0.19   00.20
002999     0.19   00.20
003000     0.19   00.20
003001     0.19   00.20
