000001     3.15   03.36
000002     3.15   03.34
000003     3.15   03.31
000004     3.03   03.31
000005     3.03   03.28
000006     3.03   03.26
000007     3.03   03.23
000008     2.99   03.21
000009     2.99   03.18
000010     2.94   03.16
000011     2.93   03.11
000012     2.93   03.09
000013     2.93   03.06
000014     2.86   03.04
000015     2.86   03.03
000016     2.86   03.01
000017     2.83   02.98
000018     2.79   02.97
000019     2.79   02.97
000020     2.79   02.96
000021     2.76   02.93
000022     2.75   02.91
000023     2.74   02.89
000024     2.74   02.87
000025     2.72   02.86
000026     2.72   02.85
000027     2.71   02.85
000028     2.68   02.81
000029     2.62   02.78
000030     2.61   02.76
000031     2.56   02.74
000032     2.56   02.72
000033     2.52   02.70
000034     2.52   02.67
000035     2.49   02.64
000036     2.49   02.62
000037     2.46   02.59
000038     2.46   02.57
000039     2.45   02.55
000040     2.45   02.53
000041     2.44   02.51
000042     2.39   02.49
000043     2.39   02.49
000044     2.39   02.48
000045     2.39   02.47
000046     2.38   02.45
000047     2.38   02.44
000048     2.35   02.42
000049     2.34   02.42
000050     2.34   02.40
000051     2.33   02.39
000052     2.33   02.38
000053     2.32   02.38
000054     2.31   02.36
000055     2.29   02.35
000056     2.29   02.35
000057     2.26   02.33
000058     2.26   02.32
000059     2.25   02.30
000060     2.25   02.30
000061     2.25   02.30
000062     2.24   02.29
000063     2.24   02.28
000064     2.24   02.27
000065     2.23   02.27
000066     2.22   02.26
000067     2.21   02.25
000068     2.21   02.24
000069     2.21   02.23
000070     2.20   02.22
000071     2.20   02.22
000072     2.19   02.22
000073     2.19   02.22
000074     2.19   02.21
000075     2.19   02.21
000076     2.19   02.21
000077     2.18   02.20
000078     2.18   02.20
000079     2.18   02.20
000080     2.18   02.20
000081     2.18   02.20
000082     2.17   02.19
000083     2.17   02.19
000084     2.17   02.19
000085     2.17   02.18
000086     2.17   02.18
000087     2.16   02.18
000088     2.16   02.17
000089     2.16   02.17
000090     2.15   02.17
000091     2.15   02.16
000092     2.14   02.16
000093     2.14   02.16
000094     2.14   02.15
000095     2.14   02.15
000096     2.14   02.15
000097     2.14   02.15
000098     2.13   02.15
000099     2.13   02.14
000100     2.13   02.14
000101     2.12   02.14
000102     2.12   02.14
000103     2.12   02.13
000104     2.12   02.13
000105     2.11   02.13
000106     2.11   02.13
000107     2.11   02.13
000108     2.11   02.12
000109     2.11   02.12
000110     2.10   02.12
000111     2.10   02.11
000112     2.10   02.11
000113     2.09   02.11
000114     2.09   02.11
000115     2.09   02.10
000116     2.08   02.10
000117     2.08   02.10
000118     2.08   02.10
000119     2.08   02.09
000120     2.07   02.09
000121     2.07   02.09
000122     2.07   02.09
000123     2.07   02.08
000124     2.07   02.08
000125     2.06   02.08
000126     2.06   02.08
000127     2.06   02.08
000128     2.06   02.07
000129     2.06   02.07
000130     2.06   02.07
000131     2.06   02.07
000132     2.06   02.07
000133     2.05   02.07
000134     2.05   02.07
000135     2.05   02.06
000136     2.05   02.06
000137     2.05   02.06
000138     2.04   02.06
000139     2.04   02.05
000140     2.04   02.05
000141     2.03   02.05
000142     2.03   02.05
000143     2.03   02.05
000144     2.03   02.05
000145     2.03   02.04
000146     2.02   02.04
000147     2.02   02.04
000148     2.02   02.04
000149     2.02   02.03
000150     2.02   02.03
000151     2.02   02.03
000152     2.01   02.03
000153     2.01   02.03
000154     2.01   02.02
000155     2.01   02.02
000156     2.00   02.02
000157     2.00   02.02
000158     2.00   02.01
000159     2.00   02.01
000160     2.00   02.01
000161     2.00   02.01
000162     1.99   02.01
000163     1.99   02.00
000164     1.99   02.00
000165     1.99   02.00
000166     1.99   02.00
000167     1.99   02.00
000168     1.98   02.00
000169     1.98   01.99
000170     1.98   01.99
000171     1.97   01.99
000172     1.97   01.98
000173     1.97   01.98
000174     1.97   01.98
000175     1.97   01.98
000176     1.96   01.98
000177     1.96   01.97
000178     1.96   01.97
000179     1.96   01.97
000180     1.95   01.97
000181     1.95   01.96
000182     1.95   01.96
000183     1.95   01.96
000184     1.94   01.96
000185     1.94   01.95
000186     1.94   01.95
000187     1.94   01.95
000188     1.94   01.95
000189     1.93   01.94
000190     1.93   01.94
000191     1.93   01.94
000192     1.93   01.94
000193     1.92   01.94
000194     1.92   01.93
000195     1.92   01.93
000196     1.91   01.93
000197     1.91   01.93
000198     1.91   01.92
000199     1.91   01.92
000200     1.90   01.92
000201     1.90   01.92
000202     1.90   01.91
000203     1.90   01.91
000204     1.90   01.91
000205     1.89   01.90
000206     1.89   01.90
000207     1.89   01.90
000208     1.88   01.90
000209     1.88   01.90
000210     1.88   01.89
000211     1.88   01.89
000212     1.88   01.89
000213     1.88   01.89
000214     1.87   01.89
000215     1.87   01.88
000216     1.87   01.88
000217     1.87   01.88
000218     1.87   01.88
000219     1.87   01.88
000220     1.87   01.88
000221     1.86   01.88
000222     1.86   01.87
000223     1.86   01.87
000224     1.86   01.87
000225     1.86   01.87
000226     1.85   01.86
000227     1.85   01.86
000228     1.85   01.86
000229     1.84   01.86
000230     1.84   01.86
000231     1.84   01.85
000232     1.84   01.85
000233     1.84   01.85
000234     1.84   01.85
000235     1.83   01.85
000236     1.83   01.84
000237     1.83   01.84
000238     1.83   01.84
000239     1.83   01.84
000240     1.83   01.84
000241     1.82   01.84
000242     1.82   01.83
000243     1.82   01.83
000244     1.82   01.83
000245     1.82   01.83
000246     1.82   01.83
000247     1.81   01.82
000248     1.81   01.82
000249     1.81   01.82
000250     1.81   01.82
000251     1.80   01.82
000252     1.80   01.81
000253     1.79   01.81
000254     1.79   01.81
000255     1.79   01.81
000256     1.79   01.80
000257     1.79   01.80
000258     1.78   01.80
000259     1.78   01.80
000260     1.78   01.79
000261     1.78   01.79
000262     1.78   01.79
000263     1.78   01.79
000264     1.77   01.79
000265     1.77   01.79
000266     1.77   01.79
000267     1.77   01.78
000268     1.77   01.78
000269     1.77   01.78
000270     1.76   01.78
000271     1.76   01.77
000272     1.76   01.77
000273     1.76   01.77
000274     1.76   01.77
000275     1.75   01.77
000276     1.75   01.77
000277     1.75   01.76
000278     1.75   01.76
000279     1.75   01.76
000280     1.74   01.76
000281     1.74   01.76
000282     1.74   01.75
000283     1.74   01.75
000284     1.74   01.75
000285     1.73   01.75
000286     1.73   01.75
000287     1.73   01.74
000288     1.73   01.74
000289     1.73   01.74
000290     1.73   01.74
000291     1.72   01.74
000292     1.72   01.73
000293     1.72   01.73
000294     1.72   01.73
000295     1.71   01.73
000296     1.71   01.72
000297     1.71   01.72
000298     1.70   01.72
000299     1.70   01.72
000300     1.70   01.72
000301     1.70   01.71
000302     1.70   01.71
000303     1.70   01.71
000304     1.70   01.71
000305     1.69   01.70
000306     1.69   01.70
000307     1.69   01.70
000308     1.69   01.70
000309     1.68   01.69
000310     1.68   01.69
000311     1.67   01.69
000312     1.67   01.69
000313     1.67   01.69
000314     1.66   01.68
000315     1.66   01.68
000316     1.66   01.68
000317     1.66   01.67
000318     1.66   01.67
000319     1.66   01.67
000320     1.65   01.67
000321     1.65   01.66
000322     1.65   01.66
000323     1.65   01.66
000324     1.65   01.66
000325     1.64   01.65
000326     1.64   01.65
000327     1.64   01.65
000328     1.63   01.65
000329     1.63   01.65
000330     1.63   01.64
000331     1.63   01.64
000332     1.62   01.64
000333     1.62   01.64
000334     1.62   01.64
000335     1.62   01.64
000336     1.62   01.63
000337     1.62   01.63
000338     1.62   01.63
000339     1.61   01.63
000340     1.61   01.63
000341     1.61   01.62
000342     1.61   01.62
000343     1.61   01.62
000344     1.61   01.62
000345     1.61   01.62
000346     1.60   01.62
000347     1.60   01.61
000348     1.60   01.61
000349     1.60   01.61
000350     1.59   01.61
000351     1.59   01.61
000352     1.59   01.61
000353     1.59   01.61
000354     1.59   01.60
000355     1.59   01.60
000356     1.59   01.60
000357     1.58   01.60
000358     1.58   01.59
000359     1.58   01.59
000360     1.57   01.59
000361     1.57   01.59
000362     1.57   01.59
000363     1.56   01.58
000364     1.56   01.58
000365     1.56   01.58
000366     1.56   01.57
000367     1.56   01.57
000368     1.56   01.57
000369     1.56   01.57
000370     1.55   01.57
000371     1.55   01.56
000372     1.55   01.56
000373     1.55   01.56
000374     1.55   01.56
000375     1.55   01.56
000376     1.55   01.56
000377     1.54   01.56
000378     1.54   01.55
000379     1.54   01.55
000380     1.54   01.55
000381     1.53   01.55
000382     1.53   01.55
000383     1.53   01.54
000384     1.53   01.54
000385     1.53   01.54
000386     1.52   01.54
000387     1.52   01.53
000388     1.52   01.53
000389     1.52   01.53
000390     1.51   01.53
000391     1.51   01.52
000392     1.51   01.52
000393     1.51   01.52
000394     1.50   01.52
000395     1.50   01.52
000396     1.50   01.51
000397     1.50   01.51
000398     1.50   01.51
000399     1.50   01.51
000400     1.50   01.51
000401     1.50   01.51
000402     1.49   01.50
000403     1.49   01.50
000404     1.49   01.50
000405     1.48   01.50
000406     1.48   01.50
000407     1.48   01.50
000408     1.48   01.49
000409     1.48   01.49
000410     1.48   01.49
000411     1.47   01.49
000412     1.47   01.48
000413     1.46   01.48
000414     1.46   01.48
000415     1.46   01.48
000416     1.46   01.48
000417     1.46   01.48
000418     1.46   01.47
000419     1.46   01.47
000420     1.45   01.47
000421     1.45   01.47
000422     1.45   01.46
000423     1.45   01.46
000424     1.45   01.46
000425     1.44   01.46
000426     1.44   01.45
000427     1.43   01.45
000428     1.43   01.45
000429     1.43   01.45
000430     1.43   01.44
000431     1.43   01.44
000432     1.43   01.44
000433     1.43   01.44
000434     1.42   01.44
000435     1.42   01.44
000436     1.42   01.43
000437     1.42   01.43
000438     1.42   01.43
000439     1.42   01.43
000440     1.41   01.42
000441     1.41   01.42
000442     1.41   01.42
000443     1.41   01.42
000444     1.41   01.42
000445     1.40   01.42
000446     1.40   01.41
000447     1.40   01.41
000448     1.40   01.41
000449     1.40   01.41
000450     1.39   01.41
000451     1.39   01.41
000452     1.39   01.40
000453     1.39   01.40
000454     1.39   01.40
000455     1.39   01.40
000456     1.39   01.40
000457     1.39   01.40
000458     1.39   01.39
000459     1.38   01.39
000460     1.38   01.39
000461     1.38   01.39
000462     1.37   01.39
000463     1.37   01.39
000464     1.37   01.38
000465     1.37   01.38
000466     1.37   01.38
000467     1.37   01.38
000468     1.36   01.38
000469     1.36   01.38
000470     1.36   01.37
000471     1.36   01.37
000472     1.36   01.37
000473     1.36   01.37
000474     1.36   01.37
000475     1.36   01.37
000476     1.35   01.36
000477     1.35   01.36
000478     1.35   01.36
000479     1.34   01.36
000480     1.34   01.36
000481     1.34   01.35
000482     1.34   01.35
000483     1.34   01.35
000484     1.34   01.35
000485     1.33   01.35
000486     1.33   01.34
000487     1.33   01.34
000488     1.33   01.34
000489     1.33   01.34
000490     1.33   01.34
000491     1.33   01.34
000492     1.32   01.33
000493     1.32   01.33
000494     1.32   01.33
000495     1.32   01.33
000496     1.32   01.33
000497     1.32   01.33
000498     1.31   01.33
000499     1.31   01.32
000500     1.31   01.32
000501     1.31   01.32
000502     1.31   01.32
000503     1.31   01.32
000504     1.30   01.32
000505     1.30   01.31
000506     1.30   01.31
000507     1.30   01.31
000508     1.30   01.31
000509     1.30   01.31
000510     1.30   01.31
000511     1.29   01.31
000512     1.29   01.30
000513     1.29   01.30
000514     1.29   01.30
000515     1.29   01.30
000516     1.29   01.30
000517     1.29   01.30
000518     1.28   01.30
000519     1.28   01.29
000520     1.28   01.29
000521     1.28   01.29
000522     1.28   01.29
000523     1.28   01.29
000524     1.28   01.28
000525     1.28   01.28
000526     1.27   01.28
000527     1.27   01.28
000528     1.27   01.28
000529     1.27   01.28
000530     1.27   01.28
000531     1.26   01.27
000532     1.26   01.27
000533     1.26   01.27
000534     1.26   01.27
000535     1.26   01.27
000536     1.26   01.27
000537     1.26   01.27
000538     1.25   01.26
000539     1.25   01.26
000540     1.25   01.26
000541     1.25   01.26
000542     1.25   01.26
000543     1.24   01.26
000544     1.24   01.26
000545     1.24   01.25
000546     1.24   01.25
000547     1.24   01.25
000548     1.24   01.25
000549     1.24   01.25
000550     1.24   01.25
000551     1.24   01.25
000552     1.23   01.24
000553     1.23   01.24
000554     1.23   01.24
000555     1.23   01.24
000556     1.23   01.24
000557     1.23   01.24
000558     1.23   01.24
000559     1.23   01.24
000560     1.23   01.23
000561     1.22   01.23
000562     1.22   01.23
000563     1.22   01.23
000564     1.22   01.23
000565     1.21   01.23
000566     1.21   01.23
000567     1.21   01.22
000568     1.21   01.22
000569     1.21   01.22
000570     1.21   01.22
000571     1.20   01.22
000572     1.20   01.22
000573     1.20   01.21
000574     1.20   01.21
000575     1.20   01.21
000576     1.20   01.21
000577     1.19   01.21
000578     1.19   01.21
000579     1.19   01.21
000580     1.19   01.20
000581     1.19   01.20
000582     1.19   01.20
000583     1.19   01.20
000584     1.19   01.20
000585     1.18   01.19
000586     1.18   01.19
000587     1.18   01.19
000588     1.18   01.19
000589     1.18   01.19
000590     1.18   01.19
000591     1.18   01.19
000592     1.18   01.19
000593     1.17   01.18
000594     1.17   01.18
000595     1.17   01.18
000596     1.17   01.18
000597     1.16   01.18
000598     1.16   01.17
000599     1.16   01.17
000600     1.16   01.17
000601     1.16   01.17
000602     1.16   01.17
000603     1.16   01.17
000604     1.16   01.16
000605     1.15   01.16
000606     1.15   01.16
000607     1.15   01.16
000608     1.15   01.16
000609     1.15   01.16
000610     1.15   01.16
000611     1.15   01.16
000612     1.15   01.15
000613     1.15   01.15
000614     1.14   01.15
000615     1.14   01.15
000616     1.14   01.15
000617     1.14   01.15
000618     1.14   01.15
000619     1.13   01.14
000620     1.13   01.14
000621     1.13   01.14
000622     1.13   01.14
000623     1.13   01.14
000624     1.13   01.14
000625     1.13   01.14
000626     1.13   01.13
000627     1.12   01.13
000628     1.12   01.13
000629     1.12   01.13
000630     1.12   01.13
000631     1.12   01.13
000632     1.11   01.13
000633     1.11   01.12
000634     1.11   01.12
000635     1.10   01.12
000636     1.10   01.12
000637     1.10   01.11
000638     1.10   01.11
000639     1.10   01.11
000640     1.10   01.11
000641     1.10   01.11
000642     1.10   01.11
000643     1.09   01.10
000644     1.09   01.10
000645     1.09   01.10
000646     1.09   01.10
000647     1.09   01.10
000648     1.09   01.10
000649     1.08   01.09
000650     1.08   01.09
000651     1.08   01.09
000652     1.08   01.09
000653     1.08   01.09
000654     1.08   01.09
000655     1.08   01.09
000656     1.08   01.09
000657     1.08   01.08
000658     1.07   01.08
000659     1.07   01.08
000660     1.07   01.08
000661     1.07   01.08
000662     1.07   01.08
000663     1.07   01.08
000664     1.07   01.08
000665     1.06   01.07
000666     1.06   01.07
000667     1.06   01.07
000668     1.06   01.07
000669     1.06   01.07
000670     1.06   01.07
000671     1.06   01.06
000672     1.05   01.06
000673     1.05   01.06
000674     1.05   01.06
000675     1.05   01.06
000676     1.05   01.06
000677     1.05   01.06
000678     1.05   01.06
000679     1.05   01.06
000680     1.04   01.06
000681     1.04   01.05
000682     1.04   01.05
000683     1.04   01.05
000684     1.04   01.05
000685     1.04   01.05
000686     1.04   01.05
000687     1.04   01.05
000688     1.04   01.04
000689     1.03   01.04
000690     1.03   01.04
000691     1.03   01.04
000692     1.03   01.04
000693     1.03   01.04
000694     1.02   01.03
000695     1.02   01.03
000696     1.02   01.03
000697     1.02   01.03
000698     1.02   01.03
000699     1.01   01.03
000700     1.01   01.03
000701     1.01   01.02
000702     1.01   01.02
000703     1.01   01.02
000704     1.01   01.02
000705     1.01   01.02
000706     1.01   01.02
000707     1.01   01.02
000708     1.00   01.01
000709     1.00   01.01
000710     1.00   01.01
000711     1.00   01.01
000712     1.00   01.01
000713     1.00   01.01
000714     1.00   01.01
000715     0.99   01.00
000716     0.99   01.00
000717     0.99   01.00
000718     0.99   01.00
000719     0.99   01.00
000720     0.99   01.00
000721     0.99   00.99
000722     0.98   00.99
000723     0.98   00.99
000724     0.98   00.99
000725     0.98   00.99
000726     0.98   00.99
000727     0.98   00.99
000728     0.98   00.99
000729     0.98   00.99
000730     0.98   00.99
000731     0.97   00.99
000732     0.97   00.99
000733     0.97   00.98
000734     0.97   00.98
000735     0.97   00.98
000736     0.97   00.98
000737     0.97   00.98
000738     0.97   00.98
000739     0.97   00.98
000740     0.97   00.98
000741     0.96   00.97
000742     0.96   00.97
000743     0.96   00.97
000744     0.96   00.97
000745     0.96   00.97
000746     0.96   00.97
000747     0.96   00.97
000748     0.96   00.97
000749     0.96   00.97
000750     0.96   00.96
000751     0.96   00.96
000752     0.95   00.96
000753     0.95   00.96
000754     0.95   00.96
000755     0.95   00.96
000756     0.95   00.96
000757     0.95   00.95
000758     0.95   00.95
000759     0.94   00.95
000760     0.94   00.95
000761     0.94   00.95
000762     0.94   00.95
000763     0.94   00.95
000764     0.94   00.95
000765     0.94   00.95
000766     0.93   00.95
000767     0.93   00.94
000768     0.93   00.94
000769     0.93   00.94
000770     0.93   00.94
000771     0.93   00.94
000772     0.93   00.94
000773     0.93   00.94
000774     0.92   00.93
000775     0.92   00.93
000776     0.92   00.93
000777     0.92   00.93
000778     0.92   00.93
000779     0.92   00.93
000780     0.92   00.93
000781     0.92   00.92
000782     0.92   00.92
000783     0.91   00.92
000784     0.91   00.92
000785     0.91   00.92
000786     0.91   00.92
000787     0.91   00.92
000788     0.91   00.92
000789     0.91   00.91
000790     0.90   00.91
000791     0.90   00.91
000792     0.90   00.91
000793     0.90   00.91
000794     0.90   00.91
000795     0.89   00.91
000796     0.89   00.91
000797     0.89   00.90
000798     0.89   00.90
000799     0.89   00.90
000800     0.89   00.90
000801     0.89   00.90
000802     0.89   00.90
000803     0.89   00.90
000804     0.89   00.89
000805     0.89   00.89
000806     0.89   00.89
000807     0.89   00.89
000808     0.88   00.89
000809     0.88   00.89
000810     0.88   00.89
000811     0.88   00.89
000812     0.88   00.89
000813     0.88   00.89
000814     0.88   00.89
000815     0.88   00.89
000816     0.88   00.89
000817     0.87   00.89
000818     0.87   00.88
000819     0.87   00.88
000820     0.87   00.88
000821     0.87   00.88
000822     0.87   00.88
000823     0.87   00.88
000824     0.87   00.88
000825     0.86   00.87
000826     0.86   00.87
000827     0.86   00.87
000828     0.86   00.87
000829     0.86   00.87
000830     0.86   00.87
000831     0.86   00.86
000832     0.86   00.86
000833     0.85   00.86
000834     0.85   00.86
000835     0.85   00.86
000836     0.85   00.86
000837     0.85   00.86
000838     0.85   00.86
000839     0.85   00.86
000840     0.85   00.86
000841     0.85   00.85
000842     0.85   00.85
000843     0.84   00.85
000844     0.84   00.85
000845     0.84   00.85
000846     0.84   00.85
000847     0.84   00.85
000848     0.84   00.85
000849     0.84   00.84
000850     0.84   00.84
000851     0.84   00.84
000852     0.84   00.84
000853     0.84   00.84
000854     0.83   00.84
000855     0.83   00.84
000856     0.83   00.84
000857     0.83   00.84
000858     0.83   00.84
000859     0.83   00.83
000860     0.83   00.83
000861     0.83   00.83
000862     0.82   00.83
000863     0.82   00.83
000864     0.82   00.83
000865     0.82   00.83
000866     0.82   00.83
000867     0.82   00.83
000868     0.82   00.83
000869     0.82   00.83
000870     0.82   00.83
000871     0.82   00.83
000872     0.82   00.82
000873     0.82   00.82
000874     0.82   00.82
000875     0.82   00.82
000876     0.82   00.82
000877     0.81   00.82
000878     0.81   00.82
000879     0.81   00.82
000880     0.81   00.82
000881     0.81   00.82
000882     0.81   00.82
000883     0.80   00.82
000884     0.80   00.82
000885     0.80   00.81
000886     0.80   00.81
000887     0.80   00.81
000888     0.80   00.81
000889     0.80   00.81
000890     0.80   00.81
000891     0.80   00.81
000892     0.80   00.81
000893     0.80   00.81
000894     0.80   00.81
000895     0.80   00.81
000896     0.80   00.80
000897     0.80   00.80
000898     0.80   00.80
000899     0.79   00.80
000900     0.79   00.80
000901     0.79   00.80
000902     0.79   00.80
000903     0.79   00.80
000904     0.79   00.80
000905     0.79   00.80
000906     0.79   00.80
000907     0.79   00.80
000908     0.79   00.80
000909     0.79   00.80
000910     0.78   00.79
000911     0.78   00.79
000912     0.78   00.79
000913     0.78   00.79
000914     0.78   00.79
000915     0.78   00.79
000916     0.78   00.79
000917     0.78   00.79
000918     0.78   00.79
000919     0.78   00.79
000920     0.78   00.78
000921     0.77   00.78
000922     0.77   00.78
000923     0.77   00.78
000924     0.77   00.78
000925     0.77   00.78
000926     0.77   00.78
000927     0.77   00.78
000928     0.77   00.78
000929     0.77   00.78
000930     0.77   00.77
000931     0.77   00.77
000932     0.77   00.77
000933     0.76   00.77
000934     0.76   00.77
000935     0.76   00.77
000936     0.76   00.77
000937     0.76   00.77
000938     0.76   00.77
000939     0.76   00.77
000940     0.76   00.77
000941     0.76   00.76
000942     0.75   00.76
000943     0.75   00.76
000944     0.75   00.76
000945     0.75   00.76
000946     0.75   00.76
000947     0.75   00.76
000948     0.75   00.76
000949     0.75   00.76
000950     0.75   00.75
000951     0.75   00.75
000952     0.75   00.75
000953     0.74   00.75
000954     0.74   00.75
000955     0.74   00.75
000956     0.74   00.75
000957     0.74   00.75
000958     0.74   00.75
000959     0.74   00.75
000960     0.74   00.74
000961     0.74   00.74
000962     0.74   00.74
000963     0.74   00.74
000964     0.73   00.74
000965     0.73   00.74
000966     0.73   00.74
000967     0.73   00.74
000968     0.73   00.74
000969     0.73   00.74
000970     0.73   00.74
000971     0.73   00.74
000972     0.73   00.73
000973     0.72   00.73
000974     0.72   00.73
000975     0.72   00.73
000976     0.72   00.73
000977     0.72   00.73
000978     0.72   00.73
000979     0.72   00.73
000980     0.72   00.73
000981     0.72   00.73
000982     0.72   00.73
000983     0.72   00.72
000984     0.72   00.72
000985     0.72   00.72
000986     0.72   00.72
000987     0.71   00.72
000988     0.71   00.72
000989     0.71   00.72
000990     0.71   00.72
000991     0.71   00.72
000992     0.71   00.72
000993     0.71   00.72
000994     0.71   00.72
000995     0.71   00.72
000996     0.71   00.72
000997     0.71   00.72
000998     0.71   00.72
000999     0.71   00.72
001000     0.71   00.71
001001     0.71   00.71
001002     0.71   00.71
001003     0.71   00.71
001004     0.71   00.71
001005     0.71   00.71
001006     0.71   00.71
001007     0.70   00.71
001008     0.70   00.71
001009     0.70   00.71
001010     0.70   00.71
001011     0.70   00.71
001012     0.70   00.71
001013     0.70   00.71
001014     0.70   00.71
001015     0.70   00.71
001016     0.70   00.71
001017     0.70   00.71
001018     0.70   00.71
001019     0.70   00.71
001020     0.70   00.70
001021     0.70   00.70
001022     0.70   00.70
001023     0.70   00.70
001024     0.70   00.70
001025     0.70   00.70
001026     0.69   00.70
001027     0.69   00.70
001028     0.69   00.70
001029     0.69   00.70
001030     0.69   00.70
001031     0.69   00.70
001032     0.69   00.70
001033     0.69   00.70
001034     0.69   00.70
001035     0.69   00.70
001036     0.69   00.69
001037     0.69   00.69
001038     0.69   00.69
001039     0.68   00.69
001040     0.68   00.69
001041     0.68   00.69
001042     0.68   00.69
001043     0.68   00.69
001044     0.68   00.69
001045     0.68   00.69
001046     0.68   00.69
001047     0.68   00.69
001048     0.68   00.69
001049     0.68   00.68
001050     0.68   00.68
001051     0.68   00.68
001052     0.67   00.68
001053     0.67   00.68
001054     0.67   00.68
001055     0.67   00.68
001056     0.67   00.68
001057     0.67   00.68
001058     0.67   00.68
001059     0.67   00.68
001060     0.67   00.68
001061     0.67   00.67
001062     0.67   00.67
001063     0.67   00.67
001064     0.67   00.67
001065     0.66   00.67
001066     0.66   00.67
001067     0.66   00.67
001068     0.66   00.67
001069     0.66   00.67
001070     0.66   00.67
001071     0.66   00.67
001072     0.66   00.67
001073     0.66   00.67
001074     0.66   00.67
001075     0.66   00.66
001076     0.66   00.66
001077     0.66   00.66
001078     0.66   00.66
001079     0.65   00.66
001080     0.65   00.66
001081     0.65   00.66
001082     0.65   00.66
001083     0.65   00.66
001084     0.65   00.66
001085     0.65   00.66
001086     0.65   00.65
001087     0.65   00.65
001088     0.65   00.65
001089     0.65   00.65
001090     0.65   00.65
001091     0.65   00.65
001092     0.65   00.65
001093     0.65   00.65
001094     0.64   00.65
001095     0.64   00.65
001096     0.64   00.65
001097     0.64   00.65
001098     0.64   00.65
001099     0.64   00.65
001100     0.64   00.65
001101     0.64   00.65
001102     0.64   00.65
001103     0.64   00.65
001104     0.64   00.64
001105     0.64   00.64
001106     0.64   00.64
001107     0.64   00.64
001108     0.64   00.64
001109     0.64   00.64
001110     0.63   00.64
001111     0.63   00.64
001112     0.63   00.64
001113     0.63   00.64
001114     0.63   00.64
001115     0.63   00.64
001116     0.63   00.64
001117     0.63   00.64
001118     0.63   00.64
001119     0.63   00.64
001120     0.63   00.64
001121     0.63   00.64
001122     0.63   00.63
001123     0.63   00.63
001124     0.63   00.63
001125     0.63   00.63
001126     0.62   00.63
001127     0.62   00.63
001128     0.62   00.63
001129     0.62   00.63
001130     0.62   00.63
001131     0.62   00.63
001132     0.62   00.63
001133     0.62   00.63
001134     0.62   00.63
001135     0.62   00.62
001136     0.62   00.62
001137     0.62   00.62
001138     0.62   00.62
001139     0.61   00.62
001140     0.61   00.62
001141     0.61   00.62
001142     0.61   00.62
001143     0.61   00.62
001144     0.61   00.62
001145     0.61   00.62
001146     0.61   00.62
001147     0.61   00.62
001148     0.61   00.62
001149     0.61   00.62
001150     0.61   00.62
001151     0.61   00.62
001152     0.61   00.62
001153     0.61   00.62
001154     0.61   00.62
001155     0.61   00.62
001156     0.61   00.61
001157     0.61   00.61
001158     0.61   00.61
001159     0.61   00.61
001160     0.61   00.61
001161     0.60   00.61
001162     0.60   00.61
001163     0.60   00.61
001164     0.60   00.61
001165     0.60   00.61
001166     0.60   00.61
001167     0.60   00.60
001168     0.60   00.60
001169     0.59   00.60
001170     0.59   00.60
001171     0.59   00.60
001172     0.59   00.60
001173     0.59   00.60
001174     0.59   00.60
001175     0.59   00.60
001176     0.59   00.60
001177     0.59   00.60
001178     0.59   00.60
001179     0.59   00.60
001180     0.59   00.60
001181     0.59   00.60
001182     0.59   00.60
001183     0.59   00.60
001184     0.59   00.59
001185     0.59   00.59
001186     0.59   00.59
001187     0.59   00.59
001188     0.59   00.59
001189     0.59   00.59
001190     0.59   00.59
001191     0.58   00.59
001192     0.58   00.59
001193     0.58   00.59
001194     0.58   00.59
001195     0.58   00.59
001196     0.58   00.59
001197     0.58   00.59
001198     0.58   00.59
001199     0.58   00.59
001200     0.58   00.59
001201     0.58   00.58
001202     0.58   00.58
001203     0.58   00.58
001204     0.58   00.58
001205     0.58   00.58
001206     0.58   00.58
001207     0.57   00.58
001208     0.57   00.58
001209     0.57   00.58
001210     0.57   00.58
001211     0.57   00.58
001212     0.57   00.58
001213     0.57   00.58
001214     0.57   00.58
001215     0.57   00.58
001216     0.57   00.58
001217     0.57   00.58
001218     0.57   00.58
001219     0.57   00.58
001220     0.57   00.57
001221     0.57   00.57
001222     0.57   00.57
001223     0.57   00.57
001224     0.57   00.57
001225     0.56   00.57
001226     0.56   00.57
001227     0.56   00.57
001228     0.56   00.57
001229     0.56   00.57
001230     0.56   00.57
001231     0.56   00.57
001232     0.56   00.57
001233     0.56   00.57
001234     0.56   00.57
001235     0.56   00.57
001236     0.56   00.57
001237     0.56   00.56
001238     0.56   00.56
001239     0.55   00.56
001240     0.55   00.56
001241     0.55   00.56
001242     0.55   00.56
001243     0.55   00.56
001244     0.55   00.56
001245     0.55   00.56
001246     0.55   00.56
001247     0.55   00.56
001248     0.55   00.56
001249     0.55   00.56
001250     0.55   00.55
001251     0.55   00.55
001252     0.55   00.55
001253     0.55   00.55
001254     0.55   00.55
001255     0.55   00.55
001256     0.54   00.55
001257     0.54   00.55
001258     0.54   00.55
001259     0.54   00.55
001260     0.54   00.55
001261     0.54   00.55
001262     0.54   00.55
001263     0.54   00.55
001264     0.54   00.55
001265     0.54   00.55
001266     0.54   00.55
001267     0.54   00.55
001268     0.54   00.55
001269     0.54   00.55
001270     0.54   00.54
001271     0.54   00.54
001272     0.54   00.54
001273     0.54   00.54
001274     0.53   00.54
001275     0.53   00.54
001276     0.53   00.54
001277     0.53   00.54
001278     0.53   00.54
001279     0.53   00.54
001280     0.53   00.54
001281     0.53   00.53
001282     0.53   00.53
001283     0.53   00.53
001284     0.53   00.53
001285     0.53   00.53
001286     0.53   00.53
001287     0.53   00.53
001288     0.53   00.53
001289     0.53   00.53
001290     0.52   00.53
001291     0.52   00.53
001292     0.52   00.53
001293     0.52   00.53
001294     0.52   00.53
001295     0.52   00.53
001296     0.52   00.53
001297     0.52   00.53
001298     0.52   00.53
001299     0.52   00.52
001300     0.52   00.53
001301     0.52   00.52
001302     0.52   00.52
001303     0.52   00.52
001304     0.52   00.52
001305     0.52   00.52
001306     0.52   00.52
001307     0.51   00.52
001308     0.51   00.52
001309     0.51   00.52
001310     0.51   00.52
001311     0.51   00.52
001312     0.51   00.52
001313     0.51   00.52
001314     0.51   00.52
001315     0.51   00.52
001316     0.51   00.51
001317     0.51   00.51
001318     0.51   00.51
001319     0.51   00.51
001320     0.51   00.51
001321     0.51   00.51
001322     0.51   00.51
001323     0.50   00.51
001324     0.50   00.51
001325     0.50   00.51
001326     0.50   00.51
001327     0.50   00.51
001328     0.50   00.51
001329     0.50   00.51
001330     0.50   00.51
001331     0.50   00.51
001332     0.50   00.51
001333     0.50   00.51
001334     0.50   00.51
001335     0.50   00.51
001336     0.50   00.51
001337     0.50   00.50
001338     0.50   00.50
001339     0.50   00.50
001340     0.50   00.50
001341     0.50   00.50
001342     0.50   00.50
001343     0.50   00.50
001344     0.50   00.50
001345     0.50   00.50
001346     0.50   00.50
001347     0.49   00.50
001348     0.49   00.50
001349     0.49   00.50
001350     0.49   00.50
001351     0.49   00.50
001352     0.49   00.50
001353     0.49   00.50
001354     0.49   00.50
001355     0.49   00.50
001356     0.49   00.50
001357     0.49   00.50
001358     0.49   00.50
001359     0.49   00.50
001360     0.49   00.50
001361     0.49   00.50
001362     0.49   00.49
001363     0.49   00.49
001364     0.49   00.49
001365     0.48   00.49
001366     0.48   00.49
001367     0.48   00.49
001368     0.48   00.49
001369     0.48   00.49
001370     0.48   00.49
001371     0.48   00.49
001372     0.48   00.49
001373     0.48   00.49
001374     0.48   00.49
001375     0.48   00.49
001376     0.48   00.49
001377     0.48   00.49
001378     0.48   00.48
001379     0.48   00.48
001380     0.48   00.48
001381     0.48   00.48
001382     0.48   00.48
001383     0.48   00.48
001384     0.48   00.48
001385     0.47   00.48
001386     0.47   00.48
001387     0.47   00.48
001388     0.47   00.48
001389     0.47   00.48
001390     0.47   00.48
001391     0.47   00.48
001392     0.47   00.48
001393     0.47   00.48
001394     0.47   00.48
001395     0.47   00.48
001396     0.47   00.48
001397     0.47   00.48
001398     0.47   00.48
001399     0.47   00.48
001400     0.47   00.48
001401     0.47   00.47
001402     0.47   00.47
001403     0.47   00.47
001404     0.47   00.47
001405     0.47   00.47
001406     0.47   00.47
001407     0.47   00.47
001408     0.47   00.47
001409     0.47   00.47
001410     0.47   00.47
001411     0.47   00.47
001412     0.47   00.47
001413     0.47   00.47
001414     0.47   00.47
001415     0.47   00.47
001416     0.46   00.47
001417     0.46   00.47
001418     0.46   00.47
001419     0.46   00.47
001420     0.46   00.47
001421     0.46   00.47
001422     0.46   00.47
001423     0.46   00.47
001424     0.46   00.47
001425     0.46   00.47
001426     0.46   00.47
001427     0.46   00.47
001428     0.46   00.47
001429     0.46   00.47
001430     0.46   00.47
001431     0.46   00.47
001432     0.46   00.47
001433     0.46   00.46
001434     0.46   00.46
001435     0.46   00.46
001436     0.46   00.46
001437     0.46   00.46
001438     0.46   00.46
001439     0.46   00.46
001440     0.46   00.46
001441     0.46   00.46
001442     0.46   00.46
001443     0.46   00.46
001444     0.46   00.46
001445     0.46   00.46
001446     0.46   00.46
001447     0.46   00.46
001448     0.46   00.46
001449     0.46   00.46
001450     0.46   00.46
001451     0.46   00.46
001452     0.46   00.46
001453     0.46   00.46
001454     0.45   00.46
001455     0.45   00.46
001456     0.45   00.46
001457     0.45   00.46
001458     0.45   00.46
001459     0.45   00.46
001460     0.45   00.46
001461     0.45   00.46
001462     0.45   00.46
001463     0.45   00.46
001464     0.45   00.46
001465     0.45   00.46
001466     0.45   00.46
001467     0.45   00.46
001468     0.45   00.45
001469     0.45   00.45
001470     0.45   00.45
001471     0.45   00.45
001472     0.45   00.45
001473     0.45   00.45
001474     0.45   00.45
001475     0.45   00.45
001476     0.45   00.45
001477     0.45   00.45
001478     0.45   00.45
001479     0.44   00.45
001480     0.44   00.45
001481     0.44   00.45
001482     0.44   00.45
001483     0.44   00.45
001484     0.44   00.45
001485     0.44   00.45
001486     0.44   00.45
001487     0.44   00.45
001488     0.44   00.45
001489     0.44   00.45
001490     0.44   00.45
001491     0.44   00.45
001492     0.44   00.45
001493     0.44   00.45
001494     0.44   00.44
001495     0.44   00.44
001496     0.44   00.44
001497     0.44   00.44
001498     0.44   00.45
001499     0.44   00.44
001500     0.44   00.44
001501     0.44   00.44
001502     0.44   00.44
001503     0.43   00.44
001504     0.43   00.44
001505     0.43   00.44
001506     0.43   00.44
001507     0.43   00.44
001508     0.43   00.44
001509     0.43   00.44
001510     0.43   00.44
001511     0.43   00.44
001512     0.43   00.44
001513     0.43   00.44
001514     0.43   00.44
001515     0.43   00.44
001516     0.43   00.44
001517     0.43   00.44
001518     0.43   00.44
001519     0.43   00.44
001520     0.43   00.44
001521     0.43   00.44
001522     0.43   00.44
001523     0.43   00.44
001524     0.43   00.43
001525     0.43   00.43
001526     0.43   00.43
001527     0.43   00.43
001528     0.43   00.43
001529     0.43   00.43
001530     0.43   00.43
001531     0.42   00.43
001532     0.42   00.43
001533     0.42   00.43
001534     0.42   00.43
001535     0.42   00.43
001536     0.42   00.43
001537     0.42   00.43
001538     0.42   00.43
001539     0.42   00.43
001540     0.42   00.43
001541     0.42   00.43
001542     0.42   00.43
001543     0.42   00.43
001544     0.42   00.43
001545     0.42   00.43
001546     0.42   00.43
001547     0.42   00.42
001548     0.42   00.42
001549     0.42   00.42
001550     0.42   00.42
001551     0.42   00.42
001552     0.42   00.42
001553     0.42   00.42
001554     0.42   00.42
001555     0.41   00.42
001556     0.41   00.42
001557     0.41   00.42
001558     0.41   00.42
001559     0.41   00.42
001560     0.41   00.42
001561     0.41   00.42
001562     0.41   00.42
001563     0.41   00.42
001564     0.41   00.42
001565     0.41   00.42
001566     0.41   00.42
001567     0.41   00.42
001568     0.41   00.42
001569     0.41   00.42
001570     0.41   00.42
001571     0.41   00.42
001572     0.41   00.42
001573     0.41   00.41
001574     0.41   00.41
001575     0.41   00.41
001576     0.41   00.41
001577     0.41   00.41
001578     0.41   00.41
001579     0.41   00.41
001580     0.41   00.41
001581     0.41   00.41
001582     0.41   00.41
001583     0.41   00.41
001584     0.41   00.41
001585     0.41   00.41
001586     0.41   00.41
001587     0.41   00.41
001588     0.40   00.41
001589     0.40   00.41
001590     0.40   00.41
001591     0.40   00.41
001592     0.40   00.41
001593     0.40   00.41
001594     0.40   00.41
001595     0.40   00.41
001596     0.40   00.41
001597     0.40   00.41
001598     0.40   00.41
001599     0.40   00.41
001600     0.40   00.41
001601     0.40   00.41
001602     0.40   00.41
001603     0.40   00.41
001604     0.40   00.41
001605     0.40   00.41
001606     0.40   00.41
001607     0.40   00.41
001608     0.40   00.41
001609     0.40   00.41
001610     0.40   00.41
001611     0.40   00.41
001612     0.40   00.41
001613     0.40   00.41
001614     0.40   00.41
001615     0.40   00.41
001616     0.40   00.41
001617     0.40   00.41
001618     0.40   00.41
001619     0.40   00.40
001620     0.40   00.40
001621     0.40   00.40
001622     0.40   00.40
001623     0.40   00.40
001624     0.40   00.40
001625     0.39   00.40
001626     0.39   00.40
001627     0.39   00.40
001628     0.39   00.40
001629     0.39   00.40
001630     0.39   00.40
001631     0.39   00.40
001632     0.39   00.40
001633     0.39   00.40
001634     0.39   00.40
001635     0.39   00.40
001636     0.39   00.40
001637     0.39   00.40
001638     0.39   00.40
001639     0.39   00.40
001640     0.39   00.40
001641     0.39   00.40
001642     0.39   00.40
001643     0.39   00.39
001644     0.39   00.39
001645     0.39   00.39
001646     0.39   00.39
001647     0.39   00.39
001648     0.39   00.39
001649     0.39   00.39
001650     0.39   00.39
001651     0.39   00.39
001652     0.39   00.39
001653     0.39   00.39
001654     0.39   00.39
001655     0.39   00.39
001656     0.38   00.39
001657     0.38   00.39
001658     0.38   00.39
001659     0.38   00.39
001660     0.38   00.39
001661     0.38   00.39
001662     0.38   00.39
001663     0.38   00.39
001664     0.38   00.39
001665     0.38   00.39
001666     0.38   00.39
001667     0.38   00.39
001668     0.38   00.38
001669     0.38   00.38
001670     0.38   00.38
001671     0.38   00.38
001672     0.38   00.38
001673     0.38   00.38
001674     0.38   00.38
001675     0.37   00.38
001676     0.37   00.38
001677     0.37   00.38
001678     0.37   00.38
001679     0.37   00.38
001680     0.37   00.38
001681     0.37   00.38
001682     0.37   00.38
001683     0.37   00.38
001684     0.37   00.38
001685     0.37   00.38
001686     0.37   00.38
001687     0.37   00.38
001688     0.37   00.38
001689     0.37   00.38
001690     0.37   00.38
001691     0.37   00.38
001692     0.37   00.38
001693     0.37   00.38
001694     0.37   00.38
001695     0.37   00.38
001696     0.37   00.38
001697     0.37   00.38
001698     0.37   00.38
001699     0.37   00.37
001700     0.37   00.37
001701     0.37   00.37
001702     0.37   00.37
001703     0.37   00.37
001704     0.37   00.37
001705     0.37   00.37
001706     0.37   00.37
001707     0.37   00.37
001708     0.37   00.37
001709     0.37   00.37
001710     0.37   00.37
001711     0.36   00.37
001712     0.36   00.37
001713     0.36   00.37
001714     0.36   00.37
001715     0.36   00.37
001716     0.36   00.37
001717     0.36   00.37
001718     0.36   00.37
001719     0.36   00.37
001720     0.36   00.37
001721     0.36   00.37
001722     0.36   00.37
001723     0.36   00.37
001724     0.36   00.37
001725     0.36   00.37
001726     0.36   00.37
001727     0.36   00.37
001728     0.36   00.37
001729     0.36   00.37
001730     0.36   00.36
001731     0.36   00.36
001732     0.36   00.36
001733     0.36   00.36
001734     0.36   00.36
001735     0.36   00.36
001736     0.36   00.36
001737     0.36   00.36
001738     0.36   00.36
001739     0.36   00.36
001740     0.36   00.36
001741     0.36   00.36
001742     0.36   00.36
001743     0.36   00.36
001744     0.36   00.36
001745     0.35   00.36
001746     0.35   00.36
001747     0.35   00.36
001748     0.35   00.36
001749     0.35   00.36
001750     0.35   00.36
001751     0.35   00.36
001752     0.35   00.36
001753     0.35   00.36
001754     0.35   00.36
001755     0.35   00.36
001756     0.35   00.36
001757     0.35   00.36
001758     0.35   00.36
001759     0.35   00.36
001760     0.35   00.36
001761     0.35   00.36
001762     0.35   00.36
001763     0.35   00.36
001764     0.34   00.36
001765     0.34   00.35
001766     0.34   00.35
001767     0.34   00.35
001768     0.34   00.35
001769     0.34   00.35
001770     0.34   00.35
001771     0.34   00.35
001772     0.34   00.35
001773     0.34   00.35
001774     0.34   00.35
001775     0.34   00.35
001776     0.34   00.35
001777     0.34   00.35
001778     0.34   00.35
001779     0.34   00.35
001780     0.34   00.35
001781     0.34   00.35
001782     0.34   00.35
001783     0.34   00.35
001784     0.34   00.35
001785     0.34   00.35
001786     0.34   00.35
001787     0.34   00.35
001788     0.34   00.35
001789     0.34   00.35
001790     0.34   00.35
001791     0.34   00.35
001792     0.34   00.35
001793     0.34   00.35
001794     0.34   00.35
001795     0.34   00.35
001796     0.34   00.35
001797     0.34   00.35
001798     0.34   00.35
001799     0.34   00.34
001800     0.34   00.34
001801     0.34   00.34
001802     0.34   00.34
001803     0.34   00.34
001804     0.34   00.34
001805     0.34   00.34
001806     0.34   00.34
001807     0.34   00.34
001808     0.34   00.34
001809     0.34   00.34
001810     0.34   00.34
001811     0.34   00.34
001812     0.34   00.34
001813     0.33   00.34
001814     0.33   00.34
001815     0.33   00.34
001816     0.33   00.34
001817     0.33   00.34
001818     0.33   00.34
001819     0.33   00.34
001820     0.33   00.34
001821     0.33   00.34
001822     0.33   00.34
001823     0.33   00.34
001824     0.33   00.34
001825     0.33   00.34
001826     0.33   00.34
001827     0.33   00.34
001828     0.33   00.34
001829     0.33   00.34
001830     0.33   00.34
001831     0.33   00.34
001832     0.33   00.34
001833     0.33   00.34
001834     0.33   00.34
001835     0.33   00.34
001836     0.33   00.34
001837     0.33   00.33
001838     0.33   00.34
001839     0.33   00.33
001840     0.33   00.33
001841     0.33   00.33
001842     0.33   00.33
001843     0.33   00.33
001844     0.33   00.33
001845     0.33   00.33
001846     0.33   00.33
001847     0.33   00.33
001848     0.33   00.33
001849     0.33   00.33
001850     0.33   00.33
001851     0.33   00.33
001852     0.33   00.33
001853     0.33   00.33
001854     0.33   00.33
001855     0.33   00.33
001856     0.33   00.33
001857     0.32   00.33
001858     0.32   00.33
001859     0.32   00.33
001860     0.32   00.33
001861     0.32   00.33
001862     0.32   00.33
001863     0.32   00.33
001864     0.32   00.33
001865     0.32   00.33
001866     0.32   00.33
001867     0.32   00.33
001868     0.32   00.33
001869     0.32   00.33
001870     0.32   00.33
001871     0.32   00.33
001872     0.32   00.33
001873     0.32   00.33
001874     0.32   00.33
001875     0.32   00.33
001876     0.32   00.33
001877     0.32   00.33
001878     0.32   00.33
001879     0.32   00.33
001880     0.32   00.33
001881     0.32   00.33
001882     0.32   00.33
001883     0.32   00.33
001884     0.32   00.33
001885     0.32   00.33
001886     0.32   00.33
001887     0.32   00.33
001888     0.32   00.33
001889     0.32   00.33
001890     0.32   00.33
001891     0.32   00.33
001892     0.32   00.33
001893     0.32   00.33
001894     0.32   00.32
001895     0.32   00.32
001896     0.32   00.32
001897     0.32   00.32
001898     0.32   00.32
001899     0.32   00.32
001900     0.32   00.32
001901     0.32   00.32
001902     0.32   00.32
001903     0.32   00.32
001904     0.32   00.32
001905     0.32   00.32
001906     0.32   00.32
001907     0.32   00.32
001908     0.32   00.32
001909     0.32   00.32
001910     0.32   00.32
001911     0.32   00.32
001912     0.32   00.32
001913     0.32   00.32
001914     0.32   00.32
001915     0.32   00.32
001916     0.32   00.32
001917     0.32   00.32
001918     0.32   00.32
001919     0.32   00.32
001920     0.32   00.32
001921     0.32   00.32
001922     0.32   00.32
001923     0.32   00.32
001924     0.32   00.32
001925     0.32   00.32
001926     0.32   00.32
001927     0.31   00.32
001928     0.31   00.32
001929     0.31   00.32
001930     0.31   00.32
001931     0.31   00.32
001932     0.31   00.32
001933     0.31   00.32
001934     0.31   00.32
001935     0.31   00.32
001936     0.31   00.32
001937     0.31   00.32
001938     0.31   00.32
001939     0.31   00.32
001940     0.31   00.32
001941     0.31   00.32
001942     0.31   00.32
001943     0.31   00.32
001944     0.31   00.32
001945     0.31   00.32
001946     0.31   00.32
001947     0.31   00.32
001948     0.31   00.32
001949     0.31   00.32
001950     0.31   00.32
001951     0.31   00.32
001952     0.31   00.32
001953     0.31   00.32
001954     0.31   00.32
001955     0.31   00.32
001956     0.31   00.32
001957     0.31   00.32
001958     0.31   00.32
001959     0.31   00.32
001960     0.31   00.32
001961     0.31   00.32
001962     0.31   00.32
001963     0.31   00.32
001964     0.31   00.32
001965     0.31   00.32
001966     0.31   00.32
001967     0.31   00.32
001968     0.31   00.32
001969     0.31   00.32
001970     0.31   00.32
001971     0.30   00.31
001972     0.30   00.31
001973     0.30   00.31
001974     0.30   00.31
001975     0.30   00.31
001976     0.30   00.31
001977     0.30   00.31
001978     0.30   00.31
001979     0.30   00.31
001980     0.30   00.31
001981     0.30   00.31
001982     0.30   00.31
001983     0.30   00.31
001984     0.30   00.31
001985     0.30   00.31
001986     0.30   00.31
001987     0.30   00.31
001988     0.30   00.31
001989     0.30   00.31
001990     0.30   00.31
001991     0.30   00.31
001992     0.30   00.31
001993     0.30   00.31
001994     0.30   00.31
001995     0.30   00.31
001996     0.30   00.31
001997     0.30   00.31
001998     0.30   00.31
001999     0.30   00.31
002000     0.30   00.31
002001     0.30   00.31
002002     0.30   00.31
002003     0.30   00.31
002004     0.30   00.31
002005     0.30   00.31
002006     0.30   00.31
002007     0.30   00.31
002008     0.30   00.31
002009     0.30   00.31
002010     0.30   00.31
002011     0.30   00.31
002012     0.30   00.31
002013     0.30   00.31
002014     0.30   00.31
002015     0.30   00.31
002016     0.30   00.31
002017     0.30   00.31
002018     0.30   00.31
002019     0.30   00.31
002020     0.30   00.31
002021     0.30   00.31
002022     0.30   00.31
002023     0.30   00.31
002024     0.30   00.31
002025     0.30   00.31
002026     0.30   00.31
002027     0.30   00.31
002028     0.30   00.31
002029     0.30   00.30
002030     0.30   00.30
002031     0.30   00.30
002032     0.30   00.30
002033     0.30   00.30
002034     0.30   00.31
002035     0.30   00.30
002036     0.30   00.30
002037     0.30   00.30
002038     0.30   00.30
002039     0.30   00.30
002040     0.30   00.30
002041     0.30   00.30
002042     0.30   00.30
002043     0.30   00.30
002044     0.30   00.30
002045     0.30   00.30
002046     0.30   00.30
002047     0.30   00.30
002048     0.30   00.30
002049     0.30   00.30
002050     0.30   00.30
002051     0.30   00.30
002052     0.30   00.30
002053     0.30   00.30
002054     0.30   00.30
002055     0.30   00.30
002056     0.30   00.30
002057     0.30   00.30
002058     0.30   00.30
002059     0.30   00.30
002060     0.30   00.30
002061     0.30   00.30
002062     0.29   00.30
002063     0.29   00.30
002064     0.29   00.30
002065     0.29   00.30
002066     0.29   00.30
002067     0.29   00.30
002068     0.29   00.30
002069     0.29   00.30
002070     0.29   00.30
002071     0.29   00.30
002072     0.29   00.30
002073     0.29   00.30
002074     0.29   00.30
002075     0.29   00.30
002076     0.29   00.30
002077     0.29   00.30
002078     0.29   00.30
002079     0.29   00.30
002080     0.29   00.30
002081     0.29   00.30
002082     0.29   00.30
002083     0.29   00.30
002084     0.29   00.30
002085     0.29   00.30
002086     0.29   00.30
002087     0.29   00.30
002088     0.29   00.30
002089     0.29   00.30
002090     0.29   00.30
002091     0.29   00.30
002092     0.29   00.30
002093     0.29   00.30
002094     0.29   00.30
002095     0.29   00.30
002096     0.29   00.30
002097     0.29   00.30
002098     0.29   00.30
002099     0.29   00.30
002100     0.29   00.30
002101     0.29   00.30
002102     0.29   00.30
002103     0.29   00.30
002104     0.29   00.30
002105     0.29   00.30
002106     0.29   00.30
002107     0.29   00.30
002108     0.29   00.30
002109     0.29   00.30
002110     0.29   00.30
002111     0.29   00.30
002112     0.29   00.30
002113     0.29   00.30
002114     0.29   00.29
002115     0.29   00.30
002116     0.29   00.29
002117     0.29   00.29
002118     0.29   00.29
002119     0.29   00.29
002120     0.29   00.29
002121     0.29   00.30
002122     0.29   00.29
002123     0.29   00.29
002124     0.29   00.29
002125     0.29   00.29
002126     0.29   00.29
002127     0.29   00.29
002128     0.29   00.29
002129     0.29   00.29
002130     0.29   00.29
002131     0.29   00.29
002132     0.29   00.29
002133     0.29   00.29
002134     0.29   00.29
002135     0.29   00.29
002136     0.29   00.29
002137     0.29   00.29
002138     0.29   00.29
002139     0.29   00.29
002140     0.29   00.29
002141     0.29   00.29
002142     0.29   00.29
002143     0.29   00.29
002144     0.29   00.29
002145     0.29   00.29
002146     0.29   00.29
002147     0.29   00.29
002148     0.29   00.29
002149     0.29   00.29
002150     0.29   00.29
002151     0.29   00.29
002152     0.29   00.29
002153     0.29   00.29
002154     0.29   00.29
002155     0.29   00.29
002156     0.29   00.29
002157     0.29   00.29
002158     0.28   00.29
002159     0.28   00.29
002160     0.28   00.29
002161     0.28   00.29
002162     0.28   00.29
002163     0.28   00.29
002164     0.28   00.29
002165     0.28   00.29
002166     0.28   00.29
002167     0.28   00.29
002168     0.28   00.29
002169     0.28   00.29
002170     0.28   00.29
002171     0.28   00.29
002172     0.28   00.29
002173     0.28   00.29
002174     0.28   00.29
002175     0.28   00.29
002176     0.28   00.29
002177     0.28   00.29
002178     0.28   00.29
002179     0.28   00.29
002180     0.28   00.29
002181     0.28   00.29
002182     0.28   00.29
002183     0.28   00.29
002184     0.28   00.29
002185     0.28   00.29
002186     0.28   00.29
002187     0.28   00.29
002188     0.28   00.29
002189     0.28   00.29
002190     0.28   00.29
002191     0.28   00.29
002192     0.28   00.29
002193     0.28   00.29
002194     0.28   00.29
002195     0.28   00.29
002196     0.28   00.29
002197     0.28   00.29
002198     0.28   00.29
002199     0.28   00.29
002200     0.28   00.29
002201     0.28   00.29
002202     0.28   00.29
002203     0.28   00.29
002204     0.28   00.29
002205     0.28   00.29
002206     0.28   00.29
002207     0.28   00.29
002208     0.28   00.29
002209     0.28   00.29
002210     0.28   00.29
002211     0.28   00.29
002212     0.28   00.29
002213     0.28   00.29
002214     0.28   00.29
002215     0.28   00.29
002216     0.28   00.29
002217     0.28   00.29
002218     0.28   00.29
002219     0.28   00.29
002220     0.28   00.29
002221     0.28   00.29
002222     0.28   00.29
002223     0.28   00.29
002224     0.28   00.29
002225     0.28   00.29
002226     0.28   00.29
002227     0.28   00.29
002228     0.28   00.29
002229     0.28   00.29
002230     0.28   00.29
002231     0.28   00.29
002232     0.28   00.29
002233     0.28   00.29
002234     0.28   00.29
002235     0.28   00.29
002236     0.28   00.29
002237     0.28   00.29
002238     0.28   00.29
002239     0.28   00.29
002240     0.28   00.29
002241     0.28   00.29
002242     0.28   00.29
002243     0.28   00.29
002244     0.28   00.29
002245     0.28   00.29
002246     0.28   00.29
002247     0.28   00.29
002248     0.28   00.29
002249     0.28   00.29
002250     0.28   00.29
002251     0.28   00.29
002252     0.28   00.29
002253     0.28   00.29
002254     0.28   00.29
002255     0.28   00.29
002256     0.28   00.29
002257     0.28   00.29
002258     0.28   00.29
002259     0.28   00.29
002260     0.28   00.29
002261     0.28   00.28
002262     0.28   00.28
002263     0.28   00.28
002264     0.28   00.29
002265     0.28   00.28
002266     0.28   00.28
002267     0.28   00.28
002268     0.28   00.29
002269     0.28   00.29
002270     0.28   00.29
002271     0.28   00.28
002272     0.28   00.28
002273     0.28   00.28
002274     0.28   00.28
002275     0.28   00.28
002276     0.28   00.28
002277     0.28   00.28
002278     0.28   00.28
002279     0.28   00.28
002280     0.28   00.28
002281     0.28   00.28
002282     0.28   00.28
002283     0.28   00.28
002284     0.28   00.28
002285     0.28   00.28
002286     0.28   00.28
002287     0.28   00.28
002288     0.28   00.28
002289     0.28   00.28
002290     0.28   00.28
002291     0.28   00.28
002292     0.28   00.28
002293     0.28   00.28
002294     0.28   00.28
002295     0.28   00.28
002296     0.28   00.28
002297     0.28   00.28
002298     0.28   00.28
002299     0.28   00.28
002300     0.28   00.28
002301     0.28   00.28
002302     0.28   00.28
002303     0.28   00.28
002304     0.28   00.28
002305     0.28   00.28
002306     0.28   00.28
002307     0.28   00.28
002308     0.28   00.28
002309     0.28   00.28
002310     0.28   00.28
002311     0.28   00.28
002312     0.28   00.28
002313     0.28   00.28
002314     0.28   00.28
002315     0.28   00.28
002316     0.28   00.28
002317     0.28   00.28
002318     0.28   00.28
002319     0.28   00.28
002320     0.28   00.28
002321     0.28   00.28
002322     0.28   00.28
002323     0.28   00.28
002324     0.28   00.28
002325     0.28   00.28
002326     0.28   00.28
002327     0.28   00.28
002328     0.28   00.28
002329     0.28   00.28
002330     0.28   00.28
002331     0.28   00.28
002332     0.28   00.28
002333     0.28   00.28
002334     0.28   00.28
002335     0.28   00.28
002336     0.28   00.28
002337     0.28   00.28
002338     0.28   00.28
002339     0.28   00.28
002340     0.28   00.28
002341     0.28   00.28
002342     0.28   00.28
002343     0.28   00.28
002344     0.28   00.28
002345     0.28   00.28
002346     0.28   00.28
002347     0.28   00.28
002348     0.27   00.28
002349     0.27   00.28
002350     0.27   00.28
002351     0.27   00.28
002352     0.27   00.28
002353     0.27   00.28
002354     0.27   00.28
002355     0.27   00.28
002356     0.27   00.28
002357     0.27   00.28
002358     0.27   00.28
002359     0.27   00.28
002360     0.27   00.28
002361     0.27   00.28
002362     0.27   00.28
002363     0.27   00.28
002364     0.27   00.28
002365     0.27   00.28
002366     0.27   00.28
002367     0.27   00.28
002368     0.27   00.28
002369     0.27   00.28
002370     0.27   00.28
002371     0.27   00.28
002372     0.27   00.28
002373     0.27   00.28
002374     0.27   00.28
002375     0.27   00.28
002376     0.27   00.28
002377     0.27   00.28
002378     0.27   00.28
002379     0.27   00.28
002380     0.27   00.28
002381     0.27   00.28
002382     0.27   00.28
002383     0.27   00.28
002384     0.27   00.28
002385     0.27   00.28
002386     0.27   00.28
002387     0.27   00.28
002388     0.27   00.28
002389     0.27   00.28
002390     0.27   00.28
002391     0.27   00.28
002392     0.27   00.28
002393     0.27   00.28
002394     0.27   00.28
002395     0.27   00.28
002396     0.27   00.28
002397     0.27   00.28
002398     0.27   00.28
002399     0.27   00.28
002400     0.27   00.28
002401     0.27   00.28
002402     0.27   00.28
002403     0.27   00.28
002404     0.27   00.28
002405     0.27   00.28
002406     0.27   00.28
002407     0.27   00.28
002408     0.27   00.28
002409     0.27   00.28
002410     0.27   00.28
002411     0.27   00.28
002412     0.27   00.28
002413     0.27   00.28
002414     0.27   00.28
002415     0.27   00.28
002416     0.27   00.28
002417     0.27   00.28
002418     0.27   00.28
002419     0.27   00.28
002420     0.27   00.28
002421     0.27   00.28
002422     0.27   00.28
002423     0.27   00.28
002424     0.27   00.28
002425     0.27   00.28
002426     0.27   00.28
002427     0.27   00.28
002428     0.27   00.28
002429     0.27   00.28
002430     0.27   00.28
002431     0.27   00.28
002432     0.27   00.28
002433     0.27   00.28
002434     0.27   00.28
002435     0.27   00.28
002436     0.27   00.27
002437     0.27   00.28
002438     0.27   00.28
002439     0.27   00.28
002440     0.27   00.28
002441     0.27   00.27
002442     0.27   00.27
002443     0.27   00.27
002444     0.27   00.27
002445     0.27   00.27
002446     0.27   00.27
002447     0.27   00.27
002448     0.27   00.27
002449     0.27   00.27
002450     0.27   00.27
002451     0.27   00.27
002452     0.27   00.27
002453     0.27   00.27
002454     0.27   00.27
002455     0.27   00.27
002456     0.27   00.27
002457     0.27   00.27
002458     0.27   00.27
002459     0.27   00.27
002460     0.27   00.27
002461     0.27   00.27
002462     0.27   00.27
002463     0.27   00.27
002464     0.27   00.27
002465     0.27   00.27
002466     0.27   00.27
002467     0.27   00.27
002468     0.27   00.27
002469     0.27   00.27
002470     0.27   00.27
002471     0.27   00.28
002472     0.27   00.27
002473     0.27   00.27
002474     0.27   00.27
002475     0.27   00.27
002476     0.27   00.27
002477     0.27   00.27
002478     0.27   00.27
002479     0.27   00.27
002480     0.27   00.27
002481     0.27   00.27
002482     0.27   00.27
002483     0.27   00.27
002484     0.27   00.27
002485     0.27   00.27
002486     0.27   00.27
002487     0.27   00.27
002488     0.27   00.27
002489     0.27   00.27
002490     0.27   00.27
002491     0.27   00.28
002492     0.27   00.28
002493     0.27   00.28
002494     0.27   00.27
002495     0.27   00.28
002496     0.27   00.27
002497     0.27   00.27
002498     0.27   00.27
002499     0.27   00.28
002500     0.27   00.28
002501     0.27   00.28
002502     0.27   00.28
002503     0.27   00.28
002504     0.27   00.28
002505     0.27   00.27
002506     0.27   00.27
002507     0.27   00.27
002508     0.27   00.27
002509     0.27   00.27
002510     0.27   00.27
002511     0.27   00.27
002512     0.27   00.27
002513     0.27   00.27
002514     0.27   00.27
002515     0.27   00.27
002516     0.27   00.27
002517     0.27   00.28
002518     0.27   00.28
002519     0.27   00.28
002520     0.27   00.28
002521     0.27   00.28
002522     0.27   00.28
002523     0.27   00.28
002524     0.27   00.28
002525     0.27   00.28
002526     0.27   00.28
002527     0.27   00.27
002528     0.27   00.27
002529     0.27   00.28
002530     0.27   00.27
002531     0.27   00.28
002532     0.27   00.28
002533     0.27   00.28
002534     0.27   00.27
002535     0.27   00.27
002536     0.27   00.27
002537     0.27   00.27
002538     0.27   00.27
002539     0.27   00.27
002540     0.27   00.27
002541     0.27   00.27
002542     0.27   00.27
002543     0.27   00.27
002544     0.27   00.27
002545     0.27   00.27
002546     0.27   00.27
002547     0.27   00.27
002548     0.27   00.27
002549     0.27   00.27
002550     0.27   00.27
002551     0.27   00.27
002552     0.27   00.27
002553     0.27   00.27
002554     0.27   00.27
002555     0.27   00.27
002556     0.27   00.27
002557     0.27   00.27
002558     0.27   00.27
002559     0.27   00.27
002560     0.27   00.27
002561     0.27   00.27
002562     0.27   00.27
002563     0.27   00.27
002564     0.27   00.27
002565     0.27   00.27
002566     0.27   00.27
002567     0.27   00.27
002568     0.27   00.27
002569     0.27   00.27
002570     0.27   00.27
002571     0.27   00.27
002572     0.27   00.27
002573     0.27   00.27
002574     0.27   00.27
002575     0.27   00.27
002576     0.27   00.27
002577     0.27   00.27
002578     0.27   00.27
002579     0.27   00.27
002580     0.27   00.27
002581     0.27   00.27
002582     0.27   00.27
002583     0.27   00.27
002584     0.27   00.27
002585     0.27   00.27
002586     0.27   00.27
002587     0.27   00.27
002588     0.27   00.27
002589     0.27   00.27
002590     0.27   00.27
002591     0.27   00.27
002592     0.27   00.27
002593     0.27   00.27
002594     0.27   00.27
002595     0.27   00.27
002596     0.27   00.27
002597     0.27   00.27
002598     0.27   00.27
002599     0.27   00.27
002600     0.27   00.27
002601     0.27   00.27
002602     0.27   00.27
002603     0.27   00.27
002604     0.27   00.27
002605     0.27   00.27
002606     0.27   00.27
002607     0.27   00.27
002608     0.27   00.27
002609     0.27   00.27
002610     0.27   00.27
002611     0.27   00.27
002612     0.27   00.27
002613     0.27   00.27
002614     0.27   00.27
002615     0.27   00.27
002616     0.27   00.27
002617     0.27   00.27
002618     0.27   00.27
002619     0.27   00.27
002620     0.27   00.27
002621     0.27   00.27
002622     0.27   00.27
002623     0.27   00.27
002624     0.27   00.27
002625     0.27   00.27
002626     0.27   00.27
002627     0.27   00.27
002628     0.27   00.27
002629     0.27   00.27
002630     0.27   00.27
002631     0.27   00.27
002632     0.27   00.27
002633     0.27   00.27
002634     0.27   00.27
002635     0.27   00.27
002636     0.27   00.27
002637     0.27   00.27
002638     0.27   00.27
002639     0.26   00.27
002640     0.26   00.27
002641     0.26   00.27
002642     0.26   00.27
002643     0.26   00.27
002644     0.26   00.27
002645     0.26   00.27
002646     0.26   00.27
002647     0.26   00.27
002648     0.26   00.27
002649     0.26   00.27
002650     0.26   00.27
002651     0.26   00.27
002652     0.26   00.27
002653     0.26   00.27
002654     0.26   00.27
002655     0.26   00.27
002656     0.26   00.27
002657     0.26   00.27
002658     0.26   00.27
002659     0.26   00.27
002660     0.26   00.27
002661     0.26   00.27
002662     0.26   00.27
002663     0.26   00.27
002664     0.26   00.27
002665     0.26   00.27
002666     0.26   00.27
002667     0.26   00.27
002668     0.26   00.27
002669     0.26   00.27
002670     0.26   00.27
002671     0.26   00.27
002672     0.26   00.27
002673     0.26   00.27
002674     0.26   00.27
002675     0.26   00.27
002676     0.26   00.27
002677     0.26   00.27
002678     0.26   00.27
002679     0.26   00.27
002680     0.26   00.27
002681     0.26   00.27
002682     0.26   00.27
002683     0.26   00.27
002684     0.26   00.27
002685     0.26   00.27
002686     0.26   00.27
002687     0.26   00.27
002688     0.26   00.27
002689     0.26   00.27
002690     0.26   00.27
002691     0.26   00.27
002692     0.26   00.27
002693     0.26   00.27
002694     0.26   00.27
002695     0.26   00.27
002696     0.26   00.27
002697     0.26   00.27
002698     0.26   00.27
002699     0.26   00.27
002700     0.26   00.27
002701     0.26   00.27
002702     0.26   00.27
002703     0.26   00.27
002704     0.26   00.27
002705     0.26   00.27
002706     0.26   00.27
002707     0.26   00.27
002708     0.26   00.27
002709     0.26   00.27
002710     0.26   00.27
002711     0.26   00.27
002712     0.26   00.27
002713     0.26   00.27
002714     0.26   00.27
002715     0.26   00.27
002716     0.26   00.27
002717     0.26   00.27
002718     0.26   00.27
002719     0.26   00.27
002720     0.26   00.27
002721     0.26   00.27
002722     0.26   00.27
002723     0.26   00.27
002724     0.26   00.27
002725     0.26   00.27
002726     0.26   00.27
002727     0.26   00.27
002728     0.26   00.27
002729     0.26   00.27
002730     0.26   00.27
002731     0.26   00.27
002732     0.26   00.27
002733     0.26   00.27
002734     0.26   00.27
002735     0.26   00.27
002736     0.26   00.27
002737     0.26   00.27
002738     0.26   00.27
002739     0.26   00.27
002740     0.26   00.27
002741     0.26   00.27
002742     0.26   00.27
002743     0.26   00.27
002744     0.26   00.27
002745     0.26   00.27
002746     0.26   00.27
002747     0.26   00.27
002748     0.26   00.27
002749     0.26   00.27
002750     0.26   00.27
002751     0.26   00.27
002752     0.26   00.27
002753     0.26   00.27
002754     0.26   00.27
002755     0.26   00.27
002756     0.26   00.27
002757     0.26   00.27
002758     0.26   00.27
002759     0.26   00.27
002760     0.26   00.27
002761     0.26   00.27
002762     0.26   00.27
002763     0.26   00.27
002764     0.26   00.27
002765     0.26   00.27
002766     0.26   00.27
002767     0.26   00.27
002768     0.26   00.27
002769     0.26   00.27
002770     0.26   00.27
002771     0.26   00.27
002772     0.26   00.27
002773     0.26   00.27
002774     0.26   00.27
002775     0.26   00.27
002776     0.26   00.27
002777     0.26   00.27
002778     0.26   00.27
002779     0.26   00.27
002780     0.26   00.27
002781     0.26   00.27
002782     0.26   00.27
002783     0.26   00.27
002784     0.26   00.27
002785     0.26   00.27
002786     0.26   00.27
002787     0.26   00.27
002788     0.26   00.27
002789     0.26   00.27
002790     0.26   00.27
002791     0.26   00.27
002792     0.26   00.27
002793     0.26   00.27
002794     0.26   00.27
002795     0.26   00.27
002796     0.26   00.27
002797     0.26   00.27
002798     0.26   00.27
002799     0.26   00.27
002800     0.26   00.27
002801     0.26   00.27
002802     0.26   00.27
002803     0.26   00.27
002804     0.26   00.27
002805     0.26   00.27
002806     0.26   00.27
002807     0.26   00.27
002808     0.26   00.27
002809     0.26   00.27
002810     0.26   00.27
002811     0.26   00.27
002812     0.26   00.27
002813     0.26   00.27
002814     0.26   00.27
002815     0.26   00.27
002816     0.26   00.27
002817     0.26   00.27
002818     0.26   00.27
002819     0.26   00.27
002820     0.26   00.27
002821     0.26   00.27
002822     0.26   00.27
002823     0.26   00.27
002824     0.26   00.27
002825     0.26   00.27
002826     0.26   00.27
002827     0.26   00.27
002828     0.26   00.27
002829     0.26   00.27
002830     0.26   00.27
002831     0.26   00.27
002832     0.26   00.27
002833     0.26   00.27
002834     0.26   00.27
002835     0.26   00.27
002836     0.26   00.27
002837     0.26   00.27
002838     0.26   00.27
002839     0.26   00.27
002840     0.26   00.27
002841     0.26   00.27
002842     0.26   00.27
002843     0.26   00.27
002844     0.26   00.27
002845     0.26   00.27
002846     0.26   00.27
002847     0.26   00.27
002848     0.26   00.27
002849     0.26   00.27
002850     0.26   00.27
002851     0.26   00.27
002852     0.26   00.27
002853     0.26   00.27
002854     0.26   00.27
002855     0.26   00.27
002856     0.26   00.27
002857     0.26   00.27
002858     0.26   00.27
002859     0.26   00.27
002860     0.26   00.27
002861     0.26   00.27
002862     0.26   00.27
002863     0.26   00.27
002864     0.26   00.27
002865     0.26   00.27
002866     0.26   00.27
002867     0.26   00.27
002868     0.26   00.27
002869     0.26   00.27
002870     0.26   00.27
002871     0.26   00.27
002872     0.26   00.27
002873     0.26   00.27
002874     0.26   00.27
002875     0.26   00.27
002876     0.26   00.27
002877     0.26   00.27
002878     0.26   00.27
002879     0.26   00.27
002880     0.26   00.27
002881     0.26   00.27
002882     0.26   00.27
002883     0.26   00.27
002884     0.26   00.27
002885     0.26   00.27
002886     0.26   00.27
002887     0.26   00.27
002888     0.26   00.27
002889     0.26   00.27
002890     0.26   00.27
002891     0.26   00.27
002892     0.26   00.27
002893     0.26   00.27
002894     0.26   00.27
002895     0.26   00.27
002896     0.26   00.27
002897     0.26   00.27
002898     0.26   00.27
002899     0.26   00.27
002900     0.26   00.27
002901     0.26   00.27
002902     0.26   00.27
002903     0.26   00.27
002904     0.26   00.27
002905     0.26   00.27
002906     0.26   00.27
002907     0.26   00.27
002908     0.26   00.27
002909     0.26   00.27
002910     0.26   00.27
002911     0.26   00.27
002912     0.26   00.27
002913     0.26   00.27
002914     0.26   00.27
002915     0.26   00.27
002916     0.26   00.27
002917     0.26   00.27
002918     0.26   00.27
002919     0.26   00.27
002920     0.26   00.27
002921     0.26   00.27
002922     0.26   00.27
002923     0.26   00.27
002924     0.26   00.27
002925     0.26   00.27
002926     0.26   00.27
002927     0.26   00.27
002928     0.26   00.27
002929     0.26   00.27
002930     0.26   00.27
002931     0.26   00.27
002932     0.26   00.27
002933     0.26   00.27
002934     0.26   00.27
002935     0.26   00.27
002936     0.26   00.27
002937     0.26   00.27
002938     0.26   00.27
002939     0.26   00.27
002940     0.26   00.27
002941     0.26   00.27
002942     0.26   00.27
002943     0.26   00.27
002944     0.26   00.27
002945     0.26   00.27
002946     0.26   00.27
002947     0.26   00.27
002948     0.26   00.27
002949     0.26   00.27
002950     0.26   00.27
002951     0.26   00.27
002952     0.26   00.27
002953     0.26   00.27
002954     0.26   00.27
002955     0.26   00.27
002956     0.26   00.27
002957     0.26   00.27
002958     0.26   00.27
002959     0.26   00.27
002960     0.26   00.27
002961     0.26   00.27
002962     0.26   00.27
002963     0.26   00.27
002964     0.26   00.27
002965     0.26   00.27
002966     0.26   00.27
002967     0.26   00.27
002968     0.26   00.27
002969     0.26   00.27
002970     0.26   00.27
002971     0.26   00.27
002972     0.26   00.27
002973     0.26   00.27
002974     0.26   00.27
002975     0.26   00.27
002976     0.26   00.27
002977     0.26   00.27
002978     0.26   00.27
002979     0.26   00.27
002980     0.26   00.27
002981     0.26   00.27
002982     0.26   00.27
002983     0.26   00.27
002984     0.26   00.27
002985     0.26   00.27
002986     0.26   00.27
002987     0.26   00.27
002988     0.26   00.27
002989     0.26   00.27
002990     0.26   00.27
002991     0.26   00.27
002992     0.26   00.27
002993     0.26   00.27
002994     0.26   00.27
002995     0.26   00.27
002996     0.26   00.27
002997     0.26   00.27
002998     0.26   00.27
002999     0.26   00.27
003000     0.26   00.27
003001     0.26   00.27
