000001     2.78   02.94
000002     2.78   02.92
000003     2.78   02.91
000004     2.78   02.90
000005     2.78   02.89
000006     2.74   02.88
000007     2.74   02.88
000008     2.71   02.88
000009     2.67   02.84
000010     2.66   02.83
000011     2.66   02.82
000012     2.61   02.80
000013     2.61   02.79
000014     2.61   02.78
000015     2.61   02.78
000016     2.59   02.77
000017     2.57   02.74
000018     2.57   02.71
000019     2.57   02.70
000020     2.52   02.67
000021     2.51   02.64
000022     2.48   02.64
000023     2.48   02.61
000024     2.48   02.60
000025     2.47   02.59
000026     2.46   02.57
000027     2.43   02.54
000028     2.42   02.52
000029     2.41   02.51
000030     2.41   02.50
000031     2.41   02.50
000032     2.40   02.48
000033     2.36   02.46
000034     2.31   02.45
000035     2.31   02.44
000036     2.31   02.42
000037     2.29   02.40
000038     2.29   02.40
000039     2.29   02.39
000040     2.29   02.37
000041     2.28   02.36
000042     2.27   02.35
000043     2.27   02.33
000044     2.25   02.32
000045     2.24   02.31
000046     2.24   02.30
000047     2.23   02.28
000048     2.23   02.27
000049     2.21   02.26
000050     2.18   02.25
000051     2.17   02.24
000052     2.17   02.23
000053     2.16   02.22
000054     2.16   02.21
000055     2.16   02.20
000056     2.14   02.19
000057     2.14   02.18
000058     2.14   02.18
000059     2.13   02.17
000060     2.13   02.16
000061     2.12   02.16
000062     2.11   02.15
000063     2.10   02.14
000064     2.10   02.13
000065     2.10   02.13
000066     2.09   02.12
000067     2.08   02.11
000068     2.07   02.11
000069     2.07   02.10
000070     2.07   02.10
000071     2.06   02.09
000072     2.06   02.09
000073     2.05   02.08
000074     2.05   02.08
000075     2.05   02.07
000076     2.04   02.07
000077     2.04   02.06
000078     2.04   02.06
000079     2.03   02.06
000080     2.03   02.05
000081     2.03   02.05
000082     2.03   02.05
000083     2.03   02.04
000084     2.02   02.04
000085     2.02   02.04
000086     2.02   02.04
000087     2.01   02.03
000088     2.01   02.03
000089     2.01   02.03
000090     2.00   02.02
000091     2.00   02.02
000092     2.00   02.02
000093     2.00   02.01
000094     2.00   02.01
000095     1.99   02.01
000096     1.99   02.01
000097     1.99   02.00
000098     1.99   02.00
000099     1.98   02.00
000100     1.98   01.99
000101     1.98   01.99
000102     1.97   01.99
000103     1.97   01.99
000104     1.97   01.99
000105     1.97   01.98
000106     1.97   01.98
000107     1.97   01.98
000108     1.97   01.98
000109     1.96   01.97
000110     1.96   01.97
000111     1.96   01.97
000112     1.96   01.97
000113     1.96   01.97
000114     1.95   01.96
000115     1.95   01.96
000116     1.95   01.96
000117     1.95   01.96
000118     1.95   01.96
000119     1.94   01.96
000120     1.94   01.95
000121     1.94   01.95
000122     1.94   01.95
000123     1.94   01.95
000124     1.93   01.95
000125     1.93   01.94
000126     1.93   01.94
000127     1.93   01.94
000128     1.93   01.94
000129     1.93   01.94
000130     1.92   01.94
000131     1.92   01.93
000132     1.92   01.93
000133     1.92   01.93
000134     1.92   01.93
000135     1.92   01.93
000136     1.91   01.92
000137     1.91   01.92
000138     1.91   01.92
000139     1.91   01.92
000140     1.91   01.92
000141     1.91   01.92
000142     1.91   01.92
000143     1.90   01.91
000144     1.90   01.91
000145     1.90   01.91
000146     1.90   01.91
000147     1.90   01.91
000148     1.90   01.91
000149     1.90   01.91
000150     1.89   01.90
000151     1.89   01.90
000152     1.89   01.90
000153     1.89   01.90
000154     1.89   01.90
000155     1.89   01.90
000156     1.88   01.89
000157     1.88   01.89
000158     1.88   01.89
000159     1.88   01.89
000160     1.88   01.89
000161     1.88   01.89
000162     1.88   01.89
000163     1.87   01.88
000164     1.87   01.88
000165     1.87   01.88
000166     1.87   01.88
000167     1.87   01.88
000168     1.86   01.88
000169     1.86   01.87
000170     1.86   01.87
000171     1.86   01.87
000172     1.86   01.87
000173     1.86   01.87
000174     1.86   01.87
000175     1.86   01.86
000176     1.85   01.86
000177     1.85   01.86
000178     1.85   01.86
000179     1.84   01.86
000180     1.84   01.85
000181     1.84   01.85
000182     1.84   01.85
000183     1.84   01.85
000184     1.84   01.85
000185     1.84   01.85
000186     1.84   01.85
000187     1.83   01.84
000188     1.83   01.84
000189     1.83   01.84
000190     1.83   01.84
000191     1.83   01.84
000192     1.83   01.84
000193     1.83   01.83
000194     1.83   01.83
000195     1.82   01.83
000196     1.82   01.83
000197     1.82   01.83
000198     1.82   01.83
000199     1.82   01.82
000200     1.81   01.82
000201     1.81   01.82
000202     1.81   01.82
000203     1.80   01.82
000204     1.80   01.82
000205     1.80   01.82
000206     1.80   01.81
000207     1.80   01.81
000208     1.80   01.81
000209     1.80   01.81
000210     1.80   01.81
000211     1.79   01.81
000212     1.79   01.80
000213     1.79   01.80
000214     1.79   01.80
000215     1.79   01.80
000216     1.79   01.80
000217     1.79   01.80
000218     1.78   01.79
000219     1.78   01.79
000220     1.78   01.79
000221     1.78   01.79
000222     1.78   01.79
000223     1.78   01.79
000224     1.78   01.79
000225     1.78   01.79
000226     1.77   01.78
000227     1.77   01.78
000228     1.77   01.78
000229     1.77   01.78
000230     1.77   01.78
000231     1.77   01.78
000232     1.77   01.78
000233     1.77   01.77
000234     1.76   01.77
000235     1.76   01.77
000236     1.76   01.77
000237     1.75   01.77
000238     1.75   01.76
000239     1.75   01.76
000240     1.75   01.76
000241     1.75   01.76
000242     1.75   01.76
000243     1.75   01.76
000244     1.74   01.75
000245     1.74   01.75
000246     1.74   01.75
000247     1.74   01.75
000248     1.74   01.75
000249     1.73   01.75
000250     1.73   01.74
000251     1.73   01.74
000252     1.73   01.74
000253     1.73   01.74
000254     1.73   01.74
000255     1.73   01.74
000256     1.73   01.74
000257     1.72   01.73
000258     1.72   01.73
000259     1.72   01.73
000260     1.72   01.73
000261     1.72   01.73
000262     1.71   01.72
000263     1.71   01.72
000264     1.71   01.72
000265     1.71   01.72
000266     1.70   01.72
000267     1.70   01.71
000268     1.70   01.71
000269     1.70   01.71
000270     1.70   01.71
000271     1.70   01.71
000272     1.70   01.71
000273     1.70   01.71
000274     1.70   01.71
000275     1.70   01.70
000276     1.69   01.70
000277     1.69   01.70
000278     1.69   01.70
000279     1.69   01.70
000280     1.69   01.70
000281     1.68   01.70
000282     1.68   01.69
000283     1.68   01.69
000284     1.68   01.69
000285     1.68   01.69
000286     1.68   01.69
000287     1.67   01.68
000288     1.67   01.68
000289     1.67   01.68
000290     1.67   01.68
000291     1.66   01.68
000292     1.66   01.68
000293     1.66   01.67
000294     1.66   01.67
000295     1.66   01.67
000296     1.66   01.67
000297     1.66   01.67
000298     1.66   01.67
000299     1.66   01.66
000300     1.66   01.66
000301     1.65   01.66
000302     1.65   01.66
000303     1.65   01.66
000304     1.64   01.66
000305     1.64   01.65
000306     1.64   01.65
000307     1.64   01.65
000308     1.64   01.65
000309     1.63   01.65
000310     1.63   01.65
000311     1.63   01.65
000312     1.63   01.64
000313     1.63   01.64
000314     1.63   01.64
000315     1.63   01.64
000316     1.63   01.64
000317     1.62   01.63
000318     1.62   01.63
000319     1.62   01.63
000320     1.62   01.63
000321     1.62   01.63
000322     1.61   01.62
000323     1.61   01.62
000324     1.61   01.62
000325     1.61   01.62
000326     1.61   01.62
000327     1.61   01.62
000328     1.61   01.62
000329     1.61   01.61
000330     1.60   01.61
000331     1.60   01.61
000332     1.60   01.61
000333     1.60   01.61
000334     1.60   01.61
000335     1.60   01.61
000336     1.60   01.61
000337     1.60   01.60
000338     1.59   01.60
000339     1.59   01.60
000340     1.59   01.60
000341     1.59   01.60
000342     1.59   01.60
000343     1.59   01.59
000344     1.58   01.59
000345     1.58   01.59
000346     1.58   01.59
000347     1.58   01.59
000348     1.58   01.59
000349     1.58   01.59
000350     1.58   01.59
000351     1.58   01.59
000352     1.58   01.59
000353     1.58   01.58
000354     1.58   01.58
000355     1.57   01.58
000356     1.57   01.58
000357     1.57   01.58
000358     1.57   01.58
000359     1.57   01.58
000360     1.56   01.57
000361     1.56   01.57
000362     1.56   01.57
000363     1.56   01.57
000364     1.56   01.57
000365     1.56   01.57
000366     1.56   01.57
000367     1.56   01.57
000368     1.55   01.57
000369     1.55   01.56
000370     1.55   01.56
000371     1.55   01.56
000372     1.55   01.56
000373     1.55   01.56
000374     1.55   01.56
000375     1.54   01.56
000376     1.54   01.55
000377     1.54   01.55
000378     1.54   01.55
000379     1.54   01.55
000380     1.54   01.55
000381     1.54   01.55
000382     1.54   01.55
000383     1.54   01.54
000384     1.53   01.54
000385     1.53   01.54
000386     1.53   01.54
000387     1.53   01.54
000388     1.53   01.54
000389     1.53   01.54
000390     1.53   01.54
000391     1.52   01.53
000392     1.52   01.53
000393     1.52   01.53
000394     1.52   01.53
000395     1.52   01.53
000396     1.52   01.53
000397     1.52   01.53
000398     1.51   01.52
000399     1.51   01.52
000400     1.51   01.52
000401     1.51   01.52
000402     1.51   01.52
000403     1.50   01.52
000404     1.50   01.52
000405     1.50   01.52
000406     1.50   01.51
000407     1.50   01.51
000408     1.50   01.51
000409     1.50   01.51
000410     1.50   01.51
000411     1.49   01.51
000412     1.49   01.50
000413     1.49   01.50
000414     1.49   01.50
000415     1.49   01.50
000416     1.49   01.50
000417     1.49   01.50
000418     1.49   01.50
000419     1.48   01.49
000420     1.48   01.49
000421     1.48   01.49
000422     1.48   01.49
000423     1.48   01.49
000424     1.48   01.49
000425     1.48   01.48
000426     1.47   01.48
000427     1.47   01.48
000428     1.47   01.48
000429     1.47   01.48
000430     1.47   01.48
000431     1.47   01.48
000432     1.47   01.48
000433     1.46   01.47
000434     1.46   01.47
000435     1.46   01.47
000436     1.46   01.47
000437     1.46   01.47
000438     1.46   01.47
000439     1.46   01.47
000440     1.45   01.46
000441     1.45   01.46
000442     1.45   01.46
000443     1.45   01.46
000444     1.45   01.46
000445     1.45   01.45
000446     1.44   01.45
000447     1.44   01.45
000448     1.43   01.45
000449     1.43   01.45
000450     1.43   01.45
000451     1.43   01.44
000452     1.43   01.44
000453     1.43   01.44
000454     1.43   01.44
000455     1.42   01.44
000456     1.42   01.43
000457     1.42   01.43
000458     1.42   01.43
000459     1.42   01.43
000460     1.42   01.43
000461     1.41   01.42
000462     1.41   01.42
000463     1.41   01.42
000464     1.41   01.42
000465     1.41   01.42
000466     1.41   01.42
000467     1.41   01.42
000468     1.40   01.41
000469     1.40   01.41
000470     1.40   01.41
000471     1.40   01.41
000472     1.40   01.41
000473     1.40   01.41
000474     1.40   01.41
000475     1.39   01.40
000476     1.39   01.40
000477     1.39   01.40
000478     1.39   01.40
000479     1.39   01.40
000480     1.39   01.40
000481     1.39   01.40
000482     1.39   01.40
000483     1.38   01.39
000484     1.38   01.39
000485     1.38   01.39
000486     1.38   01.39
000487     1.38   01.39
000488     1.38   01.38
000489     1.38   01.38
000490     1.37   01.38
000491     1.37   01.38
000492     1.37   01.38
000493     1.37   01.38
000494     1.37   01.38
000495     1.37   01.38
000496     1.37   01.38
000497     1.37   01.37
000498     1.37   01.37
000499     1.36   01.37
000500     1.36   01.37
000501     1.36   01.37
000502     1.36   01.37
000503     1.36   01.37
000504     1.36   01.36
000505     1.36   01.36
000506     1.35   01.36
000507     1.35   01.36
000508     1.35   01.36
000509     1.35   01.36
000510     1.35   01.36
000511     1.35   01.36
000512     1.35   01.35
000513     1.34   01.35
000514     1.34   01.35
000515     1.34   01.35
000516     1.34   01.35
000517     1.34   01.35
000518     1.34   01.35
000519     1.34   01.35
000520     1.33   01.34
000521     1.33   01.34
000522     1.33   01.34
000523     1.33   01.34
000524     1.33   01.34
000525     1.33   01.34
000526     1.32   01.34
000527     1.32   01.33
000528     1.32   01.33
000529     1.32   01.33
000530     1.32   01.33
000531     1.32   01.33
000532     1.32   01.33
000533     1.32   01.33
000534     1.32   01.32
000535     1.32   01.32
000536     1.31   01.32
000537     1.31   01.32
000538     1.31   01.32
000539     1.31   01.32
000540     1.31   01.32
000541     1.31   01.32
000542     1.31   01.31
000543     1.30   01.31
000544     1.30   01.31
000545     1.30   01.31
000546     1.30   01.31
000547     1.30   01.31
000548     1.30   01.31
000549     1.30   01.31
000550     1.30   01.31
000551     1.30   01.30
000552     1.29   01.30
000553     1.29   01.30
000554     1.29   01.30
000555     1.28   01.30
000556     1.28   01.30
000557     1.28   01.30
000558     1.28   01.29
000559     1.28   01.29
000560     1.28   01.29
000561     1.28   01.29
000562     1.28   01.29
000563     1.28   01.29
000564     1.28   01.29
000565     1.28   01.29
000566     1.27   01.28
000567     1.27   01.28
000568     1.27   01.28
000569     1.27   01.28
000570     1.27   01.28
000571     1.27   01.28
000572     1.27   01.28
000573     1.27   01.27
000574     1.26   01.27
000575     1.26   01.27
000576     1.26   01.27
000577     1.26   01.27
000578     1.26   01.27
000579     1.26   01.27
000580     1.26   01.27
000581     1.26   01.26
000582     1.25   01.26
000583     1.25   01.26
000584     1.25   01.26
000585     1.25   01.26
000586     1.25   01.26
000587     1.25   01.26
000588     1.25   01.26
000589     1.25   01.25
000590     1.25   01.25
000591     1.25   01.25
000592     1.24   01.25
000593     1.24   01.25
000594     1.24   01.25
000595     1.24   01.25
000596     1.24   01.25
000597     1.24   01.24
000598     1.24   01.24
000599     1.23   01.24
000600     1.23   01.24
000601     1.23   01.24
000602     1.23   01.24
000603     1.23   01.24
000604     1.23   01.24
000605     1.23   01.24
000606     1.23   01.24
000607     1.22   01.24
000608     1.22   01.23
000609     1.22   01.23
000610     1.22   01.23
000611     1.22   01.23
000612     1.22   01.23
000613     1.22   01.23
000614     1.22   01.23
000615     1.21   01.22
000616     1.21   01.22
000617     1.21   01.22
000618     1.21   01.22
000619     1.21   01.22
000620     1.21   01.22
000621     1.20   01.21
000622     1.20   01.21
000623     1.20   01.21
000624     1.20   01.21
000625     1.20   01.21
000626     1.20   01.21
000627     1.20   01.20
000628     1.20   01.20
000629     1.20   01.20
000630     1.19   01.20
000631     1.19   01.20
000632     1.19   01.20
000633     1.19   01.20
000634     1.19   01.20
000635     1.19   01.19
000636     1.19   01.19
000637     1.18   01.19
000638     1.18   01.19
000639     1.18   01.19
000640     1.18   01.19
000641     1.18   01.19
000642     1.18   01.19
000643     1.18   01.19
000644     1.18   01.18
000645     1.17   01.18
000646     1.17   01.18
000647     1.17   01.18
000648     1.17   01.18
000649     1.17   01.18
000650     1.17   01.18
000651     1.17   01.18
000652     1.16   01.17
000653     1.16   01.17
000654     1.16   01.17
000655     1.16   01.17
000656     1.16   01.17
000657     1.16   01.17
000658     1.16   01.17
000659     1.16   01.16
000660     1.16   01.16
000661     1.16   01.16
000662     1.16   01.16
000663     1.15   01.16
000664     1.15   01.16
000665     1.15   01.16
000666     1.15   01.16
000667     1.15   01.16
000668     1.15   01.16
000669     1.15   01.16
000670     1.15   01.16
000671     1.14   01.15
000672     1.14   01.15
000673     1.14   01.15
000674     1.14   01.15
000675     1.14   01.15
000676     1.14   01.15
000677     1.14   01.15
000678     1.14   01.15
000679     1.14   01.14
000680     1.14   01.14
000681     1.14   01.14
000682     1.13   01.14
000683     1.13   01.14
000684     1.13   01.14
000685     1.13   01.14
000686     1.13   01.14
000687     1.13   01.14
000688     1.13   01.14
000689     1.13   01.14
000690     1.13   01.13
000691     1.13   01.13
000692     1.12   01.13
000693     1.12   01.13
000694     1.12   01.13
000695     1.12   01.13
000696     1.12   01.13
000697     1.12   01.13
000698     1.11   01.12
000699     1.11   01.12
000700     1.11   01.12
000701     1.11   01.12
000702     1.11   01.12
000703     1.11   01.12
000704     1.11   01.12
000705     1.11   01.12
000706     1.11   01.12
000707     1.11   01.12
000708     1.11   01.12
000709     1.11   01.11
000710     1.10   01.11
000711     1.10   01.11
000712     1.10   01.11
000713     1.10   01.11
000714     1.10   01.11
000715     1.10   01.10
000716     1.10   01.10
000717     1.10   01.10
000718     1.10   01.10
000719     1.09   01.10
000720     1.09   01.10
000721     1.09   01.10
000722     1.09   01.10
000723     1.09   01.10
000724     1.09   01.10
000725     1.09   01.09
000726     1.09   01.09
000727     1.08   01.09
000728     1.08   01.09
000729     1.08   01.09
000730     1.08   01.09
000731     1.08   01.09
000732     1.08   01.09
000733     1.08   01.09
000734     1.08   01.08
000735     1.07   01.08
000736     1.07   01.08
000737     1.07   01.08
000738     1.07   01.08
000739     1.07   01.08
000740     1.07   01.08
000741     1.07   01.08
000742     1.07   01.07
000743     1.07   01.07
000744     1.06   01.07
000745     1.06   01.07
000746     1.06   01.07
000747     1.06   01.07
000748     1.06   01.07
000749     1.06   01.07
000750     1.06   01.06
000751     1.06   01.06
000752     1.05   01.06
000753     1.05   01.06
000754     1.05   01.06
000755     1.05   01.06
000756     1.05   01.06
000757     1.05   01.06
000758     1.04   01.06
000759     1.04   01.06
000760     1.04   01.05
000761     1.04   01.05
000762     1.04   01.05
000763     1.04   01.05
000764     1.04   01.05
000765     1.04   01.05
000766     1.04   01.04
000767     1.04   01.04
000768     1.03   01.04
000769     1.03   01.04
000770     1.03   01.04
000771     1.03   01.04
000772     1.03   01.04
000773     1.03   01.04
000774     1.03   01.03
000775     1.03   01.03
000776     1.02   01.03
000777     1.02   01.03
000778     1.02   01.03
000779     1.02   01.03
000780     1.02   01.03
000781     1.02   01.03
000782     1.02   01.03
000783     1.02   01.03
000784     1.02   01.02
000785     1.01   01.02
000786     1.01   01.02
000787     1.01   01.02
000788     1.01   01.02
000789     1.01   01.02
000790     1.01   01.02
000791     1.01   01.02
000792     1.01   01.01
000793     1.01   01.01
000794     1.00   01.01
000795     1.00   01.01
000796     1.00   01.01
000797     1.00   01.01
000798     1.00   01.01
000799     1.00   01.01
000800     1.00   01.01
000801     1.00   01.01
000802     1.00   01.00
000803     1.00   01.00
000804     1.00   01.00
000805     0.99   01.00
000806     0.99   01.00
000807     0.99   01.00
000808     0.99   01.00
000809     0.99   01.00
000810     0.99   01.00
000811     0.99   01.00
000812     0.99   01.00
000813     0.99   01.00
000814     0.99   00.99
000815     0.99   00.99
000816     0.99   00.99
000817     0.98   00.99
000818     0.98   00.99
000819     0.98   00.99
000820     0.98   00.99
000821     0.98   00.99
000822     0.98   00.99
000823     0.98   00.99
000824     0.98   00.98
000825     0.98   00.98
000826     0.98   00.98
000827     0.97   00.98
000828     0.97   00.98
000829     0.97   00.98
000830     0.97   00.98
000831     0.97   00.98
000832     0.97   00.98
000833     0.97   00.98
000834     0.97   00.97
000835     0.97   00.97
000836     0.96   00.97
000837     0.96   00.97
000838     0.96   00.97
000839     0.96   00.97
000840     0.96   00.97
000841     0.96   00.97
000842     0.96   00.97
000843     0.96   00.96
000844     0.95   00.96
000845     0.95   00.96
000846     0.95   00.96
000847     0.95   00.96
000848     0.95   00.96
000849     0.95   00.96
000850     0.95   00.96
000851     0.95   00.96
000852     0.95   00.95
000853     0.95   00.95
000854     0.94   00.95
000855     0.94   00.95
000856     0.94   00.95
000857     0.94   00.95
000858     0.94   00.95
000859     0.94   00.95
000860     0.94   00.94
000861     0.94   00.94
000862     0.93   00.94
000863     0.93   00.94
000864     0.93   00.94
000865     0.93   00.94
000866     0.93   00.94
000867     0.93   00.94
000868     0.93   00.94
000869     0.93   00.93
000870     0.93   00.93
000871     0.93   00.93
000872     0.93   00.93
000873     0.92   00.93
000874     0.92   00.93
000875     0.92   00.93
000876     0.92   00.93
000877     0.92   00.93
000878     0.92   00.93
000879     0.92   00.93
000880     0.92   00.93
000881     0.92   00.92
000882     0.92   00.92
000883     0.91   00.92
000884     0.91   00.92
000885     0.91   00.92
000886     0.91   00.92
000887     0.91   00.92
000888     0.91   00.92
000889     0.91   00.92
000890     0.91   00.92
000891     0.91   00.92
000892     0.91   00.91
000893     0.91   00.91
000894     0.90   00.91
000895     0.90   00.91
000896     0.90   00.91
000897     0.90   00.91
000898     0.90   00.91
000899     0.90   00.91
000900     0.90   00.91
000901     0.90   00.91
000902     0.90   00.91
000903     0.90   00.91
000904     0.90   00.90
000905     0.89   00.90
000906     0.89   00.90
000907     0.89   00.90
000908     0.89   00.90
000909     0.89   00.90
000910     0.89   00.90
000911     0.89   00.90
000912     0.89   00.90
000913     0.89   00.90
000914     0.89   00.89
000915     0.89   00.89
000916     0.89   00.89
000917     0.88   00.89
000918     0.88   00.89
000919     0.88   00.89
000920     0.88   00.89
000921     0.88   00.89
000922     0.88   00.89
000923     0.88   00.89
000924     0.88   00.89
000925     0.88   00.89
000926     0.88   00.89
000927     0.87   00.89
000928     0.87   00.88
000929     0.87   00.88
000930     0.87   00.88
000931     0.87   00.88
000932     0.87   00.88
000933     0.87   00.88
000934     0.87   00.88
000935     0.87   00.88
000936     0.87   00.88
000937     0.87   00.88
000938     0.87   00.88
000939     0.87   00.88
000940     0.87   00.87
000941     0.87   00.87
000942     0.87   00.87
000943     0.87   00.87
000944     0.87   00.87
000945     0.87   00.87
000946     0.86   00.87
000947     0.86   00.87
000948     0.86   00.87
000949     0.86   00.87
000950     0.86   00.87
000951     0.86   00.87
000952     0.86   00.87
000953     0.86   00.87
000954     0.86   00.87
000955     0.86   00.86
000956     0.86   00.86
000957     0.86   00.86
000958     0.86   00.86
000959     0.86   00.86
000960     0.86   00.86
000961     0.85   00.86
000962     0.85   00.86
000963     0.85   00.86
000964     0.85   00.86
000965     0.85   00.86
000966     0.85   00.86
000967     0.85   00.85
000968     0.85   00.85
000969     0.85   00.85
000970     0.84   00.85
000971     0.84   00.85
000972     0.84   00.85
000973     0.84   00.85
000974     0.84   00.85
000975     0.84   00.85
000976     0.84   00.85
000977     0.84   00.85
000978     0.84   00.85
000979     0.84   00.85
000980     0.84   00.85
000981     0.84   00.85
000982     0.83   00.84
000983     0.83   00.84
000984     0.83   00.84
000985     0.83   00.84
000986     0.83   00.84
000987     0.83   00.84
000988     0.83   00.84
000989     0.83   00.84
000990     0.83   00.83
000991     0.82   00.83
000992     0.82   00.83
000993     0.82   00.83
000994     0.82   00.83
000995     0.82   00.83
000996     0.82   00.83
000997     0.82   00.83
000998     0.82   00.83
000999     0.82   00.83
001000     0.82   00.83
001001     0.82   00.83
001002     0.82   00.82
001003     0.82   00.82
001004     0.82   00.82
001005     0.82   00.82
001006     0.81   00.82
001007     0.81   00.82
001008     0.81   00.82
001009     0.81   00.82
001010     0.81   00.82
001011     0.81   00.82
001012     0.81   00.82
001013     0.81   00.82
001014     0.81   00.81
001015     0.81   00.81
001016     0.81   00.81
001017     0.81   00.81
001018     0.80   00.81
001019     0.80   00.81
001020     0.80   00.81
001021     0.80   00.81
001022     0.80   00.81
001023     0.80   00.81
001024     0.80   00.81
001025     0.80   00.81
001026     0.80   00.80
001027     0.80   00.80
001028     0.80   00.80
001029     0.80   00.80
001030     0.79   00.80
001031     0.79   00.80
001032     0.79   00.80
001033     0.79   00.80
001034     0.79   00.80
001035     0.79   00.80
001036     0.79   00.80
001037     0.79   00.80
001038     0.79   00.80
001039     0.79   00.80
001040     0.79   00.80
001041     0.79   00.79
001042     0.79   00.79
001043     0.78   00.79
001044     0.78   00.79
001045     0.78   00.79
001046     0.78   00.79
001047     0.78   00.79
001048     0.78   00.79
001049     0.78   00.79
001050     0.78   00.79
001051     0.78   00.79
001052     0.78   00.79
001053     0.78   00.79
001054     0.78   00.79
001055     0.78   00.78
001056     0.78   00.78
001057     0.78   00.78
001058     0.78   00.78
001059     0.77   00.78
001060     0.77   00.78
001061     0.77   00.78
001062     0.77   00.78
001063     0.77   00.78
001064     0.77   00.78
001065     0.77   00.78
001066     0.77   00.78
001067     0.77   00.78
001068     0.77   00.78
001069     0.77   00.78
001070     0.77   00.78
001071     0.76   00.77
001072     0.76   00.77
001073     0.76   00.77
001074     0.76   00.77
001075     0.76   00.77
001076     0.76   00.77
001077     0.76   00.77
001078     0.76   00.77
001079     0.76   00.77
001080     0.76   00.77
001081     0.76   00.76
001082     0.75   00.76
001083     0.75   00.76
001084     0.75   00.76
001085     0.75   00.76
001086     0.75   00.76
001087     0.75   00.76
001088     0.75   00.76
001089     0.75   00.76
001090     0.75   00.76
001091     0.75   00.76
001092     0.75   00.76
001093     0.75   00.75
001094     0.75   00.75
001095     0.75   00.75
001096     0.74   00.75
001097     0.74   00.75
001098     0.74   00.75
001099     0.74   00.75
001100     0.74   00.75
001101     0.74   00.75
001102     0.74   00.75
001103     0.74   00.75
001104     0.74   00.75
001105     0.74   00.75
001106     0.74   00.75
001107     0.73   00.74
001108     0.73   00.74
001109     0.73   00.74
001110     0.73   00.74
001111     0.73   00.74
001112     0.73   00.74
001113     0.73   00.74
001114     0.73   00.74
001115     0.73   00.74
001116     0.73   00.74
001117     0.73   00.73
001118     0.73   00.73
001119     0.73   00.73
001120     0.73   00.73
001121     0.72   00.73
001122     0.72   00.73
001123     0.72   00.73
001124     0.72   00.73
001125     0.72   00.73
001126     0.72   00.73
001127     0.72   00.73
001128     0.72   00.73
001129     0.72   00.73
001130     0.72   00.73
001131     0.72   00.73
001132     0.72   00.73
001133     0.72   00.73
001134     0.72   00.73
001135     0.72   00.73
001136     0.72   00.72
001137     0.71   00.72
001138     0.71   00.72
001139     0.71   00.72
001140     0.71   00.72
001141     0.71   00.72
001142     0.71   00.72
001143     0.71   00.72
001144     0.71   00.72
001145     0.71   00.72
001146     0.71   00.71
001147     0.71   00.71
001148     0.71   00.71
001149     0.71   00.71
001150     0.71   00.71
001151     0.71   00.71
001152     0.70   00.71
001153     0.70   00.71
001154     0.70   00.71
001155     0.70   00.71
001156     0.70   00.71
001157     0.70   00.71
001158     0.70   00.71
001159     0.70   00.71
001160     0.70   00.71
001161     0.70   00.70
001162     0.70   00.70
001163     0.70   00.70
001164     0.70   00.70
001165     0.70   00.70
001166     0.69   00.70
001167     0.69   00.70
001168     0.69   00.70
001169     0.69   00.70
001170     0.69   00.70
001171     0.69   00.70
001172     0.69   00.70
001173     0.69   00.69
001174     0.69   00.69
001175     0.68   00.69
001176     0.68   00.69
001177     0.68   00.69
001178     0.68   00.69
001179     0.68   00.69
001180     0.68   00.69
001181     0.68   00.69
001182     0.68   00.69
001183     0.68   00.69
001184     0.68   00.69
001185     0.68   00.69
001186     0.68   00.69
001187     0.68   00.69
001188     0.68   00.68
001189     0.68   00.68
001190     0.68   00.68
001191     0.67   00.68
001192     0.67   00.68
001193     0.67   00.68
001194     0.67   00.68
001195     0.67   00.68
001196     0.67   00.68
001197     0.67   00.68
001198     0.67   00.68
001199     0.67   00.68
001200     0.67   00.68
001201     0.67   00.68
001202     0.67   00.68
001203     0.67   00.68
001204     0.67   00.68
001205     0.67   00.68
001206     0.67   00.68
001207     0.67   00.68
001208     0.66   00.67
001209     0.66   00.67
001210     0.66   00.67
001211     0.66   00.67
001212     0.66   00.67
001213     0.66   00.67
001214     0.66   00.67
001215     0.66   00.67
001216     0.66   00.67
001217     0.66   00.67
001218     0.66   00.67
001219     0.66   00.67
001220     0.66   00.67
001221     0.66   00.67
001222     0.66   00.67
001223     0.66   00.66
001224     0.66   00.66
001225     0.66   00.66
001226     0.65   00.66
001227     0.65   00.66
001228     0.65   00.66
001229     0.65   00.66
001230     0.65   00.66
001231     0.65   00.66
001232     0.65   00.66
001233     0.65   00.66
001234     0.65   00.66
001235     0.65   00.65
001236     0.65   00.65
001237     0.65   00.65
001238     0.65   00.65
001239     0.65   00.65
001240     0.65   00.65
001241     0.64   00.65
001242     0.64   00.65
001243     0.64   00.65
001244     0.64   00.65
001245     0.64   00.65
001246     0.64   00.65
001247     0.64   00.65
001248     0.64   00.65
001249     0.64   00.65
001250     0.64   00.65
001251     0.64   00.65
001252     0.64   00.64
001253     0.64   00.64
001254     0.64   00.64
001255     0.64   00.64
001256     0.64   00.64
001257     0.63   00.64
001258     0.63   00.64
001259     0.63   00.64
001260     0.63   00.64
001261     0.63   00.64
001262     0.63   00.64
001263     0.63   00.64
001264     0.63   00.64
001265     0.63   00.64
001266     0.63   00.63
001267     0.63   00.63
001268     0.63   00.63
001269     0.63   00.63
001270     0.63   00.63
001271     0.63   00.63
001272     0.63   00.63
001273     0.63   00.63
001274     0.62   00.63
001275     0.62   00.63
001276     0.62   00.63
001277     0.62   00.63
001278     0.62   00.63
001279     0.62   00.63
001280     0.62   00.63
001281     0.62   00.63
001282     0.62   00.63
001283     0.62   00.63
001284     0.62   00.63
001285     0.62   00.63
001286     0.62   00.62
001287     0.62   00.62
001288     0.62   00.62
001289     0.62   00.62
001290     0.61   00.62
001291     0.61   00.62
001292     0.61   00.62
001293     0.61   00.62
001294     0.61   00.62
001295     0.61   00.62
001296     0.61   00.62
001297     0.61   00.62
001298     0.61   00.62
001299     0.61   00.62
001300     0.61   00.62
001301     0.61   00.61
001302     0.61   00.61
001303     0.61   00.61
001304     0.61   00.61
001305     0.60   00.61
001306     0.60   00.61
001307     0.60   00.61
001308     0.60   00.61
001309     0.60   00.61
001310     0.60   00.61
001311     0.60   00.61
001312     0.60   00.61
001313     0.60   00.61
001314     0.60   00.61
001315     0.60   00.61
001316     0.60   00.61
001317     0.60   00.61
001318     0.60   00.61
001319     0.60   00.61
001320     0.60   00.61
001321     0.60   00.60
001322     0.60   00.60
001323     0.59   00.60
001324     0.59   00.60
001325     0.59   00.60
001326     0.59   00.60
001327     0.59   00.60
001328     0.59   00.60
001329     0.59   00.60
001330     0.59   00.60
001331     0.59   00.60
001332     0.59   00.60
001333     0.59   00.60
001334     0.59   00.60
001335     0.59   00.59
001336     0.59   00.59
001337     0.59   00.59
001338     0.59   00.59
001339     0.59   00.59
001340     0.59   00.59
001341     0.58   00.59
001342     0.58   00.59
001343     0.58   00.59
001344     0.58   00.59
001345     0.58   00.59
001346     0.58   00.59
001347     0.58   00.59
001348     0.58   00.59
001349     0.58   00.58
001350     0.58   00.58
001351     0.58   00.58
001352     0.58   00.58
001353     0.57   00.58
001354     0.57   00.58
001355     0.57   00.58
001356     0.57   00.58
001357     0.57   00.58
001358     0.57   00.58
001359     0.57   00.58
001360     0.57   00.58
001361     0.57   00.58
001362     0.57   00.58
001363     0.57   00.58
001364     0.57   00.57
001365     0.57   00.57
001366     0.56   00.57
001367     0.56   00.57
001368     0.56   00.57
001369     0.56   00.57
001370     0.56   00.57
001371     0.56   00.57
001372     0.56   00.57
001373     0.56   00.57
001374     0.56   00.57
001375     0.56   00.57
001376     0.56   00.57
001377     0.56   00.57
001378     0.56   00.57
001379     0.56   00.57
001380     0.56   00.56
001381     0.56   00.56
001382     0.56   00.56
001383     0.56   00.56
001384     0.56   00.56
001385     0.56   00.56
001386     0.55   00.56
001387     0.55   00.56
001388     0.55   00.56
001389     0.55   00.56
001390     0.55   00.56
001391     0.55   00.56
001392     0.55   00.56
001393     0.55   00.56
001394     0.55   00.56
001395     0.55   00.56
001396     0.55   00.56
001397     0.55   00.56
001398     0.55   00.55
001399     0.55   00.55
001400     0.55   00.55
001401     0.54   00.55
001402     0.54   00.55
001403     0.54   00.55
001404     0.54   00.55
001405     0.54   00.55
001406     0.54   00.55
001407     0.54   00.55
001408     0.54   00.55
001409     0.54   00.55
001410     0.54   00.55
001411     0.54   00.55
001412     0.54   00.55
001413     0.54   00.55
001414     0.54   00.54
001415     0.54   00.54
001416     0.54   00.54
001417     0.54   00.54
001418     0.54   00.54
001419     0.54   00.54
001420     0.54   00.54
001421     0.54   00.54
001422     0.54   00.54
001423     0.53   00.54
001424     0.53   00.54
001425     0.53   00.54
001426     0.53   00.54
001427     0.53   00.54
001428     0.53   00.54
001429     0.53   00.54
001430     0.53   00.54
001431     0.52   00.54
001432     0.52   00.53
001433     0.52   00.53
001434     0.52   00.53
001435     0.52   00.53
001436     0.52   00.53
001437     0.52   00.53
001438     0.52   00.53
001439     0.52   00.53
001440     0.52   00.53
001441     0.52   00.53
001442     0.52   00.53
001443     0.52   00.53
001444     0.52   00.53
001445     0.52   00.53
001446     0.52   00.53
001447     0.52   00.53
001448     0.52   00.53
001449     0.52   00.53
001450     0.52   00.53
001451     0.52   00.53
001452     0.52   00.52
001453     0.52   00.52
001454     0.52   00.52
001455     0.52   00.52
001456     0.52   00.52
001457     0.52   00.52
001458     0.52   00.52
001459     0.51   00.52
001460     0.51   00.52
001461     0.51   00.52
001462     0.51   00.52
001463     0.51   00.52
001464     0.51   00.52
001465     0.51   00.52
001466     0.51   00.52
001467     0.51   00.52
001468     0.51   00.52
001469     0.51   00.52
001470     0.51   00.52
001471     0.51   00.51
001472     0.51   00.51
001473     0.51   00.51
001474     0.51   00.51
001475     0.51   00.51
001476     0.51   00.51
001477     0.50   00.51
001478     0.50   00.51
001479     0.50   00.51
001480     0.50   00.51
001481     0.50   00.51
001482     0.50   00.51
001483     0.50   00.51
001484     0.50   00.51
001485     0.50   00.51
001486     0.50   00.51
001487     0.50   00.51
001488     0.50   00.51
001489     0.50   00.51
001490     0.50   00.51
001491     0.50   00.51
001492     0.50   00.50
001493     0.50   00.50
001494     0.49   00.50
001495     0.49   00.50
001496     0.49   00.50
001497     0.49   00.50
001498     0.49   00.50
001499     0.49   00.50
001500     0.49   00.50
001501     0.49   00.50
001502     0.49   00.50
001503     0.49   00.50
001504     0.49   00.50
001505     0.49   00.50
001506     0.49   00.50
001507     0.49   00.50
001508     0.49   00.50
001509     0.49   00.50
001510     0.49   00.49
001511     0.49   00.49
001512     0.49   00.49
001513     0.49   00.49
001514     0.48   00.49
001515     0.48   00.49
001516     0.48   00.49
001517     0.48   00.49
001518     0.48   00.49
001519     0.48   00.49
001520     0.48   00.49
001521     0.48   00.49
001522     0.48   00.49
001523     0.48   00.49
001524     0.48   00.49
001525     0.48   00.49
001526     0.48   00.49
001527     0.48   00.49
001528     0.48   00.49
001529     0.48   00.49
001530     0.48   00.49
001531     0.48   00.49
001532     0.48   00.48
001533     0.48   00.48
001534     0.48   00.48
001535     0.48   00.48
001536     0.48   00.48
001537     0.48   00.48
001538     0.47   00.48
001539     0.47   00.48
001540     0.47   00.48
001541     0.47   00.48
001542     0.47   00.48
001543     0.47   00.48
001544     0.47   00.48
001545     0.47   00.48
001546     0.47   00.48
001547     0.47   00.48
001548     0.47   00.48
001549     0.47   00.48
001550     0.47   00.48
001551     0.47   00.48
001552     0.47   00.48
001553     0.47   00.48
001554     0.47   00.48
001555     0.47   00.48
001556     0.47   00.48
001557     0.47   00.48
001558     0.47   00.48
001559     0.47   00.47
001560     0.47   00.47
001561     0.47   00.47
001562     0.47   00.47
001563     0.47   00.47
001564     0.47   00.47
001565     0.46   00.47
001566     0.46   00.47
001567     0.46   00.47
001568     0.46   00.47
001569     0.46   00.47
001570     0.46   00.47
001571     0.46   00.47
001572     0.46   00.47
001573     0.46   00.47
001574     0.46   00.47
001575     0.46   00.47
001576     0.46   00.46
001577     0.46   00.46
001578     0.46   00.46
001579     0.46   00.46
001580     0.45   00.46
001581     0.45   00.46
001582     0.45   00.46
001583     0.45   00.46
001584     0.45   00.46
001585     0.45   00.46
001586     0.45   00.46
001587     0.45   00.46
001588     0.45   00.46
001589     0.45   00.46
001590     0.45   00.46
001591     0.45   00.46
001592     0.45   00.46
001593     0.45   00.46
001594     0.45   00.46
001595     0.45   00.46
001596     0.45   00.45
001597     0.45   00.45
001598     0.45   00.45
001599     0.45   00.45
001600     0.45   00.45
001601     0.44   00.45
001602     0.44   00.45
001603     0.44   00.45
001604     0.44   00.45
001605     0.44   00.45
001606     0.44   00.45
001607     0.44   00.45
001608     0.44   00.45
001609     0.44   00.45
001610     0.44   00.45
001611     0.44   00.45
001612     0.44   00.45
001613     0.44   00.45
001614     0.44   00.44
001615     0.44   00.44
001616     0.44   00.44
001617     0.44   00.44
001618     0.44   00.44
001619     0.43   00.44
001620     0.43   00.44
001621     0.43   00.44
001622     0.43   00.44
001623     0.43   00.44
001624     0.43   00.44
001625     0.43   00.44
001626     0.43   00.44
001627     0.43   00.44
001628     0.43   00.44
001629     0.43   00.44
001630     0.43   00.44
001631     0.43   00.44
001632     0.43   00.44
001633     0.43   00.43
001634     0.43   00.43
001635     0.43   00.43
001636     0.43   00.43
001637     0.43   00.43
001638     0.43   00.43
001639     0.42   00.43
001640     0.42   00.43
001641     0.42   00.43
001642     0.42   00.43
001643     0.42   00.43
001644     0.42   00.43
001645     0.42   00.43
001646     0.42   00.43
001647     0.42   00.43
001648     0.42   00.43
001649     0.42   00.43
001650     0.42   00.43
001651     0.42   00.43
001652     0.42   00.43
001653     0.42   00.43
001654     0.42   00.43
001655     0.42   00.43
001656     0.42   00.43
001657     0.42   00.42
001658     0.42   00.42
001659     0.42   00.42
001660     0.42   00.42
001661     0.42   00.42
001662     0.42   00.42
001663     0.42   00.42
001664     0.42   00.42
001665     0.42   00.42
001666     0.42   00.42
001667     0.41   00.42
001668     0.41   00.42
001669     0.41   00.42
001670     0.41   00.42
001671     0.41   00.42
001672     0.41   00.42
001673     0.41   00.42
001674     0.41   00.42
001675     0.41   00.42
001676     0.41   00.42
001677     0.41   00.42
001678     0.41   00.42
001679     0.41   00.42
001680     0.41   00.42
001681     0.41   00.42
001682     0.41   00.42
001683     0.41   00.42
001684     0.41   00.42
001685     0.41   00.42
001686     0.41   00.42
001687     0.41   00.41
001688     0.41   00.41
001689     0.41   00.41
001690     0.41   00.41
001691     0.41   00.41
001692     0.41   00.41
001693     0.41   00.41
001694     0.41   00.41
001695     0.40   00.41
001696     0.40   00.41
001697     0.40   00.41
001698     0.40   00.41
001699     0.40   00.41
001700     0.40   00.41
001701     0.40   00.41
001702     0.40   00.41
001703     0.40   00.41
001704     0.40   00.41
001705     0.40   00.41
001706     0.40   00.41
001707     0.40   00.41
001708     0.40   00.41
001709     0.40   00.41
001710     0.40   00.41
001711     0.40   00.41
001712     0.40   00.40
001713     0.40   00.40
001714     0.40   00.40
001715     0.40   00.40
001716     0.40   00.40
001717     0.40   00.40
001718     0.40   00.40
001719     0.39   00.40
001720     0.39   00.40
001721     0.39   00.40
001722     0.39   00.40
001723     0.39   00.40
001724     0.39   00.40
001725     0.39   00.40
001726     0.39   00.40
001727     0.39   00.40
001728     0.39   00.40
001729     0.39   00.40
001730     0.39   00.40
001731     0.39   00.40
001732     0.39   00.40
001733     0.39   00.40
001734     0.39   00.40
001735     0.39   00.40
001736     0.39   00.40
001737     0.39   00.40
001738     0.39   00.40
001739     0.39   00.40
001740     0.39   00.40
001741     0.39   00.40
001742     0.39   00.40
001743     0.39   00.40
001744     0.39   00.40
001745     0.39   00.40
001746     0.39   00.39
001747     0.39   00.39
001748     0.39   00.39
001749     0.39   00.39
001750     0.39   00.39
001751     0.39   00.39
001752     0.39   00.39
001753     0.39   00.39
001754     0.39   00.39
001755     0.39   00.39
001756     0.39   00.39
001757     0.38   00.39
001758     0.38   00.39
001759     0.38   00.39
001760     0.38   00.39
001761     0.38   00.39
001762     0.38   00.39
001763     0.38   00.39
001764     0.38   00.39
001765     0.38   00.39
001766     0.38   00.39
001767     0.38   00.39
001768     0.38   00.39
001769     0.38   00.39
001770     0.38   00.39
001771     0.38   00.39
001772     0.38   00.39
001773     0.38   00.39
001774     0.38   00.39
001775     0.38   00.39
001776     0.38   00.38
001777     0.38   00.38
001778     0.38   00.38
001779     0.38   00.38
001780     0.38   00.38
001781     0.38   00.38
001782     0.38   00.38
001783     0.38   00.38
001784     0.38   00.38
001785     0.37   00.38
001786     0.37   00.38
001787     0.37   00.38
001788     0.37   00.38
001789     0.37   00.38
001790     0.37   00.38
001791     0.37   00.38
001792     0.37   00.38
001793     0.37   00.38
001794     0.37   00.38
001795     0.37   00.38
001796     0.37   00.38
001797     0.37   00.38
001798     0.37   00.38
001799     0.37   00.38
001800     0.37   00.38
001801     0.37   00.38
001802     0.37   00.38
001803     0.37   00.38
001804     0.37   00.38
001805     0.37   00.38
001806     0.37   00.38
001807     0.37   00.37
001808     0.37   00.37
001809     0.37   00.37
001810     0.37   00.37
001811     0.37   00.37
001812     0.37   00.37
001813     0.37   00.37
001814     0.36   00.37
001815     0.36   00.37
001816     0.36   00.37
001817     0.36   00.37
001818     0.36   00.37
001819     0.36   00.37
001820     0.36   00.37
001821     0.36   00.37
001822     0.36   00.37
001823     0.36   00.37
001824     0.36   00.37
001825     0.36   00.37
001826     0.36   00.37
001827     0.36   00.37
001828     0.36   00.37
001829     0.36   00.37
001830     0.36   00.37
001831     0.36   00.37
001832     0.36   00.37
001833     0.36   00.37
001834     0.36   00.37
001835     0.36   00.37
001836     0.36   00.37
001837     0.36   00.37
001838     0.36   00.36
001839     0.36   00.36
001840     0.36   00.36
001841     0.36   00.36
001842     0.36   00.36
001843     0.36   00.36
001844     0.36   00.36
001845     0.36   00.36
001846     0.36   00.36
001847     0.36   00.36
001848     0.36   00.36
001849     0.36   00.36
001850     0.36   00.36
001851     0.36   00.36
001852     0.35   00.36
001853     0.35   00.36
001854     0.35   00.36
001855     0.35   00.36
001856     0.35   00.36
001857     0.35   00.36
001858     0.35   00.36
001859     0.35   00.36
001860     0.35   00.36
001861     0.35   00.36
001862     0.35   00.36
001863     0.35   00.36
001864     0.35   00.36
001865     0.35   00.36
001866     0.35   00.36
001867     0.35   00.36
001868     0.35   00.36
001869     0.35   00.36
001870     0.35   00.36
001871     0.35   00.36
001872     0.35   00.36
001873     0.35   00.36
001874     0.35   00.36
001875     0.35   00.36
001876     0.35   00.36
001877     0.35   00.36
001878     0.35   00.36
001879     0.35   00.36
001880     0.35   00.36
001881     0.35   00.36
001882     0.35   00.35
001883     0.35   00.35
001884     0.35   00.35
001885     0.35   00.35
001886     0.35   00.35
001887     0.35   00.35
001888     0.35   00.35
001889     0.35   00.35
001890     0.35   00.35
001891     0.35   00.35
001892     0.35   00.35
001893     0.35   00.35
001894     0.34   00.35
001895     0.34   00.35
001896     0.34   00.35
001897     0.34   00.35
001898     0.34   00.35
001899     0.34   00.35
001900     0.34   00.35
001901     0.34   00.35
001902     0.34   00.35
001903     0.34   00.35
001904     0.34   00.35
001905     0.34   00.35
001906     0.34   00.35
001907     0.34   00.35
001908     0.34   00.35
001909     0.34   00.35
001910     0.34   00.35
001911     0.34   00.35
001912     0.34   00.35
001913     0.34   00.35
001914     0.34   00.35
001915     0.34   00.35
001916     0.34   00.35
001917     0.34   00.35
001918     0.34   00.34
001919     0.34   00.34
001920     0.34   00.34
001921     0.34   00.34
001922     0.34   00.34
001923     0.34   00.34
001924     0.34   00.34
001925     0.33   00.34
001926     0.33   00.34
001927     0.33   00.34
001928     0.33   00.34
001929     0.33   00.34
001930     0.33   00.34
001931     0.33   00.34
001932     0.33   00.34
001933     0.33   00.34
001934     0.33   00.34
001935     0.33   00.34
001936     0.33   00.34
001937     0.33   00.34
001938     0.33   00.34
001939     0.33   00.34
001940     0.33   00.34
001941     0.33   00.34
001942     0.33   00.34
001943     0.33   00.34
001944     0.33   00.34
001945     0.33   00.34
001946     0.33   00.34
001947     0.33   00.34
001948     0.33   00.34
001949     0.33   00.34
001950     0.33   00.34
001951     0.33   00.34
001952     0.33   00.34
001953     0.33   00.34
001954     0.33   00.34
001955     0.33   00.34
001956     0.33   00.34
001957     0.33   00.34
001958     0.33   00.34
001959     0.33   00.33
001960     0.33   00.33
001961     0.33   00.33
001962     0.33   00.33
001963     0.33   00.33
001964     0.33   00.33
001965     0.33   00.33
001966     0.33   00.33
001967     0.33   00.33
001968     0.33   00.33
001969     0.32   00.33
001970     0.32   00.33
001971     0.32   00.33
001972     0.32   00.33
001973     0.32   00.33
001974     0.32   00.33
001975     0.32   00.33
001976     0.32   00.33
001977     0.32   00.33
001978     0.32   00.33
001979     0.32   00.33
001980     0.32   00.33
001981     0.32   00.33
001982     0.32   00.33
001983     0.32   00.33
001984     0.32   00.33
001985     0.32   00.33
001986     0.32   00.33
001987     0.32   00.33
001988     0.32   00.33
001989     0.32   00.33
001990     0.32   00.33
001991     0.32   00.33
001992     0.32   00.33
001993     0.32   00.33
001994     0.32   00.33
001995     0.32   00.33
001996     0.32   00.33
001997     0.32   00.33
001998     0.32   00.33
001999     0.32   00.33
002000     0.32   00.32
002001     0.32   00.32
002002     0.32   00.32
002003     0.32   00.32
002004     0.32   00.32
002005     0.32   00.32
002006     0.31   00.32
002007     0.31   00.32
002008     0.31   00.32
002009     0.31   00.32
002010     0.31   00.32
002011     0.31   00.32
002012     0.31   00.32
002013     0.31   00.32
002014     0.31   00.32
002015     0.31   00.32
002016     0.31   00.32
002017     0.31   00.32
002018     0.31   00.32
002019     0.31   00.32
002020     0.31   00.32
002021     0.31   00.32
002022     0.31   00.32
002023     0.31   00.32
002024     0.31   00.32
002025     0.31   00.32
002026     0.31   00.32
002027     0.31   00.32
002028     0.31   00.32
002029     0.31   00.32
002030     0.31   00.32
002031     0.31   00.32
002032     0.31   00.32
002033     0.31   00.32
002034     0.31   00.32
002035     0.31   00.32
002036     0.31   00.32
002037     0.31   00.32
002038     0.31   00.32
002039     0.31   00.31
002040     0.31   00.32
002041     0.31   00.32
002042     0.31   00.32
002043     0.31   00.31
002044     0.31   00.31
002045     0.31   00.31
002046     0.31   00.31
002047     0.31   00.31
002048     0.31   00.31
002049     0.31   00.31
002050     0.31   00.31
002051     0.31   00.31
002052     0.31   00.31
002053     0.31   00.31
002054     0.30   00.31
002055     0.30   00.31
002056     0.30   00.31
002057     0.30   00.31
002058     0.30   00.31
002059     0.30   00.31
002060     0.30   00.31
002061     0.30   00.31
002062     0.30   00.31
002063     0.30   00.31
002064     0.30   00.31
002065     0.30   00.31
002066     0.30   00.31
002067     0.30   00.31
002068     0.30   00.31
002069     0.30   00.31
002070     0.30   00.31
002071     0.30   00.31
002072     0.30   00.31
002073     0.30   00.31
002074     0.30   00.31
002075     0.30   00.31
002076     0.30   00.31
002077     0.30   00.31
002078     0.30   00.31
002079     0.30   00.31
002080     0.30   00.31
002081     0.30   00.31
002082     0.30   00.31
002083     0.30   00.31
002084     0.30   00.31
002085     0.30   00.31
002086     0.30   00.31
002087     0.30   00.31
002088     0.30   00.31
002089     0.30   00.31
002090     0.30   00.31
002091     0.30   00.31
002092     0.30   00.31
002093     0.30   00.31
002094     0.30   00.31
002095     0.30   00.31
002096     0.30   00.31
002097     0.30   00.31
002098     0.30   00.31
002099     0.30   00.31
002100     0.30   00.31
002101     0.30   00.31
002102     0.30   00.31
002103     0.30   00.31
002104     0.30   00.31
002105     0.30   00.31
002106     0.30   00.30
002107     0.30   00.31
002108     0.30   00.30
002109     0.30   00.30
002110     0.30   00.30
002111     0.30   00.30
002112     0.30   00.30
002113     0.30   00.30
002114     0.30   00.30
002115     0.30   00.30
002116     0.30   00.30
002117     0.30   00.30
002118     0.30   00.30
002119     0.30   00.30
002120     0.30   00.30
002121     0.30   00.30
002122     0.30   00.30
002123     0.29   00.30
002124     0.29   00.30
002125     0.29   00.30
002126     0.29   00.30
002127     0.29   00.30
002128     0.29   00.30
002129     0.29   00.30
002130     0.29   00.30
002131     0.29   00.30
002132     0.29   00.30
002133     0.29   00.30
002134     0.29   00.30
002135     0.29   00.30
002136     0.29   00.30
002137     0.29   00.30
002138     0.29   00.30
002139     0.29   00.30
002140     0.29   00.30
002141     0.29   00.30
002142     0.29   00.30
002143     0.29   00.30
002144     0.29   00.30
002145     0.29   00.30
002146     0.29   00.30
002147     0.29   00.30
002148     0.29   00.30
002149     0.29   00.30
002150     0.29   00.30
002151     0.29   00.30
002152     0.29   00.30
002153     0.29   00.30
002154     0.29   00.30
002155     0.29   00.30
002156     0.29   00.30
002157     0.29   00.30
002158     0.29   00.30
002159     0.29   00.30
002160     0.29   00.30
002161     0.29   00.30
002162     0.29   00.30
002163     0.29   00.29
002164     0.29   00.29
002165     0.29   00.29
002166     0.29   00.29
002167     0.29   00.29
002168     0.29   00.29
002169     0.29   00.29
002170     0.29   00.29
002171     0.29   00.29
002172     0.29   00.30
002173     0.29   00.29
002174     0.29   00.29
002175     0.29   00.29
002176     0.29   00.29
002177     0.29   00.29
002178     0.28   00.29
002179     0.28   00.29
002180     0.28   00.29
002181     0.28   00.29
002182     0.28   00.29
002183     0.28   00.29
002184     0.28   00.29
002185     0.28   00.29
002186     0.28   00.29
002187     0.28   00.29
002188     0.28   00.29
002189     0.28   00.29
002190     0.28   00.29
002191     0.28   00.29
002192     0.28   00.29
002193     0.28   00.29
002194     0.28   00.29
002195     0.28   00.29
002196     0.28   00.29
002197     0.28   00.29
002198     0.28   00.29
002199     0.28   00.29
002200     0.28   00.29
002201     0.28   00.29
002202     0.28   00.29
002203     0.28   00.29
002204     0.28   00.29
002205     0.28   00.29
002206     0.28   00.29
002207     0.28   00.29
002208     0.28   00.28
002209     0.28   00.28
002210     0.28   00.28
002211     0.28   00.28
002212     0.28   00.29
002213     0.28   00.29
002214     0.28   00.29
002215     0.28   00.29
002216     0.28   00.29
002217     0.28   00.28
002218     0.28   00.29
002219     0.28   00.28
002220     0.28   00.28
002221     0.28   00.28
002222     0.28   00.28
002223     0.28   00.28
002224     0.28   00.28
002225     0.28   00.28
002226     0.28   00.28
002227     0.28   00.28
002228     0.28   00.28
002229     0.28   00.28
002230     0.28   00.28
002231     0.28   00.28
002232     0.28   00.28
002233     0.28   00.28
002234     0.28   00.28
002235     0.28   00.28
002236     0.28   00.28
002237     0.28   00.28
002238     0.28   00.28
002239     0.28   00.28
002240     0.28   00.28
002241     0.27   00.28
002242     0.27   00.28
002243     0.27   00.28
002244     0.27   00.28
002245     0.27   00.28
002246     0.27   00.28
002247     0.27   00.28
002248     0.27   00.28
002249     0.27   00.28
002250     0.27   00.28
002251     0.27   00.28
002252     0.27   00.28
002253     0.27   00.28
002254     0.27   00.28
002255     0.27   00.28
002256     0.27   00.28
002257     0.27   00.28
002258     0.27   00.28
002259     0.27   00.28
002260     0.27   00.28
002261     0.27   00.28
002262     0.27   00.28
002263     0.27   00.28
002264     0.27   00.28
002265     0.27   00.28
002266     0.27   00.28
002267     0.27   00.28
002268     0.27   00.28
002269     0.27   00.28
002270     0.27   00.28
002271     0.27   00.28
002272     0.27   00.28
002273     0.27   00.28
002274     0.27   00.28
002275     0.27   00.28
002276     0.27   00.28
002277     0.27   00.28
002278     0.27   00.28
002279     0.27   00.28
002280     0.27   00.28
002281     0.27   00.28
002282     0.27   00.28
002283     0.27   00.28
002284     0.27   00.28
002285     0.27   00.28
002286     0.27   00.28
002287     0.27   00.28
002288     0.27   00.28
002289     0.27   00.28
002290     0.27   00.28
002291     0.27   00.28
002292     0.27   00.28
002293     0.27   00.28
002294     0.27   00.28
002295     0.27   00.28
002296     0.27   00.28
002297     0.27   00.28
002298     0.27   00.28
002299     0.27   00.28
002300     0.27   00.28
002301     0.27   00.28
002302     0.27   00.28
002303     0.27   00.28
002304     0.27   00.28
002305     0.27   00.28
002306     0.27   00.28
002307     0.27   00.28
002308     0.27   00.28
002309     0.27   00.28
002310     0.27   00.28
002311     0.27   00.28
002312     0.27   00.28
002313     0.27   00.28
002314     0.27   00.27
002315     0.27   00.27
002316     0.27   00.27
002317     0.27   00.27
002318     0.27   00.27
002319     0.26   00.27
002320     0.26   00.27
002321     0.26   00.27
002322     0.26   00.27
002323     0.26   00.27
002324     0.26   00.27
002325     0.26   00.27
002326     0.26   00.27
002327     0.26   00.27
002328     0.26   00.27
002329     0.26   00.27
002330     0.26   00.27
002331     0.26   00.27
002332     0.26   00.27
002333     0.26   00.27
002334     0.26   00.27
002335     0.26   00.27
002336     0.26   00.27
002337     0.26   00.27
002338     0.26   00.27
002339     0.26   00.27
002340     0.26   00.27
002341     0.26   00.27
002342     0.26   00.27
002343     0.26   00.27
002344     0.26   00.27
002345     0.26   00.27
002346     0.26   00.27
002347     0.26   00.27
002348     0.26   00.27
002349     0.26   00.27
002350     0.26   00.27
002351     0.26   00.27
002352     0.26   00.27
002353     0.26   00.27
002354     0.26   00.27
002355     0.26   00.27
002356     0.26   00.27
002357     0.26   00.27
002358     0.26   00.27
002359     0.26   00.27
002360     0.26   00.27
002361     0.26   00.27
002362     0.26   00.27
002363     0.26   00.27
002364     0.26   00.26
002365     0.26   00.26
002366     0.26   00.26
002367     0.26   00.26
002368     0.26   00.26
002369     0.26   00.26
002370     0.26   00.26
002371     0.26   00.26
002372     0.26   00.26
002373     0.26   00.26
002374     0.26   00.26
002375     0.26   00.26
002376     0.26   00.26
002377     0.26   00.26
002378     0.26   00.26
002379     0.26   00.26
002380     0.26   00.26
002381     0.26   00.26
002382     0.26   00.26
002383     0.26   00.26
002384     0.26   00.26
002385     0.25   00.26
002386     0.25   00.26
002387     0.25   00.26
002388     0.25   00.26
002389     0.25   00.26
002390     0.25   00.26
002391     0.25   00.26
002392     0.25   00.26
002393     0.25   00.26
002394     0.25   00.26
002395     0.25   00.26
002396     0.25   00.26
002397     0.25   00.26
002398     0.25   00.26
002399     0.25   00.26
002400     0.25   00.26
002401     0.25   00.26
002402     0.25   00.26
002403     0.25   00.26
002404     0.25   00.26
002405     0.25   00.26
002406     0.25   00.26
002407     0.25   00.26
002408     0.25   00.26
002409     0.25   00.26
002410     0.25   00.26
002411     0.25   00.26
002412     0.25   00.26
002413     0.25   00.26
002414     0.25   00.26
002415     0.25   00.26
002416     0.25   00.26
002417     0.25   00.26
002418     0.25   00.26
002419     0.25   00.26
002420     0.25   00.26
002421     0.25   00.26
002422     0.25   00.26
002423     0.25   00.26
002424     0.25   00.26
002425     0.25   00.26
002426     0.25   00.26
002427     0.25   00.26
002428     0.25   00.26
002429     0.25   00.26
002430     0.25   00.26
002431     0.25   00.26
002432     0.25   00.26
002433     0.25   00.26
002434     0.25   00.26
002435     0.25   00.26
002436     0.25   00.26
002437     0.25   00.26
002438     0.25   00.26
002439     0.25   00.26
002440     0.25   00.26
002441     0.25   00.26
002442     0.25   00.26
002443     0.25   00.26
002444     0.25   00.26
002445     0.25   00.26
002446     0.25   00.26
002447     0.25   00.26
002448     0.25   00.26
002449     0.25   00.26
002450     0.25   00.26
002451     0.25   00.26
002452     0.25   00.26
002453     0.25   00.26
002454     0.25   00.26
002455     0.25   00.26
002456     0.25   00.26
002457     0.25   00.26
002458     0.25   00.26
002459     0.25   00.26
002460     0.25   00.26
002461     0.25   00.26
002462     0.25   00.26
002463     0.25   00.26
002464     0.25   00.26
002465     0.25   00.26
002466     0.25   00.26
002467     0.25   00.26
002468     0.25   00.26
002469     0.25   00.26
002470     0.25   00.26
002471     0.25   00.26
002472     0.25   00.26
002473     0.25   00.26
002474     0.25   00.26
002475     0.25   00.26
002476     0.25   00.26
002477     0.25   00.26
002478     0.25   00.26
002479     0.25   00.26
002480     0.25   00.26
002481     0.25   00.26
002482     0.25   00.26
002483     0.25   00.26
002484     0.25   00.26
002485     0.25   00.26
002486     0.25   00.26
002487     0.25   00.26
002488     0.25   00.26
002489     0.25   00.26
002490     0.25   00.26
002491     0.25   00.26
002492     0.25   00.26
002493     0.25   00.26
002494     0.25   00.26
002495     0.25   00.26
002496     0.25   00.26
002497     0.25   00.26
002498     0.25   00.26
002499     0.25   00.26
002500     0.25   00.26
002501     0.25   00.26
002502     0.25   00.26
002503     0.25   00.26
002504     0.25   00.26
002505     0.25   00.26
002506     0.25   00.26
002507     0.25   00.26
002508     0.25   00.26
002509     0.25   00.26
002510     0.25   00.26
002511     0.25   00.26
002512     0.25   00.26
002513     0.25   00.26
002514     0.25   00.26
002515     0.25   00.26
002516     0.25   00.26
002517     0.25   00.26
002518     0.25   00.26
002519     0.25   00.26
002520     0.25   00.26
002521     0.25   00.26
002522     0.25   00.26
002523     0.25   00.26
002524     0.25   00.26
002525     0.25   00.26
002526     0.25   00.26
002527     0.25   00.26
002528     0.25   00.26
002529     0.25   00.26
002530     0.25   00.26
002531     0.25   00.26
002532     0.25   00.26
002533     0.25   00.26
002534     0.25   00.26
002535     0.25   00.26
002536     0.25   00.25
002537     0.25   00.26
002538     0.25   00.25
002539     0.25   00.26
002540     0.25   00.26
002541     0.25   00.26
002542     0.25   00.26
002543     0.25   00.26
002544     0.25   00.26
002545     0.25   00.25
002546     0.25   00.26
002547     0.25   00.26
002548     0.25   00.26
002549     0.25   00.26
002550     0.25   00.26
002551     0.25   00.26
002552     0.25   00.26
002553     0.25   00.26
002554     0.25   00.26
002555     0.25   00.26
002556     0.25   00.26
002557     0.25   00.26
002558     0.25   00.26
002559     0.25   00.26
002560     0.25   00.26
002561     0.25   00.26
002562     0.25   00.26
002563     0.25   00.26
002564     0.25   00.26
002565     0.25   00.26
002566     0.25   00.26
002567     0.25   00.26
002568     0.25   00.26
002569     0.25   00.25
002570     0.25   00.25
002571     0.25   00.25
002572     0.25   00.25
002573     0.25   00.25
002574     0.25   00.25
002575     0.25   00.25
002576     0.25   00.25
002577     0.25   00.25
002578     0.25   00.25
002579     0.25   00.26
002580     0.25   00.26
002581     0.25   00.26
002582     0.25   00.26
002583     0.25   00.26
002584     0.25   00.26
002585     0.25   00.26
002586     0.25   00.25
002587     0.25   00.25
002588     0.25   00.25
002589     0.25   00.25
002590     0.25   00.25
002591     0.25   00.25
002592     0.25   00.25
002593     0.25   00.25
002594     0.25   00.25
002595     0.25   00.25
002596     0.25   00.25
002597     0.25   00.25
002598     0.25   00.25
002599     0.25   00.25
002600     0.25   00.25
002601     0.25   00.26
002602     0.25   00.26
002603     0.25   00.25
002604     0.25   00.25
002605     0.25   00.26
002606     0.25   00.26
002607     0.25   00.25
002608     0.25   00.25
002609     0.25   00.25
002610     0.25   00.25
002611     0.25   00.25
002612     0.25   00.25
002613     0.25   00.25
002614     0.25   00.25
002615     0.25   00.25
002616     0.25   00.25
002617     0.25   00.25
002618     0.25   00.25
002619     0.25   00.25
002620     0.25   00.25
002621     0.25   00.25
002622     0.25   00.25
002623     0.25   00.25
002624     0.25   00.25
002625     0.25   00.25
002626     0.25   00.25
002627     0.25   00.25
002628     0.25   00.25
002629     0.25   00.25
002630     0.25   00.25
002631     0.25   00.26
002632     0.25   00.26
002633     0.25   00.26
002634     0.25   00.26
002635     0.25   00.26
002636     0.25   00.25
002637     0.25   00.25
002638     0.25   00.26
002639     0.25   00.25
002640     0.25   00.25
002641     0.25   00.25
002642     0.25   00.25
002643     0.25   00.25
002644     0.25   00.25
002645     0.25   00.25
002646     0.25   00.25
002647     0.25   00.25
002648     0.25   00.25
002649     0.25   00.25
002650     0.25   00.25
002651     0.25   00.25
002652     0.25   00.25
002653     0.25   00.25
002654     0.25   00.25
002655     0.25   00.25
002656     0.25   00.25
002657     0.25   00.25
002658     0.25   00.25
002659     0.25   00.25
002660     0.25   00.25
002661     0.25   00.25
002662     0.25   00.25
002663     0.25   00.25
002664     0.25   00.25
002665     0.25   00.25
002666     0.25   00.25
002667     0.25   00.25
002668     0.25   00.25
002669     0.25   00.25
002670     0.25   00.25
002671     0.25   00.25
002672     0.24   00.25
002673     0.24   00.25
002674     0.24   00.25
002675     0.24   00.25
002676     0.24   00.25
002677     0.24   00.25
002678     0.24   00.25
002679     0.24   00.25
002680     0.24   00.25
002681     0.24   00.25
002682     0.24   00.25
002683     0.24   00.25
002684     0.24   00.25
002685     0.24   00.25
002686     0.24   00.25
002687     0.24   00.25
002688     0.24   00.25
002689     0.24   00.25
002690     0.24   00.25
002691     0.24   00.25
002692     0.24   00.25
002693     0.24   00.25
002694     0.24   00.25
002695     0.24   00.25
002696     0.24   00.25
002697     0.24   00.25
002698     0.24   00.25
002699     0.24   00.25
002700     0.24   00.25
002701     0.24   00.25
002702     0.24   00.25
002703     0.24   00.25
002704     0.24   00.25
002705     0.24   00.25
002706     0.24   00.25
002707     0.24   00.25
002708     0.24   00.25
002709     0.24   00.25
002710     0.24   00.25
002711     0.24   00.25
002712     0.24   00.25
002713     0.24   00.25
002714     0.24   00.25
002715     0.24   00.25
002716     0.24   00.25
002717     0.24   00.25
002718     0.24   00.25
002719     0.24   00.25
002720     0.24   00.25
002721     0.24   00.25
002722     0.24   00.25
002723     0.24   00.25
002724     0.24   00.25
002725     0.24   00.25
002726     0.24   00.25
002727     0.24   00.25
002728     0.24   00.25
002729     0.24   00.25
002730     0.24   00.25
002731     0.24   00.25
002732     0.24   00.25
002733     0.24   00.25
002734     0.24   00.25
002735     0.24   00.25
002736     0.24   00.25
002737     0.24   00.25
002738     0.24   00.25
002739     0.24   00.25
002740     0.24   00.25
002741     0.24   00.25
002742     0.24   00.25
002743     0.24   00.25
002744     0.24   00.25
002745     0.24   00.25
002746     0.24   00.25
002747     0.24   00.25
002748     0.24   00.25
002749     0.24   00.25
002750     0.24   00.25
002751     0.24   00.25
002752     0.24   00.24
002753     0.24   00.24
002754     0.24   00.24
002755     0.24   00.24
002756     0.24   00.25
002757     0.24   00.25
002758     0.24   00.25
002759     0.24   00.25
002760     0.24   00.25
002761     0.24   00.25
002762     0.24   00.25
002763     0.24   00.25
002764     0.24   00.25
002765     0.24   00.25
002766     0.24   00.25
002767     0.24   00.25
002768     0.24   00.25
002769     0.24   00.25
002770     0.24   00.25
002771     0.24   00.25
002772     0.24   00.25
002773     0.24   00.25
002774     0.24   00.24
002775     0.24   00.25
002776     0.24   00.25
002777     0.24   00.25
002778     0.24   00.25
002779     0.24   00.25
002780     0.24   00.25
002781     0.24   00.25
002782     0.24   00.25
002783     0.24   00.25
002784     0.24   00.25
002785     0.24   00.25
002786     0.24   00.25
002787     0.24   00.24
002788     0.24   00.24
002789     0.24   00.25
002790     0.24   00.25
002791     0.24   00.25
002792     0.24   00.25
002793     0.24   00.25
002794     0.24   00.25
002795     0.24   00.25
002796     0.24   00.25
002797     0.24   00.25
002798     0.24   00.25
002799     0.24   00.25
002800     0.24   00.25
002801     0.24   00.25
002802     0.24   00.25
002803     0.24   00.25
002804     0.24   00.25
002805     0.24   00.25
002806     0.24   00.24
002807     0.24   00.24
002808     0.24   00.24
002809     0.24   00.24
002810     0.24   00.24
002811     0.24   00.24
002812     0.24   00.24
002813     0.24   00.24
002814     0.24   00.24
002815     0.24   00.24
002816     0.24   00.24
002817     0.24   00.24
002818     0.24   00.24
002819     0.24   00.24
002820     0.24   00.24
002821     0.24   00.24
002822     0.24   00.25
002823     0.24   00.25
002824     0.24   00.24
002825     0.24   00.24
002826     0.24   00.24
002827     0.24   00.24
002828     0.24   00.24
002829     0.24   00.24
002830     0.24   00.24
002831     0.24   00.24
002832     0.24   00.24
002833     0.24   00.24
002834     0.24   00.24
002835     0.24   00.24
002836     0.24   00.24
002837     0.24   00.24
002838     0.24   00.24
002839     0.24   00.24
002840     0.24   00.25
002841     0.24   00.24
002842     0.24   00.24
002843     0.24   00.24
002844     0.24   00.24
002845     0.24   00.24
002846     0.24   00.24
002847     0.24   00.25
002848     0.24   00.25
002849     0.24   00.25
002850     0.24   00.24
002851     0.24   00.24
002852     0.24   00.24
002853     0.24   00.24
002854     0.24   00.24
002855     0.24   00.24
002856     0.24   00.24
002857     0.24   00.25
002858     0.24   00.24
002859     0.24   00.24
002860     0.24   00.25
002861     0.24   00.25
002862     0.24   00.24
002863     0.24   00.24
002864     0.24   00.24
002865     0.24   00.24
002866     0.24   00.24
002867     0.24   00.24
002868     0.24   00.24
002869     0.24   00.24
002870     0.24   00.24
002871     0.24   00.24
002872     0.24   00.24
002873     0.24   00.24
002874     0.24   00.24
002875     0.24   00.24
002876     0.24   00.24
002877     0.24   00.24
002878     0.24   00.24
002879     0.24   00.24
002880     0.24   00.24
002881     0.24   00.24
002882     0.24   00.24
002883     0.24   00.24
002884     0.24   00.24
002885     0.24   00.24
002886     0.24   00.24
002887     0.24   00.24
002888     0.24   00.24
002889     0.24   00.24
002890     0.24   00.24
002891     0.24   00.24
002892     0.24   00.24
002893     0.24   00.24
002894     0.24   00.24
002895     0.24   00.24
002896     0.24   00.24
002897     0.24   00.24
002898     0.24   00.24
002899     0.24   00.24
002900     0.24   00.24
002901     0.24   00.24
002902     0.24   00.24
002903     0.24   00.24
002904     0.24   00.24
002905     0.24   00.24
002906     0.24   00.24
002907     0.24   00.25
002908     0.24   00.25
002909     0.24   00.25
002910     0.24   00.25
002911     0.24   00.25
002912     0.24   00.25
002913     0.24   00.25
002914     0.24   00.24
002915     0.24   00.24
002916     0.24   00.24
002917     0.24   00.24
002918     0.24   00.24
002919     0.24   00.24
002920     0.24   00.24
002921     0.24   00.24
002922     0.24   00.24
002923     0.24   00.24
002924     0.24   00.24
002925     0.24   00.24
002926     0.24   00.24
002927     0.24   00.24
002928     0.24   00.24
002929     0.24   00.24
002930     0.24   00.24
002931     0.24   00.24
002932     0.24   00.24
002933     0.24   00.24
002934     0.24   00.24
002935     0.24   00.24
002936     0.24   00.24
002937     0.24   00.24
002938     0.24   00.24
002939     0.24   00.24
002940     0.24   00.24
002941     0.24   00.24
002942     0.24   00.24
002943     0.24   00.24
002944     0.24   00.24
002945     0.24   00.24
002946     0.24   00.24
002947     0.24   00.24
002948     0.24   00.24
002949     0.24   00.24
002950     0.24   00.24
002951     0.23   00.24
002952     0.23   00.24
002953     0.23   00.24
002954     0.23   00.24
002955     0.23   00.24
002956     0.23   00.24
002957     0.23   00.24
002958     0.23   00.24
002959     0.23   00.24
002960     0.23   00.24
002961     0.23   00.24
002962     0.23   00.24
002963     0.23   00.25
002964     0.23   00.24
002965     0.23   00.24
002966     0.23   00.24
002967     0.23   00.24
002968     0.23   00.24
002969     0.23   00.24
002970     0.23   00.24
002971     0.23   00.24
002972     0.23   00.24
002973     0.23   00.24
002974     0.23   00.24
002975     0.23   00.24
002976     0.23   00.24
002977     0.23   00.24
002978     0.23   00.24
002979     0.23   00.24
002980     0.23   00.24
002981     0.23   00.24
002982     0.23   00.24
002983     0.23   00.24
002984     0.23   00.24
002985     0.23   00.24
002986     0.23   00.24
002987     0.23   00.24
002988     0.23   00.24
002989     0.23   00.24
002990     0.23   00.24
002991     0.23   00.24
002992     0.23   00.24
002993     0.23   00.24
002994     0.23   00.24
002995     0.23   00.24
002996     0.23   00.24
002997     0.23   00.24
002998     0.23   00.24
002999     0.23   00.24
003000     0.23   00.24
003001     0.23   00.24
