000001     47.25   47.69
000002     47.25   47.64
000003     47.19   47.55
000004     47.17   47.47
000005     47.11   47.41
000006     47.08   47.38
000007     47.01   47.31
000008     46.94   47.27
000009     46.87   47.18
000010     46.84   47.13
000011     46.84   47.09
000012     46.75   47.05
000013     46.68   47.00
000014     46.68   46.98
000015     46.68   46.93
000016     46.67   46.87
000017     46.67   46.85
000018     46.64   46.79
000019     46.64   46.78
000020     46.58   46.75
000021     46.54   46.71
000022     46.54   46.69
000023     46.48   46.65
000024     46.48   46.64
000025     46.47   46.62
000026     46.43   46.58
000027     46.41   46.55
000028     46.41   46.53
000029     46.39   46.51
000030     46.38   46.49
000031     46.35   46.48
000032     46.35   46.45
000033     46.32   46.43
000034     46.32   46.40
000035     46.27   46.38
000036     46.27   46.37
000037     46.27   46.35
000038     46.25   46.34
000039     46.24   46.33
000040     46.22   46.31
000041     46.21   46.30
000042     46.21   46.28
000043     46.21   46.27
000044     46.18   46.26
000045     46.18   46.24
000046     46.17   46.23
000047     46.16   46.22
000048     46.15   46.21
000049     46.15   46.20
000050     46.15   46.19
000051     46.12   46.18
000052     46.11   46.17
000053     46.11   46.16
000054     46.11   46.16
000055     46.11   46.14
000056     46.10   46.14
000057     46.09   46.13
000058     46.09   46.13
000059     46.09   46.12
000060     46.09   46.12
000061     46.09   46.11
000062     46.07   46.11
000063     46.07   46.10
000064     46.07   46.10
000065     46.06   46.10
000066     46.06   46.09
000067     46.06   46.08
000068     46.05   46.08
000069     46.05   46.07
000070     46.04   46.07
000071     46.04   46.07
000072     46.04   46.06
000073     46.04   46.06
000074     46.03   46.05
000075     46.03   46.05
000076     46.03   46.05
000077     46.02   46.04
000078     46.02   46.04
000079     46.02   46.04
000080     46.02   46.03
000081     46.01   46.03
000082     46.01   46.03
000083     46.01   46.02
000084     46.01   46.02
000085     46.01   46.02
000086     46.01   46.02
000087     46.00   46.02
000088     46.00   46.01
000089     45.99   46.01
000090     45.99   46.01
000091     45.99   46.01
000092     45.99   46.01
000093     45.99   46.00
000094     45.99   46.00
000095     45.99   46.00
000096     45.99   46.00
000097     45.98   46.00
000098     45.98   45.99
000099     45.98   45.99
000100     45.98   45.99
000101     45.98   45.99
000102     45.97   45.98
000103     45.97   45.98
000104     45.96   45.98
000105     45.96   45.98
000106     45.96   45.97
000107     45.96   45.97
000108     45.96   45.97
000109     45.96   45.97
000110     45.96   45.97
000111     45.96   45.97
000112     45.95   45.97
000113     45.95   45.96
000114     45.95   45.96
000115     45.95   45.96
000116     45.95   45.96
000117     45.94   45.96
000118     45.94   45.96
000119     45.94   45.95
000120     45.94   45.95
000121     45.94   45.95
000122     45.94   45.95
000123     45.94   45.95
000124     45.93   45.95
000125     45.93   45.94
000126     45.93   45.94
000127     45.93   45.94
000128     45.93   45.94
000129     45.92   45.94
000130     45.92   45.94
000131     45.92   45.93
000132     45.92   45.93
000133     45.92   45.93
000134     45.91   45.93
000135     45.91   45.93
000136     45.91   45.92
000137     45.91   45.92
000138     45.91   45.92
000139     45.91   45.92
000140     45.90   45.92
000141     45.90   45.92
000142     45.90   45.91
000143     45.90   45.91
000144     45.90   45.91
000145     45.90   45.91
000146     45.89   45.91
000147     45.89   45.90
000148     45.89   45.90
000149     45.89   45.90
000150     45.89   45.90
000151     45.89   45.90
000152     45.89   45.89
000153     45.88   45.89
000154     45.88   45.89
000155     45.88   45.89
000156     45.88   45.89
000157     45.88   45.89
000158     45.88   45.89
000159     45.88   45.88
000160     45.87   45.88
000161     45.87   45.88
000162     45.87   45.88
000163     45.87   45.88
000164     45.87   45.88
000165     45.87   45.87
000166     45.86   45.87
000167     45.86   45.87
000168     45.86   45.87
000169     45.86   45.87
000170     45.86   45.87
000171     45.85   45.86
000172     45.85   45.86
000173     45.85   45.86
000174     45.85   45.86
000175     45.85   45.86
000176     45.85   45.86
000177     45.85   45.86
000178     45.85   45.85
000179     45.84   45.85
000180     45.84   45.85
000181     45.84   45.85
000182     45.84   45.85
000183     45.84   45.85
000184     45.84   45.85
000185     45.84   45.85
000186     45.84   45.84
000187     45.83   45.84
000188     45.83   45.84
000189     45.83   45.84
000190     45.83   45.84
000191     45.83   45.84
000192     45.83   45.84
000193     45.83   45.83
000194     45.82   45.83
000195     45.82   45.83
000196     45.82   45.83
000197     45.82   45.83
000198     45.82   45.83
000199     45.81   45.82
000200     45.81   45.82
000201     45.81   45.82
000202     45.81   45.82
000203     45.81   45.82
000204     45.81   45.82
000205     45.80   45.81
000206     45.80   45.81
000207     45.80   45.81
000208     45.80   45.81
000209     45.80   45.81
000210     45.80   45.81
000211     45.80   45.80
000212     45.80   45.80
000213     45.79   45.80
000214     45.79   45.80
000215     45.79   45.80
000216     45.79   45.80
000217     45.79   45.80
000218     45.79   45.79
000219     45.79   45.79
000220     45.78   45.79
000221     45.78   45.79
000222     45.78   45.79
000223     45.78   45.79
000224     45.78   45.79
000225     45.78   45.79
000226     45.78   45.78
000227     45.78   45.78
000228     45.77   45.78
000229     45.77   45.78
000230     45.77   45.78
000231     45.77   45.78
000232     45.77   45.78
000233     45.77   45.78
000234     45.77   45.77
000235     45.77   45.77
000236     45.76   45.77
000237     45.76   45.77
000238     45.76   45.77
000239     45.76   45.77
000240     45.76   45.77
000241     45.76   45.77
000242     45.76   45.76
000243     45.76   45.76
000244     45.75   45.76
000245     45.75   45.76
000246     45.75   45.76
000247     45.75   45.76
000248     45.75   45.76
000249     45.75   45.76
000250     45.75   45.75
000251     45.75   45.75
000252     45.74   45.75
000253     45.74   45.75
000254     45.74   45.75
000255     45.74   45.75
000256     45.74   45.75
000257     45.74   45.75
000258     45.74   45.74
000259     45.74   45.74
000260     45.74   45.74
000261     45.74   45.74
000262     45.73   45.74
000263     45.73   45.74
000264     45.73   45.74
000265     45.73   45.74
000266     45.73   45.74
000267     45.73   45.73
000268     45.73   45.73
000269     45.72   45.73
000270     45.72   45.73
000271     45.72   45.73
000272     45.72   45.73
000273     45.72   45.73
000274     45.72   45.73
000275     45.72   45.72
000276     45.72   45.72
000277     45.71   45.72
000278     45.71   45.72
000279     45.71   45.72
000280     45.71   45.72
000281     45.71   45.72
000282     45.71   45.72
000283     45.71   45.72
000284     45.71   45.71
000285     45.71   45.71
000286     45.71   45.71
000287     45.71   45.71
000288     45.70   45.71
000289     45.70   45.71
000290     45.70   45.71
000291     45.70   45.71
000292     45.70   45.71
000293     45.69   45.70
000294     45.69   45.70
000295     45.69   45.70
000296     45.69   45.70
000297     45.69   45.70
000298     45.69   45.70
000299     45.69   45.70
000300     45.69   45.70
000301     45.69   45.69
000302     45.69   45.69
000303     45.69   45.69
000304     45.68   45.69
000305     45.68   45.69
000306     45.68   45.69
000307     45.68   45.69
000308     45.68   45.69
000309     45.68   45.69
000310     45.68   45.68
000311     45.68   45.68
000312     45.68   45.68
000313     45.67   45.68
000314     45.67   45.68
000315     45.67   45.68
000316     45.67   45.68
000317     45.67   45.68
000318     45.67   45.68
000319     45.67   45.68
000320     45.67   45.68
000321     45.67   45.67
000322     45.67   45.67
000323     45.67   45.67
000324     45.67   45.67
000325     45.66   45.67
000326     45.66   45.67
000327     45.66   45.67
000328     45.66   45.67
000329     45.66   45.67
000330     45.66   45.67
000331     45.66   45.66
000332     45.66   45.66
000333     45.66   45.66
000334     45.65   45.66
000335     45.65   45.66
000336     45.65   45.66
000337     45.65   45.66
000338     45.65   45.66
000339     45.65   45.66
000340     45.65   45.65
000341     45.65   45.65
000342     45.65   45.65
000343     45.64   45.65
000344     45.64   45.65
000345     45.64   45.65
000346     45.64   45.65
000347     45.64   45.65
000348     45.64   45.65
000349     45.64   45.64
000350     45.64   45.64
000351     45.64   45.64
000352     45.64   45.64
000353     45.63   45.64
000354     45.63   45.64
000355     45.63   45.64
000356     45.63   45.64
000357     45.63   45.64
000358     45.63   45.64
000359     45.63   45.64
000360     45.63   45.63
000361     45.63   45.63
000362     45.62   45.63
000363     45.62   45.63
000364     45.62   45.63
000365     45.62   45.63
000366     45.62   45.63
000367     45.62   45.63
000368     45.62   45.63
000369     45.62   45.63
000370     45.62   45.63
000371     45.62   45.62
000372     45.62   45.62
000373     45.62   45.62
000374     45.62   45.62
000375     45.62   45.62
000376     45.62   45.62
000377     45.62   45.62
000378     45.62   45.62
000379     45.62   45.62
000380     45.61   45.62
000381     45.61   45.62
000382     45.61   45.62
000383     45.61   45.62
000384     45.61   45.62
000385     45.61   45.61
000386     45.61   45.61
000387     45.61   45.61
000388     45.61   45.61
000389     45.61   45.61
000390     45.61   45.61
000391     45.61   45.61
000392     45.61   45.61
000393     45.61   45.61
000394     45.60   45.61
000395     45.60   45.61
000396     45.60   45.61
000397     45.60   45.61
000398     45.60   45.61
000399     45.60   45.61
000400     45.60   45.61
000401     45.60   45.61
000402     45.60   45.60
000403     45.60   45.60
000404     45.60   45.60
000405     45.60   45.60
000406     45.60   45.60
000407     45.60   45.60
000408     45.60   45.60
000409     45.60   45.60
000410     45.59   45.60
000411     45.59   45.60
000412     45.59   45.60
000413     45.59   45.60
000414     45.59   45.60
000415     45.59   45.60
000416     45.59   45.59
000417     45.59   45.59
000418     45.59   45.59
000419     45.59   45.59
000420     45.58   45.59
000421     45.58   45.59
000422     45.58   45.59
000423     45.58   45.59
000424     45.58   45.59
000425     45.58   45.58
000426     45.58   45.58
000427     45.58   45.58
000428     45.58   45.58
000429     45.58   45.58
000430     45.58   45.58
000431     45.58   45.58
000432     45.58   45.58
000433     45.58   45.58
000434     45.57   45.58
000435     45.57   45.58
000436     45.57   45.58
000437     45.57   45.58
000438     45.57   45.58
000439     45.57   45.58
000440     45.57   45.57
000441     45.57   45.57
000442     45.57   45.57
000443     45.57   45.57
000444     45.57   45.57
000445     45.57   45.57
000446     45.56   45.57
000447     45.56   45.57
000448     45.56   45.57
000449     45.56   45.57
000450     45.56   45.57
000451     45.56   45.57
000452     45.56   45.56
000453     45.56   45.56
000454     45.56   45.56
000455     45.56   45.56
000456     45.56   45.56
000457     45.56   45.56
000458     45.56   45.56
000459     45.56   45.56
000460     45.56   45.56
000461     45.56   45.56
000462     45.55   45.56
000463     45.55   45.56
000464     45.55   45.56
000465     45.55   45.56
000466     45.55   45.55
000467     45.55   45.55
000468     45.55   45.55
000469     45.55   45.55
000470     45.55   45.55
000471     45.55   45.55
000472     45.55   45.55
000473     45.55   45.55
000474     45.55   45.55
000475     45.55   45.55
000476     45.55   45.55
000477     45.55   45.55
000478     45.54   45.55
000479     45.54   45.55
000480     45.54   45.55
000481     45.54   45.55
000482     45.54   45.55
000483     45.54   45.54
000484     45.54   45.54
000485     45.54   45.54
000486     45.54   45.54
000487     45.54   45.54
000488     45.54   45.54
000489     45.53   45.54
000490     45.53   45.54
000491     45.53   45.54
000492     45.53   45.54
000493     45.53   45.54
000494     45.53   45.54
000495     45.53   45.54
000496     45.53   45.54
000497     45.53   45.54
000498     45.53   45.54
000499     45.53   45.53
000500     45.53   45.53
000501     45.53   45.53
000502     45.53   45.53
000503     45.53   45.53
000504     45.53   45.53
000505     45.52   45.53
000506     45.52   45.53
000507     45.52   45.53
000508     45.52   45.53
000509     45.52   45.53
000510     45.52   45.53
000511     45.52   45.53
000512     45.52   45.52
000513     45.52   45.52
000514     45.52   45.52
000515     45.52   45.52
000516     45.52   45.52
000517     45.52   45.52
000518     45.52   45.52
000519     45.51   45.52
000520     45.51   45.52
000521     45.51   45.52
000522     45.51   45.52
000523     45.51   45.52
000524     45.51   45.52
000525     45.51   45.52
000526     45.51   45.52
000527     45.51   45.51
000528     45.51   45.51
000529     45.51   45.51
000530     45.51   45.51
000531     45.51   45.51
000532     45.51   45.51
000533     45.51   45.51
000534     45.51   45.51
000535     45.51   45.51
000536     45.51   45.51
000537     45.50   45.51
000538     45.50   45.51
000539     45.50   45.51
000540     45.50   45.51
000541     45.50   45.51
000542     45.50   45.51
000543     45.50   45.50
000544     45.50   45.50
000545     45.50   45.50
000546     45.50   45.50
000547     45.50   45.50
000548     45.50   45.50
000549     45.50   45.50
000550     45.49   45.50
000551     45.49   45.50
000552     45.49   45.50
000553     45.49   45.50
000554     45.49   45.50
000555     45.49   45.50
000556     45.49   45.50
000557     45.49   45.49
000558     45.49   45.49
000559     45.49   45.49
000560     45.49   45.49
000561     45.49   45.49
000562     45.49   45.49
000563     45.49   45.49
000564     45.49   45.49
000565     45.49   45.49
000566     45.48   45.49
000567     45.48   45.49
000568     45.48   45.49
000569     45.48   45.49
000570     45.48   45.49
000571     45.48   45.49
000572     45.48   45.49
000573     45.48   45.48
000574     45.48   45.48
000575     45.48   45.48
000576     45.48   45.48
000577     45.48   45.48
000578     45.48   45.48
000579     45.48   45.48
000580     45.48   45.48
000581     45.48   45.48
000582     45.47   45.48
000583     45.47   45.48
000584     45.47   45.48
000585     45.47   45.48
000586     45.47   45.48
000587     45.47   45.48
000588     45.47   45.47
000589     45.47   45.47
000590     45.47   45.47
000591     45.47   45.47
000592     45.47   45.47
000593     45.47   45.47
000594     45.46   45.47
000595     45.46   45.47
000596     45.46   45.47
000597     45.46   45.47
000598     45.46   45.47
000599     45.46   45.47
000600     45.46   45.47
000601     45.46   45.46
000602     45.46   45.46
000603     45.46   45.46
000604     45.46   45.46
000605     45.46   45.46
000606     45.46   45.46
000607     45.46   45.46
000608     45.46   45.46
000609     45.46   45.46
000610     45.45   45.46
000611     45.45   45.46
000612     45.45   45.46
000613     45.45   45.46
000614     45.45   45.46
000615     45.45   45.46
000616     45.45   45.45
000617     45.45   45.45
000618     45.45   45.45
000619     45.45   45.45
000620     45.45   45.45
000621     45.45   45.45
000622     45.45   45.45
000623     45.45   45.45
000624     45.44   45.45
000625     45.44   45.45
000626     45.44   45.45
000627     45.44   45.45
000628     45.44   45.45
000629     45.44   45.45
000630     45.44   45.44
000631     45.44   45.44
000632     45.44   45.44
000633     45.44   45.44
000634     45.44   45.44
000635     45.44   45.44
000636     45.43   45.44
000637     45.43   45.44
000638     45.43   45.44
000639     45.43   45.44
000640     45.43   45.44
000641     45.43   45.44
000642     45.43   45.44
000643     45.43   45.44
000644     45.43   45.43
000645     45.43   45.43
000646     45.43   45.43
000647     45.43   45.43
000648     45.43   45.43
000649     45.43   45.43
000650     45.42   45.43
000651     45.42   45.43
000652     45.42   45.43
000653     45.42   45.43
000654     45.42   45.43
000655     45.42   45.43
000656     45.42   45.42
000657     45.42   45.42
000658     45.42   45.42
000659     45.42   45.42
000660     45.42   45.42
000661     45.42   45.42
000662     45.42   45.42
000663     45.42   45.42
000664     45.42   45.42
000665     45.41   45.42
000666     45.41   45.42
000667     45.41   45.42
000668     45.41   45.42
000669     45.41   45.42
000670     45.41   45.42
000671     45.41   45.42
000672     45.41   45.41
000673     45.41   45.41
000674     45.41   45.41
000675     45.41   45.41
000676     45.41   45.41
000677     45.41   45.41
000678     45.41   45.41
000679     45.40   45.41
000680     45.40   45.41
000681     45.40   45.41
000682     45.40   45.41
000683     45.40   45.41
000684     45.40   45.41
000685     45.40   45.40
000686     45.40   45.40
000687     45.40   45.40
000688     45.40   45.40
000689     45.40   45.40
000690     45.40   45.40
000691     45.39   45.40
000692     45.39   45.40
000693     45.39   45.40
000694     45.39   45.40
000695     45.39   45.40
000696     45.39   45.40
000697     45.39   45.40
000698     45.39   45.40
000699     45.39   45.39
000700     45.39   45.39
000701     45.39   45.39
000702     45.39   45.39
000703     45.39   45.39
000704     45.39   45.39
000705     45.38   45.39
000706     45.38   45.39
000707     45.38   45.39
000708     45.38   45.39
000709     45.38   45.39
000710     45.38   45.39
000711     45.38   45.39
000712     45.38   45.39
000713     45.38   45.38
000714     45.38   45.38
000715     45.38   45.38
000716     45.38   45.38
000717     45.37   45.38
000718     45.37   45.38
000719     45.37   45.38
000720     45.37   45.38
000721     45.37   45.38
000722     45.37   45.38
000723     45.37   45.37
000724     45.37   45.37
000725     45.37   45.37
000726     45.37   45.37
000727     45.37   45.37
000728     45.36   45.37
000729     45.36   45.37
000730     45.36   45.37
000731     45.36   45.37
000732     45.36   45.37
000733     45.36   45.36
000734     45.36   45.36
000735     45.36   45.36
000736     45.36   45.36
000737     45.36   45.36
000738     45.36   45.36
000739     45.35   45.36
000740     45.35   45.36
000741     45.35   45.36
000742     45.35   45.36
000743     45.35   45.36
000744     45.35   45.36
000745     45.35   45.36
000746     45.35   45.36
000747     45.35   45.35
000748     45.35   45.35
000749     45.35   45.35
000750     45.35   45.35
000751     45.34   45.35
000752     45.34   45.35
000753     45.34   45.35
000754     45.34   45.35
000755     45.34   45.35
000756     45.34   45.35
000757     45.34   45.35
000758     45.34   45.34
000759     45.34   45.34
000760     45.34   45.34
000761     45.33   45.34
000762     45.33   45.34
000763     45.33   45.34
000764     45.33   45.34
000765     45.33   45.34
000766     45.33   45.34
000767     45.33   45.34
000768     45.33   45.33
000769     45.33   45.33
000770     45.32   45.33
000771     45.32   45.33
000772     45.32   45.33
000773     45.32   45.33
000774     45.32   45.33
000775     45.32   45.33
000776     45.32   45.33
000777     45.32   45.32
000778     45.31   45.32
000779     45.31   45.32
000780     45.31   45.32
000781     45.31   45.32
000782     45.31   45.32
000783     45.31   45.32
000784     45.31   45.32
000785     45.31   45.32
000786     45.31   45.32
000787     45.31   45.31
000788     45.31   45.31
000789     45.31   45.31
000790     45.30   45.31
000791     45.30   45.31
000792     45.30   45.31
000793     45.30   45.31
000794     45.30   45.31
000795     45.30   45.31
000796     45.30   45.30
000797     45.30   45.30
000798     45.30   45.30
000799     45.29   45.30
000800     45.29   45.30
000801     45.29   45.30
000802     45.29   45.30
000803     45.29   45.30
000804     45.29   45.30
000805     45.29   45.29
000806     45.29   45.29
000807     45.28   45.29
000808     45.28   45.29
000809     45.28   45.29
000810     45.28   45.29
000811     45.28   45.29
000812     45.28   45.29
000813     45.28   45.29
000814     45.28   45.28
000815     45.28   45.28
000816     45.28   45.28
000817     45.28   45.28
000818     45.27   45.28
000819     45.27   45.28
000820     45.27   45.28
000821     45.27   45.28
000822     45.27   45.28
000823     45.27   45.27
000824     45.26   45.27
000825     45.26   45.27
000826     45.26   45.27
000827     45.26   45.27
000828     45.26   45.27
000829     45.26   45.27
000830     45.26   45.27
000831     45.26   45.27
000832     45.26   45.26
000833     45.26   45.26
000834     45.26   45.26
000835     45.25   45.26
000836     45.25   45.26
000837     45.25   45.26
000838     45.25   45.26
000839     45.25   45.26
000840     45.24   45.25
000841     45.24   45.25
000842     45.24   45.25
000843     45.24   45.25
000844     45.24   45.25
000845     45.24   45.25
000846     45.24   45.25
000847     45.24   45.25
000848     45.24   45.24
000849     45.24   45.24
000850     45.23   45.24
000851     45.23   45.24
000852     45.23   45.24
000853     45.23   45.24
000854     45.23   45.23
000855     45.23   45.23
000856     45.22   45.23
000857     45.22   45.23
000858     45.22   45.23
000859     45.22   45.23
000860     45.22   45.23
000861     45.22   45.22
000862     45.22   45.22
000863     45.21   45.22
000864     45.21   45.22
000865     45.21   45.22
000866     45.21   45.22
000867     45.21   45.22
000868     45.21   45.21
000869     45.21   45.21
000870     45.21   45.21
000871     45.20   45.21
000872     45.20   45.21
000873     45.20   45.21
000874     45.20   45.21
000875     45.20   45.21
000876     45.20   45.20
000877     45.20   45.20
000878     45.19   45.20
000879     45.19   45.20
000880     45.19   45.20
000881     45.19   45.20
000882     45.19   45.20
000883     45.18   45.19
000884     45.18   45.19
000885     45.18   45.19
000886     45.18   45.19
000887     45.18   45.19
000888     45.18   45.18
000889     45.18   45.18
000890     45.17   45.18
000891     45.17   45.18
000892     45.17   45.18
000893     45.17   45.18
000894     45.17   45.18
000895     45.17   45.17
000896     45.16   45.17
000897     45.16   45.17
000898     45.16   45.17
000899     45.16   45.17
000900     45.15   45.17
000901     45.15   45.16
000902     45.15   45.16
000903     45.15   45.16
000904     45.15   45.16
000905     45.15   45.16
000906     45.15   45.16
000907     45.14   45.16
000908     45.14   45.16
000909     45.14   45.15
000910     45.14   45.15
000911     45.14   45.15
000912     45.14   45.15
000913     45.14   45.15
000914     45.13   45.14
000915     45.13   45.14
000916     45.13   45.14
000917     45.13   45.14
000918     45.13   45.14
000919     45.13   45.14
000920     45.13   45.14
000921     45.13   45.14
000922     45.13   45.13
000923     45.12   45.13
000924     45.12   45.13
000925     45.12   45.13
000926     45.12   45.13
000927     45.12   45.13
000928     45.11   45.12
000929     45.11   45.12
000930     45.11   45.12
000931     45.11   45.12
000932     45.11   45.12
000933     45.11   45.12
000934     45.11   45.11
000935     45.11   45.11
000936     45.10   45.11
000937     45.10   45.11
000938     45.10   45.11
000939     45.09   45.11
000940     45.09   45.10
000941     45.09   45.10
000942     45.09   45.10
000943     45.09   45.10
000944     45.09   45.10
000945     45.09   45.10
000946     45.09   45.10
000947     45.09   45.09
000948     45.09   45.09
000949     45.08   45.09
000950     45.08   45.09
000951     45.08   45.09
000952     45.08   45.09
000953     45.08   45.09
000954     45.08   45.08
000955     45.07   45.08
000956     45.07   45.08
000957     45.07   45.08
000958     45.07   45.08
000959     45.07   45.08
000960     45.07   45.08
000961     45.07   45.07
000962     45.06   45.07
000963     45.06   45.07
000964     45.06   45.07
000965     45.06   45.07
000966     45.06   45.07
000967     45.05   45.07
000968     45.05   45.06
000969     45.04   45.06
000970     45.04   45.06
000971     45.04   45.06
000972     45.04   45.05
000973     45.04   45.05
000974     45.04   45.05
000975     45.04   45.05
000976     45.04   45.05
000977     45.03   45.04
000978     45.03   45.04
000979     45.03   45.04
000980     45.03   45.04
000981     45.02   45.04
000982     45.02   45.03
000983     45.02   45.03
000984     45.02   45.03
000985     45.01   45.03
000986     45.01   45.03
000987     45.01   45.03
000988     45.01   45.02
000989     45.01   45.02
000990     45.01   45.02
000991     45.01   45.02
000992     45.01   45.02
000993     45.00   45.02
000994     45.00   45.02
000995     45.00   45.01
000996     45.00   45.01
000997     45.00   45.01
000998     45.00   45.01
000999     44.99   45.00
001000     44.99   45.00
001001     44.99   45.00
001001     44.99   45.00
001002     44.99   45.00
001003     44.99   45.00
001004     44.99   45.00
001005     44.98   45.00
001006     44.98   44.99
001007     44.98   44.99
001008     44.98   44.99
001009     44.98   44.99
001010     44.98   44.99
001011     44.97   44.98
001012     44.97   44.98
001013     44.96   44.98
001014     44.96   44.98
001015     44.96   44.97
001016     44.96   44.97
001017     44.96   44.97
001018     44.96   44.97
001019     44.96   44.97
001020     44.95   44.97
001021     44.95   44.96
001022     44.95   44.96
001023     44.95   44.96
001024     44.95   44.96
001025     44.95   44.96
001026     44.95   44.95
001027     44.94   44.95
001028     44.94   44.95
001029     44.94   44.95
001030     44.94   44.95
001031     44.94   44.95
001032     44.94   44.95
001033     44.93   44.95
001034     44.93   44.94
001035     44.93   44.94
001036     44.93   44.94
001037     44.93   44.94
001038     44.93   44.94
001039     44.92   44.94
001040     44.92   44.94
001041     44.92   44.93
001042     44.92   44.93
001043     44.92   44.93
001044     44.91   44.93
001045     44.91   44.93
001046     44.91   44.92
001047     44.91   44.92
001048     44.91   44.92
001049     44.91   44.92
001050     44.90   44.92
001051     44.90   44.91
001052     44.90   44.91
001053     44.90   44.91
001054     44.89   44.91
001055     44.89   44.91
001056     44.89   44.90
001057     44.89   44.90
001058     44.88   44.90
001059     44.88   44.90
001060     44.88   44.90
001061     44.88   44.89
001062     44.88   44.89
001063     44.88   44.89
001064     44.87   44.89
001065     44.87   44.89
001066     44.87   44.88
001067     44.87   44.88
001068     44.87   44.88
001069     44.86   44.88
001070     44.86   44.87
001071     44.86   44.87
001072     44.86   44.87
001073     44.86   44.87
001074     44.85   44.87
001075     44.85   44.86
001076     44.85   44.86
001077     44.85   44.86
001078     44.84   44.86
001079     44.84   44.85
001080     44.84   44.85
001081     44.84   44.85
001082     44.84   44.85
001083     44.84   44.85
001084     44.84   44.85
001085     44.83   44.85
001086     44.83   44.84
001087     44.83   44.84
001088     44.83   44.84
001089     44.83   44.84
001090     44.83   44.84
001091     44.82   44.84
001092     44.82   44.83
001093     44.82   44.83
001094     44.82   44.83
001095     44.81   44.83
001096     44.81   44.82
001097     44.80   44.82
001098     44.80   44.82
001099     44.79   44.82
001100     44.79   44.81
001101     44.79   44.81
001102     44.79   44.81
001103     44.79   44.81
001104     44.79   44.81
001105     44.79   44.80
001106     44.79   44.80
001107     44.78   44.80
001108     44.78   44.79
001109     44.78   44.79
001110     44.78   44.79
001111     44.77   44.79
001112     44.77   44.79
001113     44.77   44.79
001114     44.77   44.78
001115     44.77   44.78
001116     44.77   44.78
001117     44.77   44.78
001118     44.76   44.78
001119     44.76   44.77
001120     44.76   44.77
001121     44.76   44.77
001122     44.75   44.77
001123     44.75   44.77
001124     44.75   44.76
001125     44.75   44.76
001126     44.75   44.76
001127     44.75   44.76
001128     44.74   44.76
001129     44.74   44.76
001130     44.74   44.76
001131     44.74   44.75
001132     44.74   44.75
001133     44.73   44.75
001134     44.73   44.75
001135     44.72   44.74
001136     44.72   44.74
001137     44.72   44.74
001138     44.72   44.73
001139     44.72   44.73
001140     44.71   44.73
001141     44.71   44.72
001142     44.71   44.72
001143     44.71   44.72
001144     44.70   44.72
001145     44.69   44.71
001146     44.69   44.71
001147     44.69   44.71
001148     44.69   44.71
001149     44.69   44.70
001150     44.69   44.70
001151     44.69   44.70
001152     44.68   44.70
001153     44.67   44.69
001154     44.67   44.69
001155     44.67   44.69
001156     44.67   44.68
001157     44.67   44.68
001158     44.67   44.68
001159     44.67   44.68
001160     44.66   44.68
001161     44.66   44.67
001162     44.66   44.67
001163     44.66   44.67
001164     44.66   44.67
001165     44.66   44.67
001166     44.65   44.66
001167     44.65   44.66
001168     44.65   44.66
001169     44.65   44.66
001170     44.65   44.66
001171     44.65   44.66
001172     44.64   44.66
001173     44.64   44.65
001174     44.64   44.65
001175     44.63   44.65
001176     44.63   44.65
001177     44.63   44.65
001178     44.63   44.64
001179     44.63   44.64
001180     44.62   44.64
001181     44.62   44.64
001182     44.62   44.63
001183     44.61   44.63
001184     44.61   44.63
001185     44.61   44.62
001186     44.61   44.62
001187     44.61   44.62
001188     44.60   44.62
001189     44.60   44.62
001190     44.60   44.61
001191     44.59   44.61
001192     44.59   44.61
001193     44.59   44.60
001194     44.58   44.60
001195     44.58   44.60
001196     44.58   44.60
001197     44.58   44.59
001198     44.58   44.59
001199     44.58   44.59
001200     44.57   44.59
001201     44.57   44.58
001202     44.57   44.58
001203     44.57   44.58
001204     44.56   44.58
001205     44.56   44.58
001206     44.56   44.57
001207     44.56   44.57
001208     44.55   44.57
001209     44.55   44.57
001210     44.55   44.57
001211     44.55   44.56
001212     44.54   44.56
001213     44.54   44.56
001214     44.54   44.56
001215     44.54   44.55
001216     44.54   44.55
001217     44.53   44.55
001218     44.53   44.55
001219     44.53   44.55
001220     44.53   44.55
001221     44.53   44.54
001222     44.53   44.54
001223     44.53   44.54
001224     44.52   44.54
001225     44.52   44.54
001226     44.52   44.54
001227     44.51   44.53
001228     44.51   44.53
001229     44.51   44.53
001230     44.51   44.53
001231     44.51   44.52
001232     44.51   44.52
001233     44.50   44.52
001234     44.50   44.52
001235     44.50   44.51
001236     44.50   44.51
001237     44.49   44.51
001238     44.49   44.51
001239     44.49   44.51
001240     44.49   44.50
001241     44.49   44.50
001242     44.48   44.50
001243     44.48   44.50
001244     44.48   44.49
001245     44.47   44.49
001246     44.47   44.49
001247     44.47   44.49
001248     44.47   44.48
001249     44.47   44.48
001250     44.47   44.48
001251     44.46   44.48
001252     44.46   44.48
001253     44.46   44.47
001254     44.46   44.47
001255     44.45   44.47
001256     44.45   44.47
001257     44.45   44.47
001258     44.44   44.46
001259     44.44   44.46
001260     44.44   44.46
001261     44.43   44.45
001262     44.43   44.45
001263     44.43   44.45
001264     44.43   44.45
001265     44.43   44.44
001266     44.42   44.44
001267     44.41   44.44
001268     44.41   44.43
001269     44.41   44.43
001270     44.41   44.43
001271     44.41   44.42
001272     44.41   44.42
001273     44.40   44.42
001274     44.40   44.42
001275     44.40   44.41
001276     44.40   44.41
001277     44.40   44.41
001278     44.39   44.41
001279     44.39   44.41
001280     44.39   44.40
001281     44.39   44.40
001282     44.39   44.40
001283     44.38   44.40
001284     44.37   44.40
001285     44.37   44.40
001286     44.37   44.40
001287     44.37   44.39
001288     44.37   44.39
001289     44.36   44.39
001290     44.36   44.39
001291     44.36   44.38
001292     44.36   44.38
001293     44.36   44.38
001294     44.35   44.38
001295     44.35   44.37
001296     44.35   44.37
001297     44.35   44.37
001298     44.35   44.36
001299     44.35   44.36
001300     44.34   44.36
001301     44.34   44.36
001302     44.34   44.36
001303     44.34   44.36
001304     44.34   44.35
001305     44.34   44.35
001306     44.34   44.35
001307     44.33   44.35
001308     44.33   44.35
001309     44.33   44.35
001310     44.33   44.34
001311     44.33   44.34
001312     44.32   44.34
001313     44.32   44.34
001314     44.32   44.34
001315     44.32   44.34
001316     44.32   44.34
001317     44.32   44.33
001318     44.31   44.33
001319     44.31   44.33
001320     44.30   44.32
001321     44.30   44.32
001322     44.30   44.32
001323     44.30   44.32
001324     44.29   44.32
001325     44.29   44.31
001326     44.29   44.31
001327     44.29   44.31
001328     44.28   44.31
001329     44.28   44.30
001330     44.28   44.30
001331     44.28   44.30
001332     44.28   44.30
001333     44.28   44.29
001334     44.28   44.29
001335     44.28   44.29
001336     44.27   44.29
001337     44.27   44.29
001338     44.27   44.29
001339     44.27   44.28
001340     44.27   44.28
001341     44.27   44.28
001342     44.26   44.28
001343     44.26   44.28
001344     44.26   44.28
001345     44.26   44.27
001346     44.25   44.27
001347     44.25   44.27
001348     44.25   44.27
001349     44.25   44.27
001350     44.25   44.27
001351     44.25   44.26
001352     44.24   44.26
001353     44.24   44.26
001354     44.24   44.26
001355     44.24   44.26
001356     44.24   44.26
001357     44.24   44.25
001358     44.23   44.25
001359     44.23   44.25
001360     44.23   44.25
001361     44.22   44.24
001362     44.22   44.24
001363     44.22   44.24
001364     44.22   44.24
001365     44.22   44.24
001366     44.22   44.24
001367     44.22   44.24
001368     44.22   44.24
001369     44.22   44.23
001370     44.22   44.23
001371     44.21   44.23
001372     44.21   44.23
001373     44.21   44.22
001374     44.21   44.22
001375     44.21   44.22
001376     44.21   44.22
001377     44.20   44.22
001378     44.20   44.22
001379     44.20   44.21
001380     44.19   44.21
001381     44.19   44.21
001382     44.19   44.21
001383     44.19   44.20
001384     44.19   44.20
001385     44.19   44.20
001386     44.18   44.20
001387     44.18   44.20
001388     44.18   44.20
001389     44.18   44.19
001390     44.18   44.19
001391     44.18   44.19
001392     44.17   44.19
001393     44.17   44.19
001394     44.16   44.19
001395     44.16   44.18
001396     44.16   44.18
001397     44.16   44.18
001398     44.16   44.18
001399     44.16   44.18
001400     44.16   44.18
001401     44.16   44.18
001402     44.16   44.17
001403     44.15   44.17
001404     44.15   44.17
001405     44.15   44.17
001406     44.15   44.16
001407     44.15   44.16
001408     44.15   44.16
001409     44.15   44.16
001410     44.14   44.16
001411     44.14   44.15
001412     44.14   44.15
001413     44.14   44.15
001414     44.13   44.15
001415     44.13   44.15
001416     44.13   44.15
001417     44.13   44.15
001418     44.13   44.14
001419     44.13   44.14
001420     44.13   44.14
001421     44.12   44.14
001422     44.12   44.14
001423     44.12   44.14
001424     44.12   44.14
001425     44.12   44.13
001426     44.12   44.13
001427     44.12   44.13
001428     44.11   44.13
001429     44.11   44.13
001430     44.11   44.12
001431     44.11   44.12
001432     44.10   44.12
001433     44.10   44.12
001434     44.10   44.12
001435     44.10   44.12
001436     44.10   44.12
001437     44.10   44.11
001438     44.09   44.11
001439     44.09   44.11
001440     44.09   44.11
001441     44.09   44.11
001442     44.09   44.10
001443     44.09   44.10
001444     44.08   44.10
001445     44.08   44.10
001446     44.08   44.10
001447     44.08   44.09
001448     44.07   44.09
001449     44.07   44.09
001450     44.07   44.09
001451     44.07   44.09
001452     44.07   44.09
001453     44.07   44.09
001454     44.07   44.09
001455     44.07   44.09
001456     44.06   44.08
001457     44.06   44.08
001458     44.06   44.08
001459     44.06   44.08
001460     44.06   44.08
001461     44.06   44.08
001462     44.06   44.07
001463     44.06   44.07
001464     44.06   44.07
001465     44.05   44.07
001466     44.05   44.07
001467     44.05   44.07
001468     44.05   44.07
001469     44.05   44.06
001470     44.05   44.06
001471     44.04   44.06
001472     44.04   44.06
001473     44.04   44.06
001474     44.04   44.05
001475     44.04   44.05
001476     44.04   44.05
001477     44.03   44.05
001478     44.03   44.05
001479     44.03   44.05
001480     44.03   44.05
001481     44.03   44.05
001482     44.03   44.04
001483     44.03   44.04
001484     44.03   44.04
001485     44.03   44.04
001486     44.02   44.04
001487     44.02   44.04
001488     44.02   44.04
001489     44.01   44.03
001490     44.01   44.03
001491     44.01   44.03
001492     44.01   44.03
001493     44.01   44.02
001494     44.01   44.02
001495     44.01   44.02
001496     44.00   44.02
001497     44.00   44.02
001498     44.00   44.02
001499     44.00   44.02
001500     44.00   44.02
001501     44.00   44.01
001502     44.00   44.01
001503     43.99   44.01
001504     43.99   44.01
001505     43.99   44.01
001506     43.99   44.01
001507     43.99   44.01
001508     43.99   44.00
001509     43.99   44.00
001510     43.98   44.00
001511     43.98   44.00
001512     43.98   44.00
001513     43.98   43.99
001514     43.97   43.99
001515     43.97   43.99
001516     43.97   43.99
001517     43.97   43.99
001518     43.97   43.98
001519     43.97   43.98
001520     43.97   43.98
001521     43.97   43.98
001522     43.96   43.98
001523     43.96   43.98
001524     43.96   43.97
001525     43.96   43.97
001526     43.96   43.97
001527     43.96   43.97
001528     43.96   43.97
001529     43.95   43.97
001530     43.95   43.97
001531     43.95   43.96
001532     43.95   43.96
001533     43.95   43.96
001534     43.94   43.96
001535     43.94   43.96
001536     43.94   43.96
001537     43.94   43.96
001538     43.94   43.96
001539     43.94   43.95
001540     43.94   43.95
001541     43.94   43.95
001542     43.94   43.95
001543     43.94   43.95
001544     43.94   43.95
001545     43.93   43.95
001546     43.93   43.95
001547     43.93   43.95
001548     43.93   43.94
001549     43.93   43.94
001550     43.93   43.94
001551     43.93   43.94
001552     43.93   43.94
001553     43.93   43.94
001554     43.92   43.93
001555     43.92   43.93
001556     43.92   43.93
001557     43.91   43.93
001558     43.91   43.93
001559     43.91   43.93
001560     43.91   43.93
001561     43.91   43.93
001562     43.91   43.92
001563     43.91   43.92
001564     43.91   43.92
001565     43.91   43.92
001566     43.90   43.92
001567     43.90   43.91
001568     43.90   43.91
001569     43.90   43.91
001570     43.90   43.91
001571     43.90   43.91
001572     43.89   43.91
001573     43.88   43.91
001574     43.88   43.90
001575     43.88   43.90
001576     43.88   43.90
001577     43.88   43.90
001578     43.88   43.89
001579     43.88   43.89
001580     43.88   43.89
001581     43.88   43.89
001582     43.87   43.89
001583     43.87   43.89
001584     43.86   43.88
001585     43.86   43.88
001586     43.86   43.88
001587     43.86   43.88
001588     43.86   43.88
001589     43.86   43.88
001590     43.86   43.88
001591     43.86   43.88
001592     43.86   43.88
001593     43.86   43.87
001594     43.86   43.87
001595     43.86   43.87
001596     43.85   43.87
001597     43.85   43.87
001598     43.85   43.87
001599     43.85   43.86
001600     43.85   43.86
001601     43.85   43.86
001602     43.84   43.86
001603     43.84   43.86
001604     43.84   43.86
001605     43.84   43.86
001606     43.84   43.86
001607     43.84   43.85
001608     43.84   43.85
001609     43.84   43.85
001610     43.83   43.85
001611     43.83   43.85
001612     43.83   43.84
001613     43.83   43.84
001614     43.83   43.84
001615     43.83   43.84
001616     43.82   43.84
001617     43.82   43.84
001618     43.82   43.83
001619     43.82   43.83
001620     43.82   43.83
001621     43.82   43.83
001622     43.82   43.83
001623     43.81   43.83
001624     43.81   43.83
001625     43.81   43.83
001626     43.81   43.83
001627     43.81   43.83
001628     43.81   43.82
001629     43.81   43.82
001630     43.80   43.82
001631     43.80   43.82
001632     43.80   43.82
001633     43.80   43.82
001634     43.80   43.81
001635     43.80   43.81
001636     43.80   43.81
001637     43.79   43.81
001638     43.79   43.81
001639     43.79   43.81
001640     43.79   43.80
001641     43.79   43.80
001642     43.79   43.80
001643     43.79   43.80
001644     43.79   43.80
001645     43.79   43.80
001646     43.79   43.80
001647     43.79   43.80
001648     43.79   43.80
001649     43.79   43.80
001650     43.78   43.80
001651     43.78   43.80
001652     43.78   43.80
001653     43.78   43.79
001654     43.78   43.79
001655     43.78   43.79
001656     43.77   43.79
001657     43.77   43.79
001658     43.77   43.79
001659     43.77   43.79
001660     43.76   43.78
001661     43.76   43.78
001662     43.76   43.78
001663     43.76   43.78
001664     43.76   43.78
001665     43.76   43.78
001666     43.76   43.78
001667     43.76   43.77
001668     43.76   43.77
001669     43.76   43.77
001670     43.75   43.77
001671     43.75   43.77
001672     43.75   43.76
001673     43.75   43.76
001674     43.75   43.76
001675     43.75   43.76
001676     43.74   43.76
001677     43.74   43.76
001678     43.74   43.76
001679     43.74   43.75
001680     43.74   43.75
001681     43.74   43.75
001682     43.73   43.75
001683     43.73   43.75
001684     43.73   43.75
001685     43.73   43.75
001686     43.73   43.75
001687     43.73   43.75
001688     43.73   43.74
001689     43.73   43.74
001690     43.73   43.74
001691     43.73   43.74
001692     43.72   43.74
001693     43.72   43.74
001694     43.72   43.74
001695     43.72   43.73
001696     43.72   43.73
001697     43.72   43.73
001698     43.71   43.73
001699     43.71   43.73
001700     43.71   43.73
001701     43.71   43.73
001702     43.71   43.72
001703     43.70   43.72
001704     43.70   43.72
001705     43.70   43.72
001706     43.70   43.72
001707     43.70   43.72
001708     43.70   43.71
001709     43.70   43.71
001710     43.70   43.71
001711     43.69   43.71
001712     43.69   43.71
001713     43.69   43.71
001714     43.69   43.71
001715     43.69   43.71
001716     43.69   43.70
001717     43.69   43.70
001718     43.68   43.70
001719     43.68   43.70
001720     43.68   43.70
001721     43.68   43.70
001722     43.68   43.70
001723     43.68   43.69
001724     43.68   43.69
001725     43.68   43.69
001726     43.67   43.69
001727     43.67   43.69
001728     43.67   43.69
001729     43.67   43.69
001730     43.67   43.69
001731     43.67   43.69
001732     43.67   43.69
001733     43.67   43.68
001734     43.66   43.68
001735     43.66   43.68
001736     43.66   43.68
001737     43.66   43.68
001738     43.66   43.67
001739     43.66   43.67
001740     43.66   43.67
001741     43.66   43.67
001742     43.66   43.67
001743     43.66   43.67
001744     43.66   43.67
001745     43.65   43.67
001746     43.65   43.67
001747     43.65   43.66
001748     43.65   43.66
001749     43.65   43.66
001750     43.64   43.66
001751     43.64   43.66
001752     43.64   43.66
001753     43.64   43.66
001754     43.64   43.66
001755     43.64   43.66
001756     43.64   43.66
001757     43.63   43.65
001758     43.63   43.65
001759     43.63   43.65
001760     43.63   43.65
001761     43.63   43.65
001762     43.63   43.65
001763     43.63   43.65
001764     43.63   43.65
001765     43.63   43.64
001766     43.63   43.64
001767     43.62   43.64
001768     43.62   43.64
001769     43.62   43.64
001770     43.62   43.63
001771     43.62   43.63
001772     43.61   43.63
001773     43.61   43.63
001774     43.61   43.63
001775     43.61   43.63
001776     43.61   43.62
001777     43.61   43.62
001778     43.60   43.62
001779     43.60   43.62
001780     43.60   43.62
001781     43.60   43.62
001782     43.60   43.61
001783     43.60   43.61
001784     43.59   43.61
001785     43.59   43.61
001786     43.59   43.61
001787     43.59   43.61
001788     43.59   43.61
001789     43.59   43.61
001790     43.59   43.60
001791     43.59   43.60
001792     43.59   43.60
001793     43.58   43.60
001794     43.58   43.60
001795     43.58   43.60
001796     43.58   43.60
001797     43.58   43.60
001798     43.58   43.60
001799     43.58   43.60
001800     43.58   43.60
001801     43.58   43.59
001802     43.58   43.59
001803     43.58   43.59
001804     43.58   43.59
001805     43.57   43.59
001806     43.57   43.59
001807     43.57   43.59
001808     43.57   43.59
001809     43.57   43.58
001810     43.57   43.58
001811     43.57   43.58
001812     43.56   43.58
001813     43.56   43.58
001814     43.56   43.58
001815     43.56   43.58
001816     43.56   43.58
001817     43.56   43.58
001818     43.56   43.58
001819     43.56   43.57
001820     43.56   43.57
001821     43.56   43.57
001822     43.55   43.57
001823     43.55   43.57
001824     43.55   43.57
001825     43.55   43.57
001826     43.55   43.57
001827     43.55   43.57
001828     43.55   43.57
001829     43.55   43.56
001830     43.55   43.56
001831     43.55   43.56
001832     43.54   43.56
001833     43.54   43.56
001834     43.54   43.56
001835     43.54   43.56
001836     43.54   43.56
001837     43.54   43.56
001838     43.54   43.55
001839     43.54   43.55
001840     43.54   43.55
001841     43.54   43.55
001842     43.54   43.55
001843     43.54   43.55
001844     43.53   43.55
001845     43.53   43.55
001846     43.53   43.55
001847     43.53   43.55
001848     43.53   43.55
001849     43.53   43.54
001850     43.53   43.54
001851     43.53   43.54
001852     43.52   43.54
001853     43.52   43.54
001854     43.52   43.54
001855     43.52   43.54
001856     43.52   43.54
001857     43.52   43.54
001858     43.52   43.54
001859     43.52   43.53
001860     43.52   43.53
001861     43.52   43.53
001862     43.51   43.53
001863     43.51   43.53
001864     43.51   43.53
001865     43.51   43.53
001866     43.51   43.53
001867     43.51   43.53
001868     43.51   43.53
001869     43.51   43.52
001870     43.51   43.52
001871     43.51   43.52
001872     43.51   43.52
001873     43.51   43.52
001874     43.51   43.52
001875     43.50   43.52
001876     43.50   43.52
001877     43.50   43.52
001878     43.50   43.52
001879     43.50   43.52
001880     43.50   43.51
001881     43.50   43.51
001882     43.50   43.51
001883     43.50   43.51
001884     43.49   43.51
001885     43.49   43.51
001886     43.49   43.51
001887     43.49   43.51
001888     43.49   43.51
001889     43.49   43.50
001890     43.49   43.50
001891     43.49   43.50
001892     43.49   43.50
001893     43.48   43.50
001894     43.48   43.50
001895     43.48   43.50
001896     43.48   43.50
001897     43.48   43.49
001898     43.47   43.49
001899     43.47   43.49
001900     43.47   43.49
001901     43.47   43.49
001902     43.47   43.49
001903     43.47   43.49
001904     43.47   43.49
001905     43.47   43.49
001906     43.47   43.49
001907     43.47   43.48
001908     43.47   43.48
001909     43.47   43.48
001910     43.47   43.48
001911     43.46   43.48
001912     43.45   43.48
001913     43.45   43.48
001914     43.45   43.47
001915     43.45   43.47
001916     43.45   43.47
001917     43.45   43.47
001918     43.45   43.47
001919     43.45   43.47
001920     43.45   43.47
001921     43.45   43.47
001922     43.45   43.47
001923     43.45   43.47
001924     43.45   43.47
001925     43.45   43.47
001926     43.45   43.46
001927     43.45   43.46
001928     43.45   43.46
001929     43.45   43.46
001930     43.45   43.46
001931     43.44   43.46
001932     43.44   43.46
001933     43.44   43.46
001934     43.44   43.45
001935     43.44   43.45
001936     43.44   43.45
001937     43.44   43.45
001938     43.44   43.45
001939     43.44   43.45
001940     43.44   43.45
001941     43.44   43.45
001942     43.43   43.45
001943     43.43   43.44
001944     43.43   43.44
001945     43.43   43.44
001946     43.43   43.44
001947     43.43   43.44
001948     43.42   43.44
001949     43.42   43.44
001950     43.42   43.44
001951     43.42   43.44
001952     43.42   43.44
001953     43.42   43.43
001954     43.42   43.43
001955     43.42   43.43
001956     43.42   43.43
001957     43.42   43.43
001958     43.42   43.43
001959     43.42   43.43
001960     43.41   43.43
001961     43.41   43.43
001962     43.41   43.43
001963     43.41   43.43
001964     43.41   43.43
001965     43.41   43.43
001966     43.41   43.42
001967     43.41   43.42
001968     43.41   43.42
001969     43.41   43.42
001970     43.41   43.42
001971     43.41   43.42
001972     43.40   43.42
001973     43.40   43.42
001974     43.40   43.42
001975     43.40   43.42
001976     43.40   43.41
001977     43.40   43.42
001978     43.40   43.41
001979     43.40   43.41
001980     43.40   43.41
001981     43.40   43.41
001982     43.40   43.41
001983     43.39   43.41
001984     43.39   43.41
001985     43.39   43.41
001986     43.39   43.41
001987     43.39   43.40
001988     43.39   43.40
001989     43.39   43.40
001990     43.39   43.40
001991     43.39   43.40
001992     43.38   43.40
001993     43.38   43.40
001994     43.38   43.40
001995     43.38   43.40
001996     43.38   43.40
001997     43.38   43.39
001998     43.38   43.39
001999     43.38   43.39
002000     43.37   43.39
002001     43.37   43.39
002001     43.37   43.39
002002     43.37   43.39
002003     43.37   43.39
002004     43.37   43.39
002005     43.37   43.39
002006     43.37   43.39
002007     43.37   43.39
002008     43.37   43.39
002009     43.37   43.38
002010     43.37   43.38
002011     43.37   43.38
002012     43.37   43.38
002013     43.37   43.38
002014     43.37   43.38
002015     43.37   43.38
002016     43.37   43.38
002017     43.37   43.38
002018     43.36   43.38
002019     43.36   43.38
002020     43.36   43.38
002021     43.36   43.38
002022     43.36   43.38
002023     43.36   43.38
002024     43.36   43.37
002025     43.36   43.37
002026     43.36   43.37
002027     43.36   43.37
002028     43.36   43.37
002029     43.35   43.37
002030     43.35   43.37
002031     43.35   43.37
002032     43.35   43.37
002033     43.35   43.37
002034     43.35   43.37
002035     43.35   43.37
002036     43.35   43.36
002037     43.35   43.36
002038     43.35   43.36
002039     43.34   43.36
002040     43.34   43.36
002041     43.34   43.36
002042     43.34   43.36
002043     43.34   43.36
002044     43.34   43.36
002045     43.34   43.35
002046     43.34   43.35
002047     43.34   43.35
002048     43.34   43.35
002049     43.34   43.35
002050     43.33   43.35
002051     43.33   43.35
002052     43.33   43.35
002053     43.33   43.35
002054     43.33   43.35
002055     43.33   43.35
002056     43.33   43.34
002057     43.33   43.34
002058     43.33   43.34
002059     43.32   43.34
002060     43.32   43.34
002061     43.32   43.34
002062     43.32   43.33
002063     43.32   43.33
002064     43.32   43.33
002065     43.32   43.33
002066     43.31   43.33
002067     43.31   43.32
002068     43.31   43.32
002069     43.31   43.32
002070     43.31   43.32
002071     43.31   43.32
002072     43.30   43.32
002073     43.30   43.32
002074     43.30   43.32
002075     43.30   43.32
002076     43.30   43.32
002077     43.30   43.32
002078     43.30   43.32
002079     43.30   43.31
002080     43.29   43.31
002081     43.29   43.31
002082     43.29   43.31
002083     43.28   43.31
002084     43.28   43.30
002085     43.28   43.30
002086     43.28   43.30
002087     43.28   43.30
002088     43.28   43.30
002089     43.28   43.29
002090     43.28   43.29
002091     43.28   43.29
002092     43.27   43.29
002093     43.27   43.29
002094     43.27   43.29
002095     43.27   43.29
002096     43.27   43.29
002097     43.27   43.29
002098     43.27   43.29
002099     43.27   43.29
002100     43.27   43.29
002101     43.27   43.29
002102     43.27   43.28
002103     43.27   43.28
002104     43.27   43.28
002105     43.27   43.28
002106     43.27   43.28
002107     43.26   43.28
002108     43.26   43.28
002109     43.26   43.28
002110     43.26   43.28
002111     43.26   43.27
002112     43.26   43.27
002113     43.26   43.27
002114     43.25   43.27
002115     43.25   43.27
002116     43.25   43.27
002117     43.25   43.27
002118     43.25   43.26
002119     43.25   43.26
002120     43.25   43.27
002121     43.25   43.26
002122     43.25   43.26
002123     43.25   43.26
002124     43.25   43.26
002125     43.25   43.26
002126     43.25   43.26
002127     43.25   43.26
002128     43.25   43.26
002129     43.25   43.26
002130     43.25   43.26
002131     43.24   43.26
002132     43.24   43.26
002133     43.24   43.26
002134     43.24   43.26
002135     43.24   43.26
002136     43.24   43.26
002137     43.24   43.25
002138     43.24   43.25
002139     43.24   43.25
002140     43.23   43.25
002141     43.23   43.25
002142     43.23   43.25
002143     43.23   43.24
002144     43.23   43.24
002145     43.22   43.25
002146     43.22   43.24
002147     43.22   43.24
002148     43.22   43.24
002149     43.22   43.24
002150     43.22   43.23
002151     43.22   43.23
002152     43.22   43.23
002153     43.22   43.23
002154     43.22   43.23
002155     43.22   43.23
002156     43.22   43.23
002157     43.21   43.23
002158     43.21   43.22
002159     43.21   43.22
002160     43.21   43.22
002161     43.21   43.22
002162     43.21   43.22
002163     43.21   43.22
002164     43.21   43.22
002165     43.21   43.22
002166     43.20   43.22
002167     43.20   43.22
002168     43.20   43.21
002169     43.20   43.21
002170     43.20   43.21
002171     43.20   43.21
002172     43.20   43.21
002173     43.20   43.21
002174     43.19   43.21
002175     43.19   43.21
002176     43.19   43.21
002177     43.19   43.21
002178     43.19   43.21
002179     43.19   43.21
002180     43.19   43.20
002181     43.19   43.20
002182     43.18   43.20
002183     43.18   43.20
002184     43.18   43.20
002185     43.18   43.20
002186     43.18   43.19
002187     43.17   43.19
002188     43.17   43.19
002189     43.17   43.19
002190     43.17   43.19
002191     43.17   43.18
002192     43.17   43.18
002193     43.17   43.18
002194     43.17   43.18
002195     43.16   43.18
002196     43.16   43.18
002197     43.16   43.18
002198     43.16   43.17
002199     43.15   43.17
002200     43.15   43.17
002201     43.15   43.17
002202     43.15   43.17
002203     43.15   43.17
002204     43.15   43.17
002205     43.15   43.16
002206     43.15   43.16
002207     43.15   43.16
002208     43.15   43.16
002209     43.15   43.16
002210     43.14   43.16
002211     43.14   43.16
002212     43.14   43.16
002213     43.14   43.15
002214     43.14   43.15
002215     43.14   43.15
002216     43.14   43.15
002217     43.13   43.15
002218     43.13   43.15
002219     43.13   43.14
002220     43.12   43.14
002221     43.12   43.14
002222     43.12   43.14
002223     43.12   43.14
002224     43.12   43.14
002225     43.12   43.13
002226     43.12   43.13
002227     43.12   43.13
002228     43.12   43.13
002229     43.11   43.13
002230     43.11   43.13
002231     43.11   43.13
002232     43.11   43.13
002233     43.11   43.13
002234     43.11   43.12
002235     43.10   43.12
002236     43.10   43.12
002237     43.10   43.12
002238     43.10   43.12
002239     43.10   43.12
002240     43.10   43.12
002241     43.09   43.11
002242     43.09   43.11
002243     43.09   43.11
002244     43.09   43.11
002245     43.09   43.11
002246     43.09   43.11
002247     43.09   43.10
002248     43.09   43.10
002249     43.09   43.10
002250     43.09   43.10
002251     43.09   43.10
002252     43.08   43.10
002253     43.08   43.10
002254     43.08   43.10
002255     43.08   43.10
002256     43.08   43.10
002257     43.08   43.10
002258     43.08   43.09
002259     43.07   43.09
002260     43.07   43.09
002261     43.07   43.09
002262     43.07   43.09
002263     43.07   43.08
002264     43.07   43.08
002265     43.07   43.08
002266     43.07   43.08
002267     43.06   43.08
002268     43.06   43.08
002269     43.06   43.08
002270     43.06   43.07
002271     43.06   43.07
002272     43.05   43.07
002273     43.05   43.07
002274     43.05   43.07
002275     43.05   43.07
002276     43.05   43.07
002277     43.05   43.06
002278     43.05   43.06
002279     43.05   43.07
002280     43.05   43.06
002281     43.05   43.06
002282     43.05   43.06
002283     43.04   43.06
002284     43.04   43.06
002285     43.04   43.06
002286     43.04   43.06
002287     43.04   43.06
002288     43.04   43.05
002289     43.03   43.05
002290     43.03   43.05
002291     43.03   43.05
002292     43.03   43.05
002293     43.03   43.04
002294     43.03   43.05
002295     43.03   43.04
002296     43.03   43.04
002297     43.03   43.04
002298     43.02   43.04
002299     43.02   43.04
002300     43.02   43.04
002301     43.01   43.04
002302     43.01   43.03
002303     43.01   43.03
002304     43.01   43.03
002305     43.01   43.03
002306     43.01   43.03
002307     43.01   43.03
002308     43.01   43.03
002309     43.01   43.03
002310     43.01   43.03
002311     43.01   43.03
002312     43.01   43.02
002313     43.01   43.02
002314     43.01   43.02
002315     43.00   43.02
002316     43.00   43.02
002317     43.00   43.02
002318     43.00   43.02
002319     43.00   43.02
002320     43.00   43.02
002321     43.00   43.02
002322     43.00   43.02
002323     43.00   43.01
002324     43.00   43.01
002325     42.99   43.01
002326     42.99   43.01
002327     42.99   43.01
002328     42.99   43.01
002329     42.99   43.01
002330     42.99   43.00
002331     42.99   43.00
002332     42.99   43.00
002333     42.99   43.00
002334     42.98   43.00
002335     42.98   43.00
002336     42.98   42.99
002337     42.98   42.99
002338     42.98   42.99
002339     42.98   42.99
002340     42.98   42.99
002341     42.98   42.99
002342     42.98   42.99
002343     42.97   42.99
002344     42.97   42.99
002345     42.97   42.99
002346     42.97   42.99
002347     42.97   42.99
002348     42.97   42.99
002349     42.97   42.99
002350     42.97   42.98
002351     42.97   42.98
002352     42.97   42.98
002353     42.96   42.98
002354     42.96   42.98
002355     42.96   42.98
002356     42.96   42.98
002357     42.96   42.97
002358     42.96   42.97
002359     42.95   42.97
002360     42.95   42.97
002361     42.95   42.97
002362     42.95   42.97
002363     42.95   42.97
002364     42.94   42.96
002365     42.94   42.96
002366     42.94   42.96
002367     42.94   42.96
002368     42.94   42.96
002369     42.94   42.96
002370     42.94   42.95
002371     42.93   42.95
002372     42.93   42.95
002373     42.93   42.95
002374     42.93   42.95
002375     42.93   42.95
002376     42.93   42.95
002377     42.93   42.95
002378     42.93   42.95
002379     42.93   42.95
002380     42.93   42.94
002381     42.93   42.94
002382     42.92   42.94
002383     42.92   42.94
002384     42.92   42.94
002385     42.92   42.94
002386     42.92   42.93
002387     42.92   42.94
002388     42.92   42.93
002389     42.92   42.93
002390     42.91   42.93
002391     42.91   42.93
002392     42.91   42.93
002393     42.91   42.92
002394     42.91   42.92
002395     42.91   42.92
002396     42.91   42.92
002397     42.91   42.92
002398     42.90   42.92
002399     42.90   42.92
002400     42.89   42.91
002401     42.88   42.91
002402     42.88   42.91
002403     42.88   42.91
002404     42.88   42.90
002405     42.88   42.90
002406     42.88   42.90
002407     42.88   42.90
002408     42.88   42.90
002409     42.88   42.89
002410     42.87   42.89
002411     42.87   42.89
002412     42.87   42.89
002413     42.87   42.89
002414     42.86   42.88
002415     42.86   42.88
002416     42.86   42.88
002417     42.86   42.88
002418     42.86   42.88
002419     42.86   42.88
002420     42.86   42.88
002421     42.86   42.88
002422     42.85   42.87
002423     42.85   42.87
002424     42.85   42.87
002425     42.85   42.87
002426     42.85   42.87
002427     42.85   42.87
002428     42.85   42.87
002429     42.85   42.87
002430     42.85   42.87
002431     42.85   42.86
002432     42.85   42.86
002433     42.85   42.86
002434     42.84   42.86
002435     42.84   42.86
002436     42.84   42.86
002437     42.84   42.86
002438     42.84   42.86
002439     42.83   42.85
002440     42.83   42.85
002441     42.83   42.85
002442     42.83   42.85
002443     42.82   42.85
002444     42.82   42.85
002445     42.82   42.84
002446     42.82   42.84
002447     42.82   42.84
002448     42.82   42.84
002449     42.82   42.84
002450     42.82   42.84
002451     42.81   42.83
002452     42.81   42.83
002453     42.81   42.83
002454     42.81   42.83
002455     42.80   42.83
002456     42.80   42.83
002457     42.80   42.83
002458     42.80   42.83
002459     42.80   42.82
002460     42.80   42.82
002461     42.80   42.82
002462     42.80   42.82
002463     42.79   42.81
002464     42.79   42.81
002465     42.79   42.81
002466     42.79   42.81
002467     42.79   42.81
002468     42.79   42.81
002469     42.79   42.81
002470     42.79   42.80
002471     42.79   42.80
002472     42.79   42.80
002473     42.78   42.80
002474     42.77   42.80
002475     42.77   42.79
002476     42.77   42.79
002477     42.77   42.79
002478     42.77   42.79
002479     42.77   42.79
002480     42.77   42.79
002481     42.77   42.78
002482     42.77   42.78
002483     42.76   42.78
002484     42.76   42.78
002485     42.76   42.78
002486     42.76   42.78
002487     42.75   42.77
002488     42.75   42.77
002489     42.75   42.77
002490     42.75   42.77
002491     42.75   42.77
002492     42.75   42.77
002493     42.74   42.76
002494     42.74   42.76
002495     42.74   42.76
002496     42.74   42.76
002497     42.74   42.76
002498     42.73   42.75
002499     42.73   42.75
002500     42.73   42.75
002501     42.73   42.75
002502     42.73   42.75
002503     42.72   42.75
002504     42.72   42.74
002505     42.72   42.74
002506     42.72   42.74
002507     42.72   42.74
002508     42.72   42.74
002509     42.72   42.74
002510     42.72   42.73
002511     42.71   42.73
002512     42.71   42.73
002513     42.71   42.73
002514     42.71   42.73
002515     42.70   42.73
002516     42.70   42.72
002517     42.70   42.72
002518     42.70   42.72
002519     42.70   42.72
002520     42.69   42.72
002521     42.69   42.71
002522     42.69   42.71
002523     42.69   42.71
002524     42.68   42.70
002525     42.68   42.70
002526     42.68   42.70
002527     42.68   42.70
002528     42.67   42.70
002529     42.67   42.70
002530     42.67   42.69
002531     42.67   42.69
002532     42.67   42.69
002533     42.67   42.69
002534     42.67   42.69
002535     42.67   42.68
002536     42.66   42.68
002537     42.66   42.68
002538     42.65   42.68
002539     42.65   42.68
002540     42.65   42.67
002541     42.65   42.67
002542     42.65   42.67
002543     42.65   42.67
002544     42.65   42.67
002545     42.65   42.67
002546     42.65   42.67
002547     42.65   42.67
002548     42.65   42.67
002549     42.64   42.66
002550     42.64   42.66
002551     42.64   42.66
002552     42.64   42.66
002553     42.64   42.66
002554     42.63   42.65
002555     42.63   42.65
002556     42.63   42.65
002557     42.63   42.65
002558     42.63   42.65
002559     42.63   42.65
002560     42.63   42.65
002561     42.62   42.65
002562     42.62   42.65
002563     42.62   42.64
002564     42.62   42.64
002565     42.62   42.64
002566     42.62   42.64
002567     42.62   42.63
002568     42.62   42.63
002569     42.62   42.63
002570     42.62   42.63
002571     42.61   42.63
002572     42.61   42.63
002573     42.61   42.63
002574     42.61   42.63
002575     42.61   42.63
002576     42.61   42.62
002577     42.60   42.62
002578     42.60   42.62
002579     42.60   42.62
002580     42.60   42.62
002581     42.60   42.62
002582     42.60   42.62
002583     42.60   42.61
002584     42.59   42.61
002585     42.59   42.61
002586     42.59   42.61
002587     42.59   42.61
002588     42.58   42.61
002589     42.58   42.61
002590     42.58   42.60
002591     42.58   42.60
002592     42.57   42.60
002593     42.57   42.59
002594     42.57   42.59
002595     42.57   42.59
002596     42.57   42.59
002597     42.57   42.59
002598     42.57   42.59
002599     42.57   42.59
002600     42.57   42.59
002601     42.57   42.59
002602     42.57   42.59
002603     42.57   42.58
002604     42.56   42.58
002605     42.55   42.58
002606     42.55   42.58
002607     42.55   42.58
002608     42.55   42.57
002609     42.55   42.57
002610     42.55   42.57
002611     42.55   42.57
002612     42.55   42.57
002613     42.55   42.57
002614     42.55   42.57
002615     42.54   42.56
002616     42.54   42.56
002617     42.53   42.56
002618     42.53   42.55
002619     42.53   42.55
002620     42.53   42.55
002621     42.52   42.54
002622     42.52   42.54
002623     42.52   42.54
002624     42.52   42.54
002625     42.51   42.53
002626     42.51   42.53
002627     42.51   42.53
002628     42.50   42.53
002629     42.49   42.52
002630     42.49   42.52
002631     42.49   42.52
002632     42.49   42.52
002633     42.49   42.52
002634     42.49   42.51
002635     42.49   42.51
002636     42.49   42.51
002637     42.49   42.51
002638     42.48   42.50
002639     42.48   42.50
002640     42.48   42.50
002641     42.48   42.50
002642     42.48   42.50
002643     42.48   42.50
002644     42.48   42.50
002645     42.48   42.49
002646     42.48   42.49
002647     42.46   42.49
002648     42.46   42.49
002649     42.46   42.48
002650     42.46   42.48
002651     42.46   42.48
002652     42.46   42.48
002653     42.46   42.47
002654     42.46   42.47
002655     42.46   42.47
002656     42.45   42.47
002657     42.45   42.47
002658     42.45   42.47
002659     42.45   42.47
002660     42.45   42.47
002661     42.44   42.46
002662     42.44   42.46
002663     42.44   42.46
002664     42.44   42.46
002665     42.44   42.46
002666     42.43   42.45
002667     42.43   42.45
002668     42.43   42.45
002669     42.43   42.45
002670     42.42   42.45
002671     42.42   42.45
002672     42.42   42.44
002673     42.42   42.44
002674     42.41   42.44
002675     42.41   42.44
002676     42.40   42.44
002677     42.40   42.43
002678     42.40   42.43
002679     42.40   42.43
002680     42.40   42.43
002681     42.40   42.43
002682     42.40   42.43
002683     42.40   42.43
002684     42.40   42.42
002685     42.40   42.42
002686     42.40   42.42
002687     42.39   42.42
002688     42.39   42.42
002689     42.39   42.42
002690     42.39   42.41
002691     42.38   42.41
002692     42.38   42.41
002693     42.38   42.40
002694     42.37   42.40
002695     42.37   42.39
002696     42.37   42.39
002697     42.37   42.39
002698     42.37   42.39
002699     42.37   42.39
002700     42.36   42.38
002701     42.36   42.38
002702     42.36   42.38
002703     42.36   42.38
002704     42.35   42.37
002705     42.35   42.37
002706     42.35   42.37
002707     42.34   42.37
002708     42.34   42.37
002709     42.34   42.36
002710     42.34   42.36
002711     42.34   42.36
002712     42.34   42.36
002713     42.34   42.36
002714     42.33   42.36
002715     42.33   42.35
002716     42.33   42.35
002717     42.33   42.35
002718     42.33   42.35
002719     42.33   42.35
002720     42.33   42.35
002721     42.33   42.35
002722     42.33   42.35
002723     42.32   42.34
002724     42.32   42.34
002725     42.32   42.34
002726     42.31   42.34
002727     42.31   42.34
002728     42.31   42.33
002729     42.30   42.33
002730     42.30   42.33
002731     42.30   42.33
002732     42.30   42.32
002733     42.30   42.32
002734     42.29   42.32
002735     42.29   42.32
002736     42.29   42.32
002737     42.29   42.31
002738     42.29   42.31
002739     42.29   42.31
002740     42.28   42.31
002741     42.28   42.30
002742     42.28   42.30
002743     42.28   42.30
002744     42.28   42.29
002745     42.27   42.29
002746     42.27   42.29
002747     42.26   42.29
002748     42.26   42.29
002749     42.26   42.29
002750     42.26   42.29
002751     42.26   42.29
002752     42.26   42.28
002753     42.26   42.28
002754     42.26   42.28
002755     42.26   42.28
002756     42.25   42.27
002757     42.25   42.27
002758     42.25   42.27
002759     42.24   42.27
002760     42.24   42.26
002761     42.24   42.26
002762     42.24   42.26
002763     42.24   42.26
002764     42.23   42.26
002765     42.23   42.26
002766     42.23   42.25
002767     42.23   42.25
002768     42.22   42.25
002769     42.22   42.25
002770     42.22   42.24
002771     42.22   42.24
002772     42.22   42.24
002773     42.22   42.23
002774     42.21   42.23
002775     42.21   42.23
002776     42.21   42.23
002777     42.20   42.23
002778     42.20   42.23
002779     42.20   42.22
002780     42.20   42.22
002781     42.19   42.22
002782     42.18   42.21
002783     42.18   42.21
002784     42.18   42.21
002785     42.18   42.21
002786     42.18   42.21
002787     42.18   42.20
002788     42.18   42.20
002789     42.18   42.20
002790     42.18   42.19
002791     42.17   42.19
002792     42.17   42.19
002793     42.17   42.19
002794     42.17   42.19
002795     42.16   42.19
002796     42.16   42.19
002797     42.16   42.18
002798     42.16   42.18
002799     42.16   42.18
002800     42.15   42.17
002801     42.15   42.17
002802     42.15   42.17
002803     42.15   42.17
002804     42.15   42.17
002805     42.14   42.17
002806     42.14   42.16
002807     42.14   42.16
002808     42.14   42.16
002809     42.14   42.16
002810     42.14   42.15
002811     42.13   42.15
002812     42.13   42.15
002813     42.13   42.15
002814     42.13   42.15
002815     42.13   42.15
002816     42.13   42.15
002817     42.12   42.15
002818     42.12   42.14
002819     42.12   42.14
002820     42.12   42.14
002821     42.11   42.14
002822     42.11   42.13
002823     42.10   42.13
002824     42.10   42.13
002825     42.10   42.13
002826     42.10   42.12
002827     42.10   42.12
002828     42.10   42.12
002829     42.09   42.12
002830     42.09   42.12
002831     42.09   42.12
002832     42.09   42.11
002833     42.09   42.11
002834     42.08   42.11
002835     42.08   42.11
002836     42.08   42.11
002837     42.08   42.11
002838     42.08   42.10
002839     42.08   42.10
002840     42.07   42.10
002841     42.07   42.10
002842     42.07   42.10
002843     42.07   42.10
002844     42.07   42.09
002845     42.06   42.09
002846     42.06   42.09
002847     42.06   42.09
002848     42.06   42.08
002849     42.06   42.08
002850     42.04   42.08
002851     42.03   42.07
002852     42.03   42.07
002853     42.03   42.07
002854     42.03   42.06
002855     42.03   42.06
002856     42.03   42.05
002857     42.03   42.05
002858     42.02   42.05
002859     42.02   42.05
002860     42.02   42.04
002861     42.01   42.04
002862     42.01   42.04
002863     42.01   42.04
002864     42.01   42.04
002865     42.01   42.04
002866     42.01   42.03
002867     42.01   42.03
002868     41.99   42.03
002869     41.99   42.03
002870     41.99   42.02
002871     41.99   42.02
002872     41.99   42.02
002873     41.99   42.01
002874     41.99   42.01
002875     41.99   42.01
002876     41.99   42.01
002877     41.99   42.01
002878     41.99   42.01
002879     41.99   42.01
002880     41.99   42.01
002881     41.99   42.00
002882     41.98   42.00
002883     41.97   42.00
002884     41.97   42.00
002885     41.97   42.00
002886     41.97   41.99
002887     41.97   41.99
002888     41.97   41.99
002889     41.97   41.99
002890     41.96   41.99
002891     41.96   41.98
002892     41.96   41.98
002893     41.95   41.98
002894     41.95   41.98
002895     41.95   41.97
002896     41.94   41.97
002897     41.94   41.97
002898     41.93   41.97
002899     41.93   41.96
002900     41.93   41.96
002901     41.93   41.96
002902     41.93   41.96
002903     41.93   41.95
002904     41.93   41.95
002905     41.92   41.95
002906     41.92   41.95
002907     41.92   41.95
002908     41.92   41.94
002909     41.91   41.94
002910     41.91   41.94
002911     41.91   41.94
002912     41.91   41.94
002913     41.91   41.93
002914     41.90   41.93
002915     41.90   41.93
002916     41.90   41.92
002917     41.89   41.92
002918     41.88   41.91
002919     41.88   41.92
002920     41.88   41.91
002921     41.88   41.91
002922     41.88   41.91
002923     41.88   41.91
002924     41.88   41.91
002925     41.88   41.91
002926     41.88   41.91
002927     41.88   41.91
002928     41.87   41.90
002929     41.87   41.90
002930     41.87   41.89
002931     41.86   41.89
002932     41.86   41.89
002933     41.86   41.89
002934     41.86   41.89
002935     41.86   41.89
002936     41.86   41.88
002937     41.85   41.88
002938     41.85   41.87
002939     41.85   41.87
002940     41.85   41.87
002941     41.85   41.87
002942     41.84   41.86
002943     41.83   41.86
002944     41.83   41.86
002945     41.83   41.85
002946     41.83   41.86
002947     41.82   41.85
002948     41.82   41.85
002949     41.82   41.85
002950     41.82   41.85
002951     41.82   41.84
002952     41.81   41.84
002953     41.81   41.84
002954     41.81   41.84
002955     41.81   41.84
002956     41.81   41.83
002957     41.81   41.83
002958     41.81   41.83
002959     41.80   41.83
002960     41.80   41.82
002961     41.80   41.82
002962     41.80   41.82
002963     41.79   41.81
002964     41.79   41.81
002965     41.79   41.81
002966     41.79   41.81
002967     41.79   41.81
002968     41.79   41.81
002969     41.79   41.81
002970     41.78   41.81
002971     41.78   41.80
002972     41.78   41.81
002973     41.78   41.80
002974     41.78   41.80
002975     41.78   41.80
002976     41.78   41.80
002977     41.77   41.80
002978     41.77   41.80
002979     41.77   41.80
002980     41.77   41.79
002981     41.76   41.79
002982     41.76   41.79
002983     41.75   41.78
002984     41.75   41.78
002985     41.75   41.78
002986     41.75   41.77
002987     41.74   41.77
002988     41.74   41.77
002989     41.73   41.76
002990     41.72   41.76
002991     41.72   41.76
002992     41.72   41.76
002993     41.72   41.75
002994     41.72   41.75
002995     41.72   41.75
002996     41.71   41.74
002997     41.71   41.74
002998     41.71   41.74
002999     41.71   41.73
003000     41.71   41.73
003001     41.70   41.73
