000001     3.01   03.38
000002     3.01   03.36
000003     3.01   03.34
000004     3.01   03.30
000005     2.99   03.26
000006     2.99   03.20
000007     2.98   03.17
000008     2.98   03.14
000009     2.91   03.13
000010     2.89   03.09
000011     2.89   03.07
000012     2.88   03.04
000013     2.88   03.02
000014     2.87   03.00
000015     2.87   02.99
000016     2.79   02.97
000017     2.78   02.95
000018     2.78   02.93
000019     2.77   02.92
000020     2.77   02.90
000021     2.72   02.89
000022     2.72   02.87
000023     2.72   02.87
000024     2.71   02.84
000025     2.71   02.84
000026     2.69   02.82
000027     2.62   02.80
000028     2.62   02.77
000029     2.61   02.75
000030     2.59   02.72
000031     2.59   02.71
000032     2.59   02.69
000033     2.50   02.66
000034     2.50   02.64
000035     2.49   02.62
000036     2.48   02.61
000037     2.45   02.58
000038     2.45   02.57
000039     2.42   02.56
000040     2.42   02.53
000041     2.42   02.52
000042     2.42   02.51
000043     2.39   02.49
000044     2.39   02.49
000045     2.37   02.48
000046     2.36   02.46
000047     2.36   02.44
000048     2.36   02.43
000049     2.34   02.42
000050     2.33   02.41
000051     2.33   02.41
000052     2.31   02.39
000053     2.28   02.37
000054     2.28   02.36
000055     2.28   02.36
000056     2.28   02.34
000057     2.26   02.33
000058     2.26   02.32
000059     2.26   02.31
000060     2.25   02.30
000061     2.25   02.30
000062     2.25   02.29
000063     2.24   02.28
000064     2.23   02.28
000065     2.23   02.27
000066     2.23   02.27
000067     2.21   02.26
000068     2.21   02.26
000069     2.20   02.25
000070     2.19   02.24
000071     2.19   02.24
000072     2.19   02.23
000073     2.19   02.22
000074     2.17   02.21
000075     2.17   02.20
000076     2.16   02.20
000077     2.16   02.19
000078     2.16   02.19
000079     2.15   02.18
000080     2.15   02.18
000081     2.15   02.17
000082     2.14   02.17
000083     2.14   02.16
000084     2.13   02.16
000085     2.13   02.16
000086     2.13   02.15
000087     2.12   02.15
000088     2.12   02.14
000089     2.12   02.14
000090     2.12   02.14
000091     2.12   02.13
000092     2.12   02.13
000093     2.11   02.13
000094     2.10   02.13
000095     2.10   02.12
000096     2.10   02.12
000097     2.10   02.12
000098     2.09   02.11
000099     2.09   02.11
000100     2.09   02.11
000101     2.08   02.11
000102     2.08   02.10
000103     2.08   02.10
000104     2.08   02.10
000105     2.08   02.10
000106     2.07   02.09
000107     2.07   02.09
000108     2.07   02.09
000109     2.07   02.09
000110     2.07   02.08
000111     2.07   02.08
000112     2.06   02.08
000113     2.06   02.07
000114     2.06   02.07
000115     2.06   02.07
000116     2.06   02.07
000117     2.05   02.07
000118     2.04   02.06
000119     2.04   02.06
000120     2.04   02.06
000121     2.04   02.06
000122     2.03   02.05
000123     2.03   02.05
000124     2.03   02.05
000125     2.03   02.04
000126     2.02   02.04
000127     2.02   02.04
000128     2.02   02.04
000129     2.02   02.03
000130     2.01   02.03
000131     2.01   02.03
000132     2.01   02.02
000133     2.01   02.02
000134     2.01   02.02
000135     2.00   02.02
000136     2.00   02.01
000137     2.00   02.01
000138     2.00   02.01
000139     2.00   02.01
000140     1.99   02.01
000141     1.99   02.00
000142     1.99   02.00
000143     1.98   02.00
000144     1.98   02.00
000145     1.98   01.99
000146     1.97   01.99
000147     1.97   01.99
000148     1.97   01.99
000149     1.97   01.98
000150     1.97   01.98
000151     1.97   01.98
000152     1.96   01.98
000153     1.96   01.97
000154     1.96   01.97
000155     1.96   01.97
000156     1.95   01.97
000157     1.95   01.96
000158     1.95   01.96
000159     1.95   01.96
000160     1.94   01.96
000161     1.94   01.96
000162     1.94   01.95
000163     1.94   01.95
000164     1.94   01.95
000165     1.94   01.95
000166     1.93   01.95
000167     1.93   01.94
000168     1.93   01.94
000169     1.93   01.94
000170     1.93   01.94
000171     1.92   01.94
000172     1.92   01.93
000173     1.92   01.93
000174     1.92   01.93
000175     1.91   01.93
000176     1.91   01.92
000177     1.91   01.92
000178     1.91   01.92
000179     1.91   01.92
000180     1.90   01.92
000181     1.90   01.91
000182     1.90   01.91
000183     1.90   01.91
000184     1.89   01.91
000185     1.89   01.91
000186     1.89   01.91
000187     1.89   01.90
000188     1.89   01.90
000189     1.89   01.90
000190     1.89   01.90
000191     1.88   01.89
000192     1.88   01.89
000193     1.88   01.89
000194     1.88   01.89
000195     1.87   01.89
000196     1.87   01.88
000197     1.87   01.88
000198     1.87   01.88
000199     1.86   01.88
000200     1.86   01.87
000201     1.86   01.87
000202     1.85   01.87
000203     1.85   01.87
000204     1.85   01.86
000205     1.85   01.86
000206     1.85   01.86
000207     1.85   01.86
000208     1.84   01.86
000209     1.84   01.85
000210     1.84   01.85
000211     1.84   01.85
000212     1.83   01.85
000213     1.83   01.85
000214     1.83   01.84
000215     1.83   01.84
000216     1.82   01.84
000217     1.82   01.84
000218     1.82   01.83
000219     1.82   01.83
000220     1.81   01.83
000221     1.81   01.83
000222     1.81   01.82
000223     1.81   01.82
000224     1.81   01.82
000225     1.81   01.82
000226     1.80   01.82
000227     1.80   01.81
000228     1.80   01.81
000229     1.80   01.81
000230     1.79   01.81
000231     1.79   01.81
000232     1.79   01.80
000233     1.79   01.80
000234     1.79   01.80
000235     1.79   01.80
000236     1.78   01.80
000237     1.78   01.80
000238     1.78   01.79
000239     1.78   01.79
000240     1.78   01.79
000241     1.77   01.79
000242     1.77   01.78
000243     1.77   01.78
000244     1.77   01.78
000245     1.77   01.78
000246     1.77   01.78
000247     1.76   01.78
000248     1.76   01.78
000249     1.76   01.77
000250     1.76   01.77
000251     1.76   01.77
000252     1.76   01.77
000253     1.75   01.77
000254     1.75   01.76
000255     1.75   01.76
000256     1.75   01.76
000257     1.74   01.76
000258     1.74   01.76
000259     1.74   01.75
000260     1.74   01.75
000261     1.74   01.75
000262     1.74   01.75
000263     1.73   01.74
000264     1.73   01.74
000265     1.73   01.74
000266     1.73   01.74
000267     1.72   01.74
000268     1.72   01.73
000269     1.72   01.73
000270     1.72   01.73
000271     1.71   01.73
000272     1.71   01.73
000273     1.71   01.72
000274     1.71   01.72
000275     1.71   01.72
000276     1.70   01.72
000277     1.70   01.72
000278     1.70   01.71
000279     1.69   01.71
000280     1.69   01.71
000281     1.69   01.71
000282     1.69   01.70
000283     1.69   01.70
000284     1.69   01.70
000285     1.68   01.70
000286     1.68   01.69
000287     1.68   01.69
000288     1.68   01.69
000289     1.68   01.69
000290     1.67   01.68
000291     1.67   01.68
000292     1.67   01.68
000293     1.66   01.68
000294     1.66   01.68
000295     1.66   01.67
000296     1.65   01.67
000297     1.65   01.67
000298     1.65   01.67
000299     1.65   01.66
000300     1.65   01.66
000301     1.65   01.66
000302     1.65   01.66
000303     1.65   01.66
000304     1.64   01.66
000305     1.64   01.66
000306     1.64   01.65
000307     1.64   01.65
000308     1.63   01.65
000309     1.63   01.64
000310     1.63   01.64
000311     1.63   01.64
000312     1.63   01.64
000313     1.62   01.64
000314     1.62   01.63
000315     1.62   01.63
000316     1.61   01.63
000317     1.61   01.63
000318     1.61   01.63
000319     1.61   01.62
000320     1.61   01.62
000321     1.60   01.62
000322     1.60   01.62
000323     1.60   01.61
000324     1.60   01.61
000325     1.60   01.61
000326     1.60   01.61
000327     1.59   01.61
000328     1.59   01.61
000329     1.59   01.60
000330     1.59   01.60
000331     1.59   01.60
000332     1.59   01.60
000333     1.59   01.60
000334     1.58   01.60
000335     1.58   01.59
000336     1.58   01.59
000337     1.58   01.59
000338     1.57   01.59
000339     1.57   01.58
000340     1.57   01.58
000341     1.57   01.58
000342     1.57   01.58
000343     1.56   01.58
000344     1.56   01.58
000345     1.56   01.57
000346     1.56   01.57
000347     1.56   01.57
000348     1.56   01.57
000349     1.55   01.57
000350     1.55   01.56
000351     1.55   01.56
000352     1.55   01.56
000353     1.55   01.56
000354     1.54   01.56
000355     1.54   01.56
000356     1.54   01.55
000357     1.54   01.55
000358     1.54   01.55
000359     1.54   01.55
000360     1.54   01.55
000361     1.54   01.55
000362     1.53   01.54
000363     1.53   01.54
000364     1.53   01.54
000365     1.53   01.54
000366     1.52   01.54
000367     1.52   01.53
000368     1.52   01.53
000369     1.52   01.53
000370     1.52   01.53
000371     1.51   01.53
000372     1.51   01.52
000373     1.51   01.52
000374     1.51   01.52
000375     1.51   01.52
000376     1.51   01.52
000377     1.50   01.52
000378     1.50   01.52
000379     1.50   01.52
000380     1.50   01.51
000381     1.50   01.51
000382     1.50   01.51
000383     1.50   01.51
000384     1.49   01.51
000385     1.49   01.50
000386     1.49   01.50
000387     1.49   01.50
000388     1.49   01.50
000389     1.48   01.50
000390     1.48   01.50
000391     1.48   01.49
000392     1.47   01.49
000393     1.47   01.49
000394     1.47   01.49
000395     1.47   01.49
000396     1.47   01.48
000397     1.47   01.48
000398     1.47   01.48
000399     1.46   01.48
000400     1.46   01.47
000401     1.46   01.47
000402     1.46   01.47
000403     1.46   01.47
000404     1.45   01.47
000405     1.45   01.46
000406     1.45   01.46
000407     1.45   01.46
000408     1.45   01.46
000409     1.45   01.46
000410     1.44   01.45
000411     1.44   01.45
000412     1.44   01.45
000413     1.44   01.45
000414     1.44   01.45
000415     1.44   01.45
000416     1.43   01.44
000417     1.43   01.44
000418     1.43   01.44
000419     1.43   01.44
000420     1.42   01.44
000421     1.42   01.44
000422     1.42   01.43
000423     1.42   01.43
000424     1.41   01.43
000425     1.41   01.43
000426     1.41   01.43
000427     1.41   01.42
000428     1.41   01.42
000429     1.41   01.42
000430     1.41   01.42
000431     1.41   01.42
000432     1.41   01.41
000433     1.40   01.41
000434     1.40   01.41
000435     1.40   01.41
000436     1.40   01.41
000437     1.39   01.41
000438     1.39   01.41
000439     1.39   01.40
000440     1.39   01.40
000441     1.39   01.40
000442     1.39   01.40
000443     1.39   01.40
000444     1.38   01.40
000445     1.38   01.39
000446     1.38   01.39
000447     1.38   01.39
000448     1.38   01.39
000449     1.38   01.39
000450     1.37   01.39
000451     1.37   01.38
000452     1.37   01.38
000453     1.37   01.38
000454     1.37   01.38
000455     1.36   01.38
000456     1.36   01.37
000457     1.36   01.37
000458     1.36   01.37
000459     1.36   01.37
000460     1.35   01.37
000461     1.35   01.36
000462     1.35   01.36
000463     1.35   01.36
000464     1.35   01.36
000465     1.35   01.36
000466     1.35   01.36
000467     1.35   01.36
000468     1.35   01.36
000469     1.35   01.35
000470     1.34   01.35
000471     1.34   01.35
000472     1.33   01.35
000473     1.33   01.35
000474     1.33   01.35
000475     1.33   01.35
000476     1.33   01.34
000477     1.33   01.34
000478     1.33   01.34
000479     1.33   01.34
000480     1.33   01.34
000481     1.33   01.33
000482     1.32   01.33
000483     1.32   01.33
000484     1.32   01.33
000485     1.32   01.33
000486     1.32   01.33
000487     1.31   01.32
000488     1.31   01.32
000489     1.31   01.32
000490     1.31   01.32
000491     1.31   01.32
000492     1.31   01.32
000493     1.31   01.32
000494     1.30   01.31
000495     1.30   01.31
000496     1.30   01.31
000497     1.30   01.31
000498     1.30   01.31
000499     1.30   01.31
000500     1.29   01.30
000501     1.29   01.30
000502     1.29   01.30
000503     1.29   01.30
000504     1.29   01.30
000505     1.29   01.30
000506     1.29   01.30
000507     1.29   01.30
000508     1.28   01.30
000509     1.28   01.29
000510     1.28   01.29
000511     1.28   01.29
000512     1.28   01.29
000513     1.28   01.29
000514     1.27   01.28
000515     1.27   01.28
000516     1.27   01.28
000517     1.27   01.28
000518     1.27   01.28
000519     1.27   01.28
000520     1.26   01.27
000521     1.26   01.27
000522     1.26   01.27
000523     1.26   01.27
000524     1.26   01.27
000525     1.26   01.27
000526     1.26   01.27
000527     1.26   01.27
000528     1.26   01.27
000529     1.25   01.27
000530     1.25   01.26
000531     1.25   01.26
000532     1.25   01.26
000533     1.25   01.26
000534     1.25   01.26
000535     1.25   01.25
000536     1.25   01.25
000537     1.24   01.25
000538     1.24   01.25
000539     1.24   01.25
000540     1.24   01.25
000541     1.24   01.25
000542     1.24   01.25
000543     1.23   01.25
000544     1.23   01.24
000545     1.23   01.24
000546     1.23   01.24
000547     1.23   01.24
000548     1.23   01.24
000549     1.23   01.24
000550     1.22   01.24
000551     1.22   01.23
000552     1.22   01.23
000553     1.22   01.23
000554     1.22   01.23
000555     1.22   01.23
000556     1.22   01.23
000557     1.22   01.22
000558     1.21   01.22
000559     1.21   01.22
000560     1.21   01.22
000561     1.21   01.22
000562     1.21   01.22
000563     1.21   01.22
000564     1.21   01.22
000565     1.21   01.22
000566     1.20   01.21
000567     1.20   01.21
000568     1.20   01.21
000569     1.20   01.21
000570     1.20   01.21
000571     1.20   01.20
000572     1.19   01.20
000573     1.19   01.20
000574     1.19   01.20
000575     1.19   01.20
000576     1.19   01.20
000577     1.19   01.20
000578     1.19   01.20
000579     1.19   01.19
000580     1.18   01.19
000581     1.18   01.19
000582     1.18   01.19
000583     1.18   01.19
000584     1.18   01.19
000585     1.18   01.19
000586     1.18   01.19
000587     1.18   01.18
000588     1.17   01.18
000589     1.17   01.18
000590     1.17   01.18
000591     1.17   01.18
000592     1.17   01.18
000593     1.17   01.18
000594     1.17   01.18
000595     1.17   01.18
000596     1.16   01.17
000597     1.16   01.17
000598     1.16   01.17
000599     1.16   01.17
000600     1.16   01.17
000601     1.15   01.17
000602     1.15   01.17
000603     1.15   01.16
000604     1.15   01.16
000605     1.15   01.16
000606     1.15   01.16
000607     1.15   01.16
000608     1.15   01.16
000609     1.15   01.16
000610     1.15   01.15
000611     1.14   01.15
000612     1.14   01.15
000613     1.14   01.15
000614     1.14   01.15
000615     1.14   01.15
000616     1.14   01.15
000617     1.13   01.14
000618     1.13   01.14
000619     1.13   01.14
000620     1.13   01.14
000621     1.13   01.14
000622     1.13   01.14
000623     1.13   01.14
000624     1.13   01.13
000625     1.13   01.13
000626     1.12   01.13
000627     1.12   01.13
000628     1.12   01.13
000629     1.12   01.13
000630     1.12   01.13
000631     1.12   01.12
000632     1.11   01.12
000633     1.11   01.12
000634     1.11   01.12
000635     1.10   01.12
000636     1.10   01.12
000637     1.10   01.12
000638     1.10   01.11
000639     1.10   01.11
000640     1.10   01.11
000641     1.10   01.11
000642     1.10   01.11
000643     1.09   01.10
000644     1.09   01.10
000645     1.09   01.10
000646     1.09   01.10
000647     1.09   01.10
000648     1.09   01.10
000649     1.09   01.10
000650     1.09   01.10
000651     1.09   01.09
000652     1.09   01.09
000653     1.08   01.09
000654     1.08   01.09
000655     1.08   01.09
000656     1.08   01.09
000657     1.08   01.09
000658     1.08   01.09
000659     1.08   01.09
000660     1.08   01.09
000661     1.08   01.09
000662     1.07   01.08
000663     1.07   01.08
000664     1.07   01.08
000665     1.07   01.08
000666     1.07   01.08
000667     1.07   01.08
000668     1.07   01.08
000669     1.06   01.07
000670     1.06   01.07
000671     1.06   01.07
000672     1.06   01.07
000673     1.06   01.07
000674     1.06   01.07
000675     1.05   01.07
000676     1.05   01.06
000677     1.05   01.06
000678     1.05   01.06
000679     1.05   01.06
000680     1.05   01.06
000681     1.05   01.06
000682     1.05   01.06
000683     1.05   01.06
000684     1.04   01.05
000685     1.04   01.05
000686     1.04   01.05
000687     1.04   01.05
000688     1.04   01.05
000689     1.04   01.05
000690     1.04   01.05
000691     1.04   01.05
000692     1.04   01.04
000693     1.04   01.04
000694     1.03   01.04
000695     1.03   01.04
000696     1.03   01.04
000697     1.03   01.04
000698     1.03   01.04
000699     1.03   01.04
000700     1.03   01.03
000701     1.02   01.03
000702     1.02   01.03
000703     1.02   01.03
000704     1.02   01.03
000705     1.02   01.03
000706     1.02   01.03
000707     1.02   01.03
000708     1.02   01.03
000709     1.02   01.02
000710     1.01   01.02
000711     1.01   01.02
000712     1.01   01.02
000713     1.01   01.02
000714     1.01   01.02
000715     1.01   01.02
000716     1.01   01.02
000717     1.01   01.02
000718     1.00   01.01
000719     1.00   01.01
000720     1.00   01.01
000721     1.00   01.01
000722     1.00   01.01
000723     1.00   01.01
000724     1.00   01.01
000725     1.00   01.01
000726     1.00   01.00
000727     1.00   01.00
000728     1.00   01.00
000729     0.99   01.00
000730     0.99   01.00
000731     0.99   01.00
000732     0.99   01.00
000733     0.98   01.00
000734     0.98   00.99
000735     0.98   00.99
000736     0.98   00.99
000737     0.98   00.99
000738     0.98   00.99
000739     0.98   00.99
000740     0.98   00.99
000741     0.98   00.99
000742     0.98   00.98
000743     0.98   00.98
000744     0.97   00.98
000745     0.97   00.98
000746     0.97   00.98
000747     0.97   00.98
000748     0.97   00.98
000749     0.97   00.98
000750     0.97   00.98
000751     0.97   00.98
000752     0.97   00.97
000753     0.97   00.97
000754     0.96   00.97
000755     0.96   00.97
000756     0.96   00.97
000757     0.96   00.97
000758     0.96   00.97
000759     0.96   00.97
000760     0.96   00.97
000761     0.96   00.96
000762     0.95   00.96
000763     0.95   00.96
000764     0.95   00.96
000765     0.95   00.96
000766     0.95   00.96
000767     0.95   00.96
000768     0.95   00.96
000769     0.95   00.96
000770     0.95   00.95
000771     0.95   00.95
000772     0.95   00.95
000773     0.95   00.95
000774     0.94   00.95
000775     0.94   00.95
000776     0.94   00.95
000777     0.94   00.95
000778     0.94   00.95
000779     0.94   00.95
000780     0.94   00.94
000781     0.94   00.94
000782     0.94   00.94
000783     0.94   00.94
000784     0.93   00.94
000785     0.93   00.94
000786     0.93   00.94
000787     0.93   00.94
000788     0.93   00.94
000789     0.93   00.94
000790     0.93   00.94
000791     0.93   00.93
000792     0.92   00.93
000793     0.92   00.93
000794     0.92   00.93
000795     0.92   00.93
000796     0.92   00.93
000797     0.92   00.93
000798     0.92   00.92
000799     0.91   00.92
000800     0.91   00.92
000801     0.91   00.92
000802     0.91   00.92
000803     0.91   00.92
000804     0.91   00.92
000805     0.91   00.92
000806     0.91   00.92
000807     0.91   00.92
000808     0.91   00.91
000809     0.90   00.91
000810     0.90   00.91
000811     0.90   00.91
000812     0.90   00.91
000813     0.90   00.91
000814     0.90   00.91
000815     0.90   00.91
000816     0.90   00.91
000817     0.90   00.91
000818     0.90   00.91
000819     0.90   00.91
000820     0.90   00.91
000821     0.90   00.90
000822     0.90   00.90
000823     0.89   00.90
000824     0.89   00.90
000825     0.89   00.90
000826     0.89   00.90
000827     0.89   00.90
000828     0.89   00.90
000829     0.89   00.90
000830     0.88   00.89
000831     0.88   00.89
000832     0.88   00.89
000833     0.88   00.89
000834     0.88   00.89
000835     0.88   00.89
000836     0.88   00.89
000837     0.88   00.89
000838     0.88   00.89
000839     0.88   00.88
000840     0.88   00.88
000841     0.87   00.88
000842     0.87   00.88
000843     0.87   00.88
000844     0.87   00.88
000845     0.87   00.88
000846     0.87   00.88
000847     0.87   00.88
000848     0.87   00.88
000849     0.87   00.87
000850     0.87   00.87
000851     0.86   00.87
000852     0.86   00.87
000853     0.86   00.87
000854     0.86   00.87
000855     0.86   00.87
000856     0.86   00.86
000857     0.86   00.86
000858     0.86   00.86
000859     0.85   00.86
000860     0.85   00.86
000861     0.85   00.86
000862     0.85   00.86
000863     0.85   00.86
000864     0.85   00.86
000865     0.85   00.86
000866     0.85   00.85
000867     0.85   00.85
000868     0.84   00.85
000869     0.84   00.85
000870     0.84   00.85
000871     0.84   00.85
000872     0.84   00.85
000873     0.84   00.85
000874     0.84   00.84
000875     0.84   00.84
000876     0.84   00.84
000877     0.84   00.84
000878     0.83   00.84
000879     0.83   00.84
000880     0.83   00.84
000881     0.83   00.84
000882     0.83   00.84
000883     0.83   00.84
000884     0.83   00.84
000885     0.83   00.84
000886     0.83   00.83
000887     0.83   00.83
000888     0.83   00.83
000889     0.82   00.83
000890     0.82   00.83
000891     0.82   00.83
000892     0.82   00.83
000893     0.82   00.83
000894     0.82   00.83
000895     0.82   00.83
000896     0.82   00.83
000897     0.81   00.82
000898     0.81   00.82
000899     0.81   00.82
000900     0.81   00.82
000901     0.81   00.82
000902     0.81   00.82
000903     0.81   00.82
000904     0.81   00.82
000905     0.81   00.81
000906     0.81   00.81
000907     0.81   00.81
000908     0.81   00.81
000909     0.81   00.81
000910     0.81   00.81
000911     0.80   00.81
000912     0.80   00.81
000913     0.80   00.81
000914     0.80   00.81
000915     0.80   00.81
000916     0.80   00.81
000917     0.80   00.81
000918     0.80   00.81
000919     0.80   00.81
000920     0.80   00.81
000921     0.80   00.80
000922     0.80   00.80
000923     0.80   00.80
000924     0.80   00.80
000925     0.79   00.80
000926     0.79   00.80
000927     0.79   00.80
000928     0.79   00.80
000929     0.79   00.80
000930     0.79   00.80
000931     0.79   00.80
000932     0.79   00.80
000933     0.79   00.79
000934     0.78   00.79
000935     0.78   00.79
000936     0.78   00.79
000937     0.78   00.79
000938     0.78   00.79
000939     0.78   00.79
000940     0.78   00.79
000941     0.78   00.79
000942     0.78   00.79
000943     0.78   00.78
000944     0.78   00.78
000945     0.78   00.78
000946     0.78   00.78
000947     0.77   00.78
000948     0.77   00.78
000949     0.77   00.78
000950     0.77   00.78
000951     0.77   00.78
000952     0.77   00.78
000953     0.77   00.78
000954     0.77   00.78
000955     0.77   00.78
000956     0.77   00.77
000957     0.77   00.77
000958     0.77   00.77
000959     0.77   00.77
000960     0.77   00.77
000961     0.76   00.77
000962     0.76   00.77
000963     0.76   00.77
000964     0.76   00.77
000965     0.76   00.77
000966     0.76   00.77
000967     0.76   00.77
000968     0.76   00.77
000969     0.76   00.77
000970     0.76   00.77
000971     0.76   00.77
000972     0.76   00.77
000973     0.76   00.77
000974     0.76   00.76
000975     0.75   00.76
000976     0.75   00.76
000977     0.75   00.76
000978     0.75   00.76
000979     0.75   00.76
000980     0.75   00.76
000981     0.75   00.76
000982     0.75   00.76
000983     0.75   00.75
000984     0.75   00.75
000985     0.75   00.75
000986     0.75   00.75
000987     0.74   00.75
000988     0.74   00.75
000989     0.74   00.75
000990     0.74   00.75
000991     0.74   00.75
000992     0.74   00.75
000993     0.74   00.75
000994     0.74   00.75
000995     0.74   00.75
000996     0.74   00.75
000997     0.74   00.74
000998     0.74   00.74
000999     0.73   00.74
001000     0.73   00.74
001001     0.73   00.74
001002     0.73   00.74
001003     0.73   00.74
001004     0.73   00.74
001005     0.73   00.74
001006     0.73   00.73
001007     0.73   00.73
001008     0.73   00.73
001009     0.73   00.73
001010     0.73   00.73
001011     0.72   00.73
001012     0.72   00.73
001013     0.72   00.73
001014     0.72   00.73
001015     0.72   00.73
001016     0.72   00.73
001017     0.72   00.73
001018     0.72   00.73
001019     0.72   00.73
001020     0.72   00.73
001021     0.72   00.73
001022     0.72   00.72
001023     0.71   00.72
001024     0.71   00.72
001025     0.71   00.72
001026     0.71   00.72
001027     0.71   00.72
001028     0.71   00.72
001029     0.71   00.72
001030     0.71   00.72
001031     0.71   00.72
001032     0.71   00.72
001033     0.71   00.72
001034     0.71   00.72
001035     0.71   00.72
001036     0.71   00.72
001037     0.71   00.71
001038     0.71   00.71
001039     0.70   00.71
001040     0.70   00.71
001041     0.70   00.71
001042     0.70   00.71
001043     0.70   00.71
001044     0.70   00.71
001045     0.70   00.71
001046     0.70   00.71
001047     0.70   00.71
001048     0.70   00.71
001049     0.70   00.70
001050     0.70   00.70
001051     0.70   00.70
001052     0.69   00.70
001053     0.69   00.70
001054     0.69   00.70
001055     0.69   00.70
001056     0.69   00.70
001057     0.69   00.70
001058     0.69   00.70
001059     0.69   00.70
001060     0.69   00.70
001061     0.69   00.70
001062     0.69   00.69
001063     0.69   00.69
001064     0.69   00.69
001065     0.69   00.69
001066     0.68   00.69
001067     0.68   00.69
001068     0.68   00.69
001069     0.68   00.69
001070     0.68   00.69
001071     0.68   00.69
001072     0.68   00.69
001073     0.68   00.69
001074     0.68   00.68
001075     0.68   00.68
001076     0.68   00.68
001077     0.68   00.68
001078     0.68   00.68
001079     0.68   00.68
001080     0.67   00.68
001081     0.67   00.68
001082     0.67   00.68
001083     0.67   00.68
001084     0.67   00.68
001085     0.67   00.68
001086     0.67   00.68
001087     0.67   00.68
001088     0.67   00.67
001089     0.67   00.67
001090     0.67   00.67
001091     0.67   00.67
001092     0.66   00.67
001093     0.66   00.67
001094     0.66   00.67
001095     0.66   00.67
001096     0.66   00.67
001097     0.66   00.67
001098     0.66   00.67
001099     0.66   00.67
001100     0.66   00.67
001101     0.66   00.66
001102     0.66   00.66
001103     0.66   00.66
001104     0.65   00.66
001105     0.65   00.66
001106     0.65   00.66
001107     0.65   00.66
001108     0.65   00.66
001109     0.65   00.66
001110     0.65   00.66
001111     0.65   00.66
001112     0.65   00.66
001113     0.65   00.65
001114     0.65   00.65
001115     0.65   00.65
001116     0.65   00.65
001117     0.65   00.65
001118     0.64   00.65
001119     0.64   00.65
001120     0.64   00.65
001121     0.64   00.65
001122     0.64   00.65
001123     0.64   00.65
001124     0.64   00.65
001125     0.64   00.65
001126     0.64   00.65
001127     0.64   00.65
001128     0.64   00.65
001129     0.64   00.65
001130     0.64   00.64
001131     0.64   00.64
001132     0.64   00.64
001133     0.64   00.64
001134     0.64   00.64
001135     0.64   00.64
001136     0.63   00.64
001137     0.63   00.64
001138     0.63   00.64
001139     0.63   00.64
001140     0.63   00.64
001141     0.63   00.64
001142     0.63   00.64
001143     0.63   00.64
001144     0.63   00.63
001145     0.63   00.63
001146     0.63   00.63
001147     0.62   00.63
001148     0.62   00.63
001149     0.62   00.63
001150     0.62   00.63
001151     0.62   00.63
001152     0.62   00.63
001153     0.62   00.63
001154     0.62   00.63
001155     0.62   00.63
001156     0.62   00.63
001157     0.62   00.63
001158     0.62   00.62
001159     0.62   00.62
001160     0.62   00.62
001161     0.62   00.62
001162     0.62   00.62
001163     0.62   00.62
001164     0.62   00.62
001165     0.62   00.62
001166     0.62   00.62
001167     0.62   00.62
001168     0.61   00.62
001169     0.61   00.62
001170     0.61   00.62
001171     0.61   00.62
001172     0.61   00.62
001173     0.61   00.62
001174     0.61   00.62
001175     0.61   00.62
001176     0.61   00.62
001177     0.61   00.62
001178     0.61   00.61
001179     0.61   00.61
001180     0.61   00.61
001181     0.61   00.61
001182     0.61   00.61
001183     0.60   00.61
001184     0.60   00.61
001185     0.60   00.61
001186     0.60   00.61
001187     0.60   00.61
001188     0.60   00.61
001189     0.60   00.61
001190     0.60   00.61
001191     0.60   00.61
001192     0.60   00.61
001193     0.60   00.61
001194     0.60   00.61
001195     0.60   00.61
001196     0.60   00.61
001197     0.60   00.60
001198     0.60   00.60
001199     0.60   00.60
001200     0.59   00.60
001201     0.59   00.60
001202     0.59   00.60
001203     0.59   00.60
001204     0.59   00.60
001205     0.59   00.60
001206     0.59   00.60
001207     0.59   00.60
001208     0.59   00.60
001209     0.59   00.60
001210     0.59   00.60
001211     0.59   00.60
001212     0.59   00.59
001213     0.59   00.59
001214     0.59   00.59
001215     0.59   00.59
001216     0.59   00.59
001217     0.58   00.59
001218     0.58   00.59
001219     0.58   00.59
001220     0.58   00.59
001221     0.58   00.59
001222     0.58   00.59
001223     0.58   00.59
001224     0.58   00.59
001225     0.58   00.59
001226     0.58   00.59
001227     0.58   00.59
001228     0.58   00.59
001229     0.58   00.58
001230     0.58   00.58
001231     0.58   00.58
001232     0.58   00.58
001233     0.58   00.58
001234     0.58   00.58
001235     0.58   00.58
001236     0.58   00.58
001237     0.58   00.58
001238     0.57   00.58
001239     0.57   00.58
001240     0.57   00.58
001241     0.57   00.58
001242     0.57   00.58
001243     0.57   00.58
001244     0.57   00.58
001245     0.57   00.58
001246     0.57   00.58
001247     0.57   00.58
001248     0.57   00.58
001249     0.57   00.58
001250     0.57   00.58
001251     0.57   00.57
001252     0.57   00.57
001253     0.57   00.57
001254     0.57   00.57
001255     0.57   00.57
001256     0.57   00.57
001257     0.57   00.57
001258     0.57   00.57
001259     0.56   00.57
001260     0.56   00.57
001261     0.56   00.57
001262     0.56   00.57
001263     0.56   00.57
001264     0.56   00.57
001265     0.56   00.57
001266     0.56   00.57
001267     0.56   00.57
001268     0.56   00.57
001269     0.56   00.57
001270     0.56   00.57
001271     0.56   00.57
001272     0.56   00.56
001273     0.56   00.56
001274     0.56   00.56
001275     0.56   00.56
001276     0.56   00.56
001277     0.56   00.56
001278     0.55   00.56
001279     0.55   00.56
001280     0.55   00.56
001281     0.55   00.56
001282     0.55   00.56
001283     0.55   00.56
001284     0.55   00.56
001285     0.55   00.56
001286     0.55   00.56
001287     0.55   00.56
001288     0.55   00.56
001289     0.55   00.55
001290     0.55   00.55
001291     0.55   00.55
001292     0.55   00.55
001293     0.55   00.55
001294     0.55   00.55
001295     0.55   00.55
001296     0.54   00.55
001297     0.54   00.55
001298     0.54   00.55
001299     0.54   00.55
001300     0.54   00.55
001301     0.54   00.55
001302     0.54   00.55
001303     0.54   00.55
001304     0.54   00.55
001305     0.54   00.55
001306     0.54   00.55
001307     0.54   00.55
001308     0.54   00.55
001309     0.54   00.55
001310     0.54   00.55
001311     0.54   00.54
001312     0.53   00.54
001313     0.53   00.54
001314     0.53   00.54
001315     0.53   00.54
001316     0.53   00.54
001317     0.53   00.54
001318     0.53   00.54
001319     0.53   00.54
001320     0.53   00.54
001321     0.53   00.54
001322     0.53   00.54
001323     0.53   00.54
001324     0.53   00.54
001325     0.53   00.54
001326     0.53   00.53
001327     0.53   00.53
001328     0.53   00.53
001329     0.53   00.53
001330     0.53   00.53
001331     0.53   00.53
001332     0.52   00.53
001333     0.52   00.53
001334     0.52   00.53
001335     0.52   00.53
001336     0.52   00.53
001337     0.52   00.53
001338     0.52   00.53
001339     0.52   00.53
001340     0.52   00.53
001341     0.52   00.53
001342     0.52   00.53
001343     0.52   00.53
001344     0.52   00.53
001345     0.52   00.53
001346     0.52   00.53
001347     0.52   00.53
001348     0.52   00.53
001349     0.52   00.53
001350     0.52   00.53
001351     0.52   00.53
001352     0.52   00.52
001353     0.52   00.52
001354     0.52   00.52
001355     0.52   00.52
001356     0.52   00.52
001357     0.52   00.52
001358     0.52   00.52
001359     0.52   00.52
001360     0.52   00.52
001361     0.52   00.52
001362     0.52   00.52
001363     0.52   00.52
001364     0.52   00.52
001365     0.52   00.52
001366     0.52   00.52
001367     0.52   00.52
001368     0.51   00.52
001369     0.51   00.52
001370     0.51   00.52
001371     0.51   00.52
001372     0.51   00.52
001373     0.51   00.52
001374     0.51   00.52
001375     0.51   00.52
001376     0.51   00.52
001377     0.51   00.52
001378     0.51   00.52
001379     0.51   00.52
001380     0.51   00.52
001381     0.51   00.52
001382     0.51   00.52
001383     0.51   00.51
001384     0.51   00.51
001385     0.51   00.51
001386     0.51   00.51
001387     0.51   00.51
001388     0.51   00.51
001389     0.51   00.51
001390     0.51   00.51
001391     0.51   00.51
001392     0.51   00.51
001393     0.51   00.51
001394     0.51   00.51
001395     0.50   00.51
001396     0.50   00.51
001397     0.50   00.51
001398     0.50   00.51
001399     0.50   00.51
001400     0.50   00.51
001401     0.50   00.51
001402     0.50   00.51
001403     0.50   00.51
001404     0.50   00.51
001405     0.50   00.51
001406     0.50   00.51
001407     0.50   00.51
001408     0.50   00.51
001409     0.50   00.51
001410     0.50   00.51
001411     0.50   00.51
001412     0.50   00.51
001413     0.50   00.51
001414     0.50   00.51
001415     0.50   00.50
001416     0.50   00.50
001417     0.50   00.50
001418     0.50   00.50
001419     0.50   00.50
001420     0.50   00.50
001421     0.50   00.50
001422     0.49   00.50
001423     0.49   00.50
001424     0.49   00.50
001425     0.49   00.50
001426     0.49   00.50
001427     0.49   00.50
001428     0.49   00.50
001429     0.49   00.50
001430     0.49   00.50
001431     0.49   00.50
001432     0.49   00.50
001433     0.49   00.50
001434     0.49   00.49
001435     0.49   00.49
001436     0.49   00.49
001437     0.49   00.49
001438     0.49   00.49
001439     0.49   00.49
001440     0.48   00.49
001441     0.48   00.49
001442     0.48   00.49
001443     0.48   00.49
001444     0.48   00.49
001445     0.48   00.49
001446     0.48   00.49
001447     0.48   00.49
001448     0.48   00.49
001449     0.48   00.49
001450     0.48   00.49
001451     0.48   00.49
001452     0.48   00.49
001453     0.48   00.49
001454     0.48   00.49
001455     0.48   00.49
001456     0.48   00.49
001457     0.48   00.49
001458     0.48   00.49
001459     0.48   00.49
001460     0.48   00.49
001461     0.48   00.49
001462     0.48   00.48
001463     0.48   00.48
001464     0.48   00.49
001465     0.48   00.49
001466     0.48   00.49
001467     0.48   00.49
001468     0.48   00.48
001469     0.48   00.49
001470     0.48   00.49
001471     0.48   00.48
001472     0.48   00.48
001473     0.48   00.48
001474     0.48   00.48
001475     0.48   00.48
001476     0.48   00.48
001477     0.48   00.48
001478     0.48   00.48
001479     0.48   00.48
001480     0.48   00.48
001481     0.47   00.48
001482     0.47   00.48
001483     0.47   00.48
001484     0.47   00.48
001485     0.47   00.48
001486     0.47   00.48
001487     0.47   00.48
001488     0.47   00.48
001489     0.47   00.48
001490     0.47   00.48
001491     0.47   00.48
001492     0.47   00.48
001493     0.47   00.48
001494     0.47   00.48
001495     0.47   00.48
001496     0.47   00.48
001497     0.47   00.48
001498     0.47   00.48
001499     0.47   00.48
001500     0.47   00.48
001501     0.47   00.48
001502     0.47   00.48
001503     0.47   00.47
001504     0.47   00.48
001505     0.47   00.48
001506     0.47   00.47
001507     0.47   00.47
001508     0.47   00.47
001509     0.47   00.47
001510     0.47   00.47
001511     0.47   00.47
001512     0.47   00.47
001513     0.47   00.47
001514     0.47   00.47
001515     0.47   00.47
001516     0.47   00.47
001517     0.47   00.47
001518     0.47   00.47
001519     0.46   00.47
001520     0.46   00.47
001521     0.46   00.47
001522     0.46   00.47
001523     0.46   00.47
001524     0.46   00.47
001525     0.46   00.47
001526     0.46   00.47
001527     0.46   00.47
001528     0.46   00.47
001529     0.46   00.47
001530     0.46   00.47
001531     0.46   00.47
001532     0.46   00.46
001533     0.46   00.46
001534     0.46   00.46
001535     0.46   00.46
001536     0.46   00.46
001537     0.46   00.46
001538     0.46   00.46
001539     0.46   00.46
001540     0.46   00.46
001541     0.46   00.46
001542     0.45   00.46
001543     0.45   00.46
001544     0.45   00.46
001545     0.45   00.46
001546     0.45   00.46
001547     0.45   00.46
001548     0.45   00.46
001549     0.45   00.46
001550     0.45   00.46
001551     0.45   00.46
001552     0.45   00.46
001553     0.45   00.46
001554     0.45   00.46
001555     0.45   00.46
001556     0.45   00.46
001557     0.45   00.46
001558     0.45   00.46
001559     0.45   00.46
001560     0.45   00.46
001561     0.45   00.46
001562     0.45   00.46
001563     0.45   00.46
001564     0.45   00.46
001565     0.45   00.46
001566     0.45   00.46
001567     0.45   00.46
001568     0.45   00.46
001569     0.45   00.46
001570     0.45   00.46
001571     0.45   00.46
001572     0.45   00.46
001573     0.45   00.46
001574     0.45   00.46
001575     0.45   00.46
001576     0.45   00.46
001577     0.45   00.45
001578     0.45   00.45
001579     0.45   00.45
001580     0.45   00.45
001581     0.45   00.45
001582     0.45   00.45
001583     0.45   00.45
001584     0.45   00.45
001585     0.45   00.45
001586     0.45   00.45
001587     0.45   00.45
001588     0.45   00.45
001589     0.45   00.45
001590     0.45   00.45
001591     0.44   00.45
001592     0.44   00.45
001593     0.44   00.45
001594     0.44   00.45
001595     0.44   00.45
001596     0.44   00.45
001597     0.44   00.45
001598     0.44   00.45
001599     0.44   00.45
001600     0.44   00.45
001601     0.44   00.45
001602     0.44   00.45
001603     0.44   00.45
001604     0.44   00.45
001605     0.44   00.45
001606     0.44   00.45
001607     0.44   00.45
001608     0.44   00.45
001609     0.44   00.45
001610     0.44   00.45
001611     0.44   00.45
001612     0.44   00.45
001613     0.44   00.45
001614     0.44   00.45
001615     0.44   00.45
001616     0.44   00.44
001617     0.44   00.44
001618     0.44   00.44
001619     0.44   00.44
001620     0.44   00.44
001621     0.44   00.44
001622     0.44   00.44
001623     0.44   00.44
001624     0.44   00.44
001625     0.44   00.44
001626     0.43   00.44
001627     0.43   00.44
001628     0.43   00.44
001629     0.43   00.44
001630     0.43   00.44
001631     0.43   00.44
001632     0.43   00.44
001633     0.43   00.44
001634     0.43   00.44
001635     0.43   00.44
001636     0.43   00.44
001637     0.43   00.44
001638     0.43   00.44
001639     0.43   00.44
001640     0.43   00.44
001641     0.43   00.44
001642     0.43   00.44
001643     0.43   00.44
001644     0.43   00.44
001645     0.43   00.44
001646     0.43   00.44
001647     0.43   00.44
001648     0.43   00.44
001649     0.43   00.44
001650     0.43   00.43
001651     0.43   00.43
001652     0.43   00.43
001653     0.43   00.44
001654     0.43   00.43
001655     0.43   00.43
001656     0.43   00.43
001657     0.43   00.43
001658     0.43   00.43
001659     0.43   00.43
001660     0.43   00.43
001661     0.43   00.43
001662     0.43   00.43
001663     0.43   00.43
001664     0.43   00.43
001665     0.43   00.43
001666     0.43   00.43
001667     0.42   00.43
001668     0.42   00.43
001669     0.42   00.43
001670     0.42   00.43
001671     0.42   00.43
001672     0.42   00.43
001673     0.42   00.43
001674     0.42   00.43
001675     0.42   00.43
001676     0.42   00.43
001677     0.42   00.43
001678     0.42   00.43
001679     0.42   00.43
001680     0.42   00.43
001681     0.42   00.43
001682     0.42   00.43
001683     0.42   00.43
001684     0.42   00.43
001685     0.42   00.43
001686     0.42   00.43
001687     0.42   00.43
001688     0.42   00.42
001689     0.42   00.42
001690     0.42   00.42
001691     0.42   00.42
001692     0.42   00.42
001693     0.42   00.42
001694     0.42   00.42
001695     0.41   00.42
001696     0.41   00.42
001697     0.41   00.42
001698     0.41   00.42
001699     0.41   00.42
001700     0.41   00.42
001701     0.41   00.42
001702     0.41   00.42
001703     0.41   00.42
001704     0.41   00.42
001705     0.41   00.42
001706     0.41   00.42
001707     0.41   00.42
001708     0.41   00.42
001709     0.41   00.42
001710     0.41   00.42
001711     0.41   00.42
001712     0.41   00.42
001713     0.41   00.42
001714     0.41   00.42
001715     0.41   00.42
001716     0.41   00.42
001717     0.41   00.42
001718     0.41   00.42
001719     0.41   00.42
001720     0.41   00.42
001721     0.41   00.42
001722     0.41   00.42
001723     0.41   00.42
001724     0.41   00.42
001725     0.41   00.42
001726     0.41   00.42
001727     0.41   00.42
001728     0.41   00.42
001729     0.41   00.42
001730     0.41   00.42
001731     0.41   00.42
001732     0.41   00.42
001733     0.41   00.42
001734     0.41   00.41
001735     0.41   00.41
001736     0.41   00.41
001737     0.41   00.41
001738     0.41   00.41
001739     0.41   00.41
001740     0.41   00.41
001741     0.41   00.41
001742     0.40   00.41
001743     0.40   00.41
001744     0.40   00.41
001745     0.40   00.41
001746     0.40   00.41
001747     0.40   00.41
001748     0.40   00.41
001749     0.40   00.41
001750     0.40   00.41
001751     0.40   00.41
001752     0.40   00.41
001753     0.40   00.41
001754     0.40   00.41
001755     0.40   00.41
001756     0.40   00.41
001757     0.40   00.41
001758     0.40   00.41
001759     0.40   00.41
001760     0.40   00.41
001761     0.40   00.41
001762     0.40   00.41
001763     0.40   00.41
001764     0.40   00.41
001765     0.40   00.41
001766     0.40   00.41
001767     0.40   00.40
001768     0.40   00.40
001769     0.40   00.40
001770     0.40   00.40
001771     0.40   00.40
001772     0.40   00.40
001773     0.40   00.40
001774     0.40   00.40
001775     0.40   00.40
001776     0.40   00.40
001777     0.40   00.40
001778     0.39   00.40
001779     0.39   00.40
001780     0.39   00.40
001781     0.39   00.40
001782     0.39   00.40
001783     0.39   00.40
001784     0.39   00.40
001785     0.39   00.40
001786     0.39   00.40
001787     0.39   00.40
001788     0.39   00.40
001789     0.39   00.40
001790     0.39   00.40
001791     0.39   00.40
001792     0.39   00.40
001793     0.39   00.40
001794     0.39   00.40
001795     0.39   00.40
001796     0.39   00.40
001797     0.39   00.40
001798     0.39   00.40
001799     0.39   00.40
001800     0.39   00.40
001801     0.39   00.40
001802     0.39   00.40
001803     0.39   00.40
001804     0.39   00.40
001805     0.39   00.40
001806     0.39   00.39
001807     0.39   00.40
001808     0.39   00.40
001809     0.39   00.40
001810     0.39   00.40
001811     0.39   00.40
001812     0.39   00.39
001813     0.39   00.39
001814     0.39   00.39
001815     0.39   00.39
001816     0.39   00.39
001817     0.39   00.39
001818     0.39   00.39
001819     0.39   00.39
001820     0.39   00.39
001821     0.39   00.39
001822     0.39   00.39
001823     0.39   00.39
001824     0.39   00.39
001825     0.39   00.39
001826     0.39   00.39
001827     0.39   00.39
001828     0.38   00.39
001829     0.38   00.39
001830     0.38   00.39
001831     0.38   00.39
001832     0.38   00.39
001833     0.38   00.39
001834     0.38   00.39
001835     0.38   00.39
001836     0.38   00.39
001837     0.38   00.39
001838     0.38   00.39
001839     0.38   00.39
001840     0.38   00.39
001841     0.38   00.39
001842     0.38   00.39
001843     0.38   00.39
001844     0.38   00.39
001845     0.38   00.39
001846     0.38   00.39
001847     0.38   00.39
001848     0.38   00.39
001849     0.38   00.39
001850     0.38   00.39
001851     0.38   00.39
001852     0.38   00.39
001853     0.38   00.39
001854     0.38   00.39
001855     0.38   00.39
001856     0.38   00.39
001857     0.38   00.39
001858     0.38   00.39
001859     0.38   00.39
001860     0.38   00.39
001861     0.38   00.39
001862     0.38   00.39
001863     0.38   00.39
001864     0.38   00.39
001865     0.38   00.39
001866     0.38   00.39
001867     0.38   00.39
001868     0.38   00.39
001869     0.38   00.38
001870     0.38   00.39
001871     0.38   00.39
001872     0.38   00.39
001873     0.38   00.38
001874     0.38   00.39
001875     0.38   00.38
001876     0.38   00.38
001877     0.38   00.38
001878     0.38   00.38
001879     0.38   00.38
001880     0.38   00.38
001881     0.38   00.38
001882     0.38   00.38
001883     0.38   00.38
001884     0.38   00.38
001885     0.38   00.38
001886     0.38   00.38
001887     0.38   00.38
001888     0.38   00.38
001889     0.38   00.38
001890     0.38   00.38
001891     0.38   00.38
001892     0.38   00.38
001893     0.38   00.38
001894     0.38   00.38
001895     0.38   00.38
001896     0.37   00.38
001897     0.37   00.38
001898     0.37   00.38
001899     0.37   00.38
001900     0.37   00.38
001901     0.37   00.38
001902     0.37   00.38
001903     0.37   00.38
001904     0.37   00.38
001905     0.37   00.38
001906     0.37   00.38
001907     0.37   00.38
001908     0.37   00.38
001909     0.37   00.38
001910     0.37   00.38
001911     0.37   00.38
001912     0.37   00.38
001913     0.37   00.38
001914     0.37   00.38
001915     0.37   00.38
001916     0.37   00.38
001917     0.37   00.38
001918     0.37   00.38
001919     0.37   00.38
001920     0.37   00.38
001921     0.37   00.38
001922     0.37   00.38
001923     0.37   00.38
001924     0.37   00.38
001925     0.37   00.38
001926     0.37   00.38
001927     0.37   00.38
001928     0.37   00.38
001929     0.37   00.37
001930     0.37   00.38
001931     0.37   00.38
001932     0.37   00.37
001933     0.37   00.37
001934     0.37   00.37
001935     0.37   00.37
001936     0.37   00.37
001937     0.37   00.37
001938     0.37   00.37
001939     0.37   00.37
001940     0.37   00.37
001941     0.37   00.37
001942     0.37   00.37
001943     0.37   00.37
001944     0.37   00.37
001945     0.37   00.37
001946     0.37   00.37
001947     0.37   00.37
001948     0.37   00.37
001949     0.37   00.37
001950     0.37   00.37
001951     0.37   00.37
001952     0.36   00.37
001953     0.36   00.37
001954     0.36   00.37
001955     0.36   00.37
001956     0.36   00.37
001957     0.36   00.37
001958     0.36   00.37
001959     0.36   00.37
001960     0.36   00.37
001961     0.36   00.37
001962     0.36   00.37
001963     0.36   00.37
001964     0.36   00.37
001965     0.36   00.37
001966     0.36   00.37
001967     0.36   00.37
001968     0.36   00.37
001969     0.36   00.37
001970     0.36   00.37
001971     0.36   00.37
001972     0.36   00.37
001973     0.36   00.37
001974     0.36   00.37
001975     0.36   00.37
001976     0.36   00.37
001977     0.36   00.37
001978     0.36   00.37
001979     0.36   00.37
001980     0.36   00.37
001981     0.36   00.37
001982     0.36   00.37
001983     0.36   00.37
001984     0.36   00.37
001985     0.36   00.37
001986     0.36   00.37
001987     0.36   00.37
001988     0.36   00.37
001989     0.36   00.37
001990     0.36   00.37
001991     0.36   00.37
001992     0.36   00.37
001993     0.36   00.37
001994     0.36   00.37
001995     0.36   00.37
001996     0.36   00.37
001997     0.36   00.37
001998     0.36   00.37
001999     0.36   00.37
002000     0.36   00.37
002001     0.36   00.37
002002     0.36   00.37
002003     0.36   00.37
002004     0.36   00.37
002005     0.36   00.37
002006     0.36   00.37
002007     0.36   00.36
002008     0.36   00.36
002009     0.36   00.36
002010     0.36   00.36
002011     0.36   00.36
002012     0.36   00.36
002013     0.36   00.36
002014     0.36   00.36
002015     0.36   00.36
002016     0.36   00.37
002017     0.36   00.37
002018     0.36   00.37
002019     0.36   00.37
002020     0.36   00.37
002021     0.36   00.37
002022     0.36   00.37
002023     0.36   00.37
002024     0.36   00.37
002025     0.36   00.37
002026     0.36   00.37
002027     0.36   00.37
002028     0.36   00.37
002029     0.36   00.37
002030     0.36   00.36
002031     0.36   00.36
002032     0.36   00.36
002033     0.36   00.36
002034     0.36   00.36
002035     0.36   00.36
002036     0.36   00.36
002037     0.36   00.36
002038     0.36   00.36
002039     0.36   00.36
002040     0.36   00.36
002041     0.36   00.36
002042     0.36   00.36
002043     0.36   00.36
002044     0.36   00.36
002045     0.36   00.36
002046     0.36   00.36
002047     0.36   00.37
002048     0.36   00.37
002049     0.36   00.36
002050     0.36   00.36
002051     0.36   00.36
002052     0.36   00.36
002053     0.36   00.36
002054     0.36   00.36
002055     0.36   00.36
002056     0.36   00.36
002057     0.36   00.36
002058     0.36   00.36
002059     0.36   00.36
002060     0.36   00.36
002061     0.36   00.36
002062     0.36   00.36
002063     0.36   00.36
002064     0.36   00.36
002065     0.36   00.36
002066     0.36   00.36
002067     0.36   00.36
002068     0.36   00.36
002069     0.36   00.36
002070     0.36   00.36
002071     0.36   00.36
002072     0.36   00.36
002073     0.36   00.36
002074     0.36   00.36
002075     0.36   00.36
002076     0.36   00.36
002077     0.36   00.36
002078     0.36   00.36
002079     0.36   00.36
002080     0.36   00.36
002081     0.36   00.36
002082     0.36   00.36
002083     0.36   00.36
002084     0.36   00.36
002085     0.36   00.36
002086     0.36   00.36
002087     0.36   00.36
002088     0.36   00.36
002089     0.36   00.36
002090     0.36   00.36
002091     0.36   00.36
002092     0.36   00.36
002093     0.36   00.36
002094     0.36   00.36
002095     0.35   00.36
002096     0.35   00.36
002097     0.35   00.36
002098     0.35   00.36
002099     0.35   00.36
002100     0.35   00.36
002101     0.35   00.36
002102     0.35   00.36
002103     0.35   00.36
002104     0.35   00.36
002105     0.35   00.36
002106     0.35   00.36
002107     0.35   00.36
002108     0.35   00.36
002109     0.35   00.36
002110     0.35   00.36
002111     0.35   00.36
002112     0.35   00.36
002113     0.35   00.36
002114     0.35   00.36
002115     0.35   00.36
002116     0.35   00.35
002117     0.35   00.35
002118     0.35   00.36
002119     0.35   00.36
002120     0.35   00.36
002121     0.35   00.36
002122     0.35   00.36
002123     0.35   00.36
002124     0.35   00.36
002125     0.35   00.36
002126     0.35   00.36
002127     0.35   00.36
002128     0.35   00.35
002129     0.35   00.36
002130     0.35   00.35
002131     0.35   00.36
002132     0.35   00.36
002133     0.35   00.36
002134     0.35   00.36
002135     0.35   00.36
002136     0.35   00.36
002137     0.35   00.36
002138     0.35   00.36
002139     0.35   00.36
002140     0.35   00.36
002141     0.35   00.36
002142     0.35   00.36
002143     0.35   00.36
002144     0.35   00.36
002145     0.35   00.35
002146     0.35   00.35
002147     0.35   00.35
002148     0.35   00.35
002149     0.35   00.35
002150     0.35   00.35
002151     0.35   00.35
002152     0.35   00.35
002153     0.35   00.35
002154     0.35   00.35
002155     0.35   00.35
002156     0.35   00.35
002157     0.35   00.35
002158     0.35   00.35
002159     0.35   00.35
002160     0.35   00.35
002161     0.35   00.35
002162     0.35   00.35
002163     0.35   00.35
002164     0.35   00.35
002165     0.35   00.35
002166     0.35   00.35
002167     0.35   00.35
002168     0.35   00.35
002169     0.35   00.35
002170     0.35   00.35
002171     0.35   00.35
002172     0.35   00.35
002173     0.35   00.35
002174     0.35   00.35
002175     0.35   00.35
002176     0.35   00.35
002177     0.35   00.35
002178     0.35   00.35
002179     0.35   00.35
002180     0.35   00.35
002181     0.35   00.35
002182     0.35   00.35
002183     0.35   00.35
002184     0.35   00.35
002185     0.35   00.35
002186     0.34   00.35
002187     0.34   00.35
002188     0.34   00.35
002189     0.34   00.35
002190     0.34   00.35
002191     0.34   00.35
002192     0.34   00.35
002193     0.34   00.35
002194     0.34   00.35
002195     0.34   00.35
002196     0.34   00.35
002197     0.34   00.35
002198     0.34   00.35
002199     0.34   00.35
002200     0.34   00.35
002201     0.34   00.35
002202     0.34   00.35
002203     0.34   00.35
002204     0.34   00.35
002205     0.34   00.35
002206     0.34   00.35
002207     0.34   00.35
002208     0.34   00.35
002209     0.34   00.35
002210     0.34   00.35
002211     0.34   00.35
002212     0.34   00.35
002213     0.34   00.35
002214     0.34   00.35
002215     0.34   00.35
002216     0.34   00.35
002217     0.34   00.35
002218     0.34   00.35
002219     0.34   00.35
002220     0.34   00.35
002221     0.34   00.35
002222     0.34   00.35
002223     0.34   00.35
002224     0.34   00.35
002225     0.34   00.35
002226     0.34   00.35
002227     0.34   00.35
002228     0.34   00.35
002229     0.34   00.35
002230     0.34   00.35
002231     0.34   00.35
002232     0.34   00.35
002233     0.34   00.35
002234     0.34   00.35
002235     0.34   00.35
002236     0.34   00.35
002237     0.34   00.35
002238     0.34   00.35
002239     0.34   00.35
002240     0.34   00.35
002241     0.34   00.35
002242     0.34   00.35
002243     0.34   00.35
002244     0.34   00.35
002245     0.34   00.34
002246     0.34   00.35
002247     0.34   00.35
002248     0.34   00.35
002249     0.34   00.34
002250     0.34   00.34
002251     0.34   00.34
002252     0.34   00.34
002253     0.34   00.34
002254     0.34   00.34
002255     0.34   00.34
002256     0.34   00.34
002257     0.34   00.34
002258     0.34   00.34
002259     0.34   00.34
002260     0.34   00.34
002261     0.34   00.34
002262     0.34   00.34
002263     0.34   00.34
002264     0.34   00.34
002265     0.34   00.34
002266     0.34   00.34
002267     0.34   00.34
002268     0.34   00.34
002269     0.34   00.34
002270     0.34   00.34
002271     0.34   00.34
002272     0.34   00.34
002273     0.34   00.34
002274     0.34   00.34
002275     0.34   00.34
002276     0.34   00.34
002277     0.34   00.34
002278     0.34   00.34
002279     0.34   00.34
002280     0.34   00.34
002281     0.34   00.34
002282     0.34   00.34
002283     0.34   00.34
002284     0.34   00.34
002285     0.34   00.34
002286     0.34   00.34
002287     0.34   00.34
002288     0.34   00.34
002289     0.34   00.34
002290     0.34   00.34
002291     0.34   00.34
002292     0.34   00.34
002293     0.34   00.34
002294     0.34   00.34
002295     0.34   00.34
002296     0.34   00.34
002297     0.34   00.34
002298     0.34   00.34
002299     0.34   00.34
002300     0.34   00.34
002301     0.34   00.34
002302     0.34   00.34
002303     0.34   00.34
002304     0.34   00.34
002305     0.33   00.34
002306     0.33   00.34
002307     0.33   00.34
002308     0.33   00.34
002309     0.33   00.34
002310     0.33   00.34
002311     0.33   00.34
002312     0.33   00.34
002313     0.33   00.34
002314     0.33   00.34
002315     0.33   00.34
002316     0.33   00.34
002317     0.33   00.34
002318     0.33   00.34
002319     0.33   00.34
002320     0.33   00.34
002321     0.33   00.34
002322     0.33   00.34
002323     0.33   00.34
002324     0.33   00.34
002325     0.33   00.34
002326     0.33   00.34
002327     0.33   00.34
002328     0.33   00.34
002329     0.33   00.34
002330     0.33   00.34
002331     0.33   00.34
002332     0.33   00.34
002333     0.33   00.34
002334     0.33   00.34
002335     0.33   00.34
002336     0.33   00.34
002337     0.33   00.34
002338     0.33   00.34
002339     0.33   00.34
002340     0.33   00.34
002341     0.33   00.34
002342     0.33   00.34
002343     0.33   00.34
002344     0.33   00.34
002345     0.33   00.34
002346     0.33   00.34
002347     0.33   00.34
002348     0.33   00.34
002349     0.33   00.34
002350     0.33   00.34
002351     0.33   00.34
002352     0.33   00.34
002353     0.33   00.34
002354     0.33   00.33
002355     0.33   00.33
002356     0.33   00.33
002357     0.33   00.33
002358     0.33   00.33
002359     0.33   00.33
002360     0.33   00.33
002361     0.33   00.33
002362     0.33   00.34
002363     0.33   00.34
002364     0.33   00.34
002365     0.33   00.34
002366     0.33   00.34
002367     0.33   00.34
002368     0.33   00.34
002369     0.33   00.34
002370     0.33   00.34
002371     0.33   00.34
002372     0.33   00.34
002373     0.33   00.33
002374     0.33   00.33
002375     0.33   00.33
002376     0.33   00.33
002377     0.33   00.33
002378     0.33   00.33
002379     0.33   00.33
002380     0.33   00.33
002381     0.33   00.33
002382     0.33   00.33
002383     0.33   00.33
002384     0.33   00.33
002385     0.33   00.34
002386     0.33   00.33
002387     0.33   00.33
002388     0.33   00.34
002389     0.33   00.33
002390     0.33   00.34
002391     0.33   00.34
002392     0.33   00.33
002393     0.33   00.34
002394     0.33   00.34
002395     0.33   00.34
002396     0.33   00.33
002397     0.33   00.33
002398     0.33   00.33
002399     0.33   00.33
002400     0.33   00.33
002401     0.33   00.33
002402     0.33   00.33
002403     0.33   00.33
002404     0.33   00.33
002405     0.33   00.33
002406     0.33   00.33
002407     0.33   00.34
002408     0.33   00.34
002409     0.33   00.34
002410     0.33   00.34
002411     0.33   00.33
002412     0.33   00.33
002413     0.33   00.33
002414     0.33   00.33
002415     0.33   00.33
002416     0.33   00.33
002417     0.33   00.33
002418     0.33   00.33
002419     0.33   00.33
002420     0.32   00.33
002421     0.32   00.33
002422     0.32   00.33
002423     0.32   00.33
002424     0.32   00.33
002425     0.32   00.33
002426     0.32   00.33
002427     0.32   00.33
002428     0.32   00.33
002429     0.32   00.33
002430     0.32   00.33
002431     0.32   00.33
002432     0.32   00.33
002433     0.32   00.33
002434     0.32   00.33
002435     0.32   00.33
002436     0.32   00.33
002437     0.32   00.33
002438     0.32   00.33
002439     0.32   00.33
002440     0.32   00.33
002441     0.32   00.33
002442     0.32   00.33
002443     0.32   00.33
002444     0.32   00.33
002445     0.32   00.33
002446     0.32   00.33
002447     0.32   00.33
002448     0.32   00.33
002449     0.32   00.33
002450     0.32   00.33
002451     0.32   00.33
002452     0.32   00.33
002453     0.32   00.33
002454     0.32   00.33
002455     0.32   00.33
002456     0.32   00.33
002457     0.32   00.33
002458     0.32   00.33
002459     0.32   00.33
002460     0.32   00.33
002461     0.32   00.33
002462     0.32   00.33
002463     0.32   00.33
002464     0.32   00.33
002465     0.32   00.33
002466     0.32   00.33
002467     0.32   00.33
002468     0.32   00.33
002469     0.32   00.33
002470     0.32   00.33
002471     0.32   00.33
002472     0.32   00.33
002473     0.32   00.33
002474     0.32   00.33
002475     0.32   00.33
002476     0.32   00.33
002477     0.32   00.33
002478     0.32   00.33
002479     0.32   00.33
002480     0.32   00.33
002481     0.32   00.33
002482     0.32   00.33
002483     0.32   00.33
002484     0.32   00.33
002485     0.32   00.33
002486     0.32   00.33
002487     0.32   00.33
002488     0.32   00.33
002489     0.32   00.33
002490     0.32   00.33
002491     0.32   00.32
002492     0.32   00.32
002493     0.32   00.32
002494     0.32   00.32
002495     0.32   00.32
002496     0.32   00.32
002497     0.32   00.32
002498     0.32   00.32
002499     0.32   00.32
002500     0.32   00.32
002501     0.32   00.32
002502     0.32   00.32
002503     0.32   00.32
002504     0.32   00.32
002505     0.32   00.32
002506     0.32   00.32
002507     0.32   00.32
002508     0.32   00.32
002509     0.32   00.32
002510     0.32   00.32
002511     0.32   00.32
002512     0.32   00.32
002513     0.32   00.32
002514     0.32   00.32
002515     0.32   00.32
002516     0.31   00.32
002517     0.31   00.32
002518     0.31   00.32
002519     0.31   00.32
002520     0.31   00.32
002521     0.31   00.32
002522     0.31   00.32
002523     0.31   00.32
002524     0.31   00.32
002525     0.31   00.32
002526     0.31   00.32
002527     0.31   00.32
002528     0.31   00.32
002529     0.31   00.32
002530     0.31   00.32
002531     0.31   00.32
002532     0.31   00.32
002533     0.31   00.32
002534     0.31   00.32
002535     0.31   00.32
002536     0.31   00.32
002537     0.31   00.32
002538     0.31   00.32
002539     0.31   00.32
002540     0.31   00.32
002541     0.31   00.32
002542     0.31   00.32
002543     0.31   00.32
002544     0.31   00.32
002545     0.31   00.32
002546     0.31   00.32
002547     0.31   00.32
002548     0.31   00.32
002549     0.31   00.32
002550     0.31   00.32
002551     0.31   00.32
002552     0.31   00.32
002553     0.31   00.32
002554     0.31   00.32
002555     0.31   00.32
002556     0.31   00.32
002557     0.31   00.32
002558     0.31   00.32
002559     0.31   00.32
002560     0.31   00.32
002561     0.31   00.32
002562     0.31   00.32
002563     0.31   00.32
002564     0.31   00.32
002565     0.31   00.32
002566     0.31   00.32
002567     0.31   00.32
002568     0.31   00.32
002569     0.31   00.32
002570     0.31   00.32
002571     0.31   00.32
002572     0.31   00.32
002573     0.31   00.32
002574     0.31   00.32
002575     0.31   00.32
002576     0.31   00.32
002577     0.31   00.32
002578     0.31   00.32
002579     0.31   00.32
002580     0.31   00.32
002581     0.31   00.32
002582     0.31   00.32
002583     0.31   00.32
002584     0.31   00.32
002585     0.31   00.32
002586     0.31   00.32
002587     0.31   00.32
002588     0.31   00.32
002589     0.31   00.32
002590     0.31   00.32
002591     0.31   00.32
002592     0.31   00.32
002593     0.31   00.32
002594     0.31   00.32
002595     0.31   00.32
002596     0.31   00.32
002597     0.31   00.32
002598     0.31   00.32
002599     0.31   00.32
002600     0.31   00.32
002601     0.31   00.32
002602     0.31   00.32
002603     0.31   00.32
002604     0.31   00.32
002605     0.31   00.32
002606     0.31   00.32
002607     0.31   00.32
002608     0.31   00.32
002609     0.31   00.32
002610     0.31   00.32
002611     0.31   00.32
002612     0.31   00.32
002613     0.31   00.32
002614     0.31   00.32
002615     0.31   00.32
002616     0.31   00.32
002617     0.31   00.32
002618     0.31   00.32
002619     0.31   00.32
002620     0.31   00.32
002621     0.31   00.32
002622     0.31   00.32
002623     0.31   00.32
002624     0.31   00.32
002625     0.31   00.32
002626     0.31   00.32
002627     0.31   00.31
002628     0.31   00.31
002629     0.31   00.31
002630     0.31   00.31
002631     0.31   00.31
002632     0.31   00.31
002633     0.31   00.31
002634     0.31   00.31
002635     0.31   00.31
002636     0.31   00.31
002637     0.31   00.31
002638     0.31   00.31
002639     0.31   00.31
002640     0.31   00.31
002641     0.31   00.31
002642     0.31   00.31
002643     0.31   00.31
002644     0.31   00.31
002645     0.31   00.31
002646     0.31   00.31
002647     0.31   00.31
002648     0.31   00.31
002649     0.31   00.31
002650     0.31   00.31
002651     0.31   00.31
002652     0.31   00.31
002653     0.31   00.31
002654     0.31   00.31
002655     0.31   00.31
002656     0.31   00.31
002657     0.31   00.31
002658     0.31   00.31
002659     0.31   00.31
002660     0.31   00.31
002661     0.31   00.31
002662     0.30   00.31
002663     0.30   00.31
002664     0.30   00.31
002665     0.30   00.31
002666     0.30   00.31
002667     0.30   00.31
002668     0.30   00.31
002669     0.30   00.31
002670     0.30   00.31
002671     0.30   00.31
002672     0.30   00.31
002673     0.30   00.31
002674     0.30   00.31
002675     0.30   00.31
002676     0.30   00.31
002677     0.30   00.31
002678     0.30   00.31
002679     0.30   00.31
002680     0.30   00.31
002681     0.30   00.31
002682     0.30   00.31
002683     0.30   00.31
002684     0.30   00.31
002685     0.30   00.31
002686     0.30   00.31
002687     0.30   00.31
002688     0.30   00.31
002689     0.30   00.31
002690     0.30   00.31
002691     0.30   00.31
002692     0.30   00.31
002693     0.30   00.31
002694     0.30   00.31
002695     0.30   00.31
002696     0.30   00.31
002697     0.30   00.31
002698     0.30   00.31
002699     0.30   00.31
002700     0.30   00.31
002701     0.30   00.31
002702     0.30   00.31
002703     0.30   00.31
002704     0.30   00.31
002705     0.30   00.31
002706     0.30   00.31
002707     0.30   00.31
002708     0.30   00.31
002709     0.30   00.31
002710     0.30   00.31
002711     0.30   00.31
002712     0.30   00.31
002713     0.30   00.31
002714     0.30   00.31
002715     0.30   00.31
002716     0.30   00.31
002717     0.30   00.31
002718     0.30   00.31
002719     0.30   00.31
002720     0.30   00.31
002721     0.30   00.31
002722     0.30   00.31
002723     0.30   00.31
002724     0.30   00.31
002725     0.30   00.31
002726     0.30   00.31
002727     0.30   00.31
002728     0.30   00.31
002729     0.30   00.31
002730     0.30   00.31
002731     0.30   00.31
002732     0.30   00.31
002733     0.30   00.31
002734     0.30   00.31
002735     0.30   00.31
002736     0.30   00.31
002737     0.30   00.31
002738     0.30   00.31
002739     0.30   00.31
002740     0.30   00.31
002741     0.30   00.31
002742     0.30   00.31
002743     0.30   00.31
002744     0.30   00.31
002745     0.30   00.31
002746     0.30   00.31
002747     0.30   00.31
002748     0.30   00.31
002749     0.30   00.31
002750     0.30   00.31
002751     0.30   00.31
002752     0.30   00.31
002753     0.30   00.31
002754     0.30   00.31
002755     0.30   00.31
002756     0.30   00.31
002757     0.30   00.31
002758     0.30   00.31
002759     0.30   00.31
002760     0.30   00.31
002761     0.30   00.31
002762     0.30   00.31
002763     0.30   00.31
002764     0.30   00.31
002765     0.30   00.31
002766     0.30   00.31
002767     0.30   00.31
002768     0.30   00.31
002769     0.30   00.31
002770     0.30   00.31
002771     0.30   00.31
002772     0.30   00.31
002773     0.30   00.31
002774     0.30   00.31
002775     0.30   00.31
002776     0.30   00.31
002777     0.30   00.31
002778     0.30   00.31
002779     0.30   00.31
002780     0.30   00.31
002781     0.30   00.31
002782     0.30   00.31
002783     0.30   00.31
002784     0.30   00.31
002785     0.30   00.31
002786     0.30   00.31
002787     0.30   00.31
002788     0.30   00.31
002789     0.30   00.31
002790     0.30   00.31
002791     0.30   00.31
002792     0.30   00.31
002793     0.30   00.31
002794     0.30   00.31
002795     0.30   00.31
002796     0.30   00.31
002797     0.30   00.31
002798     0.30   00.31
002799     0.30   00.31
002800     0.30   00.31
002801     0.30   00.31
002802     0.30   00.31
002803     0.30   00.31
002804     0.30   00.31
002805     0.30   00.31
002806     0.30   00.31
002807     0.30   00.31
002808     0.30   00.31
002809     0.30   00.31
002810     0.30   00.31
002811     0.30   00.31
002812     0.30   00.31
002813     0.30   00.31
002814     0.30   00.31
002815     0.30   00.31
002816     0.30   00.31
002817     0.30   00.31
002818     0.30   00.31
002819     0.30   00.31
002820     0.30   00.31
002821     0.30   00.31
002822     0.30   00.31
002823     0.30   00.30
002824     0.30   00.31
002825     0.30   00.31
002826     0.30   00.30
002827     0.30   00.30
002828     0.30   00.31
002829     0.30   00.31
002830     0.30   00.30
002831     0.30   00.30
002832     0.30   00.31
002833     0.30   00.30
002834     0.30   00.30
002835     0.30   00.31
002836     0.30   00.31
002837     0.30   00.31
002838     0.30   00.30
002839     0.30   00.30
002840     0.30   00.30
002841     0.30   00.30
002842     0.30   00.30
002843     0.30   00.30
002844     0.30   00.30
002845     0.30   00.30
002846     0.30   00.30
002847     0.30   00.30
002848     0.30   00.30
002849     0.30   00.30
002850     0.30   00.30
002851     0.30   00.30
002852     0.30   00.30
002853     0.30   00.31
002854     0.30   00.31
002855     0.30   00.31
002856     0.30   00.31
002857     0.30   00.31
002858     0.30   00.31
002859     0.30   00.31
002860     0.30   00.31
002861     0.30   00.31
002862     0.30   00.31
002863     0.30   00.31
002864     0.30   00.31
002865     0.30   00.31
002866     0.30   00.31
002867     0.30   00.31
002868     0.30   00.30
002869     0.30   00.31
002870     0.30   00.31
002871     0.30   00.31
002872     0.30   00.31
002873     0.30   00.31
002874     0.30   00.31
002875     0.30   00.31
002876     0.30   00.31
002877     0.30   00.31
002878     0.30   00.31
002879     0.30   00.31
002880     0.30   00.31
002881     0.30   00.30
002882     0.30   00.30
002883     0.30   00.31
002884     0.30   00.30
002885     0.30   00.30
002886     0.30   00.30
002887     0.30   00.30
002888     0.30   00.30
002889     0.30   00.30
002890     0.30   00.30
002891     0.30   00.31
002892     0.30   00.30
002893     0.30   00.30
002894     0.30   00.31
002895     0.30   00.31
002896     0.30   00.31
002897     0.30   00.31
002898     0.30   00.31
002899     0.30   00.31
002900     0.30   00.31
002901     0.30   00.31
002902     0.30   00.31
002903     0.30   00.31
002904     0.30   00.31
002905     0.30   00.31
002906     0.30   00.31
002907     0.30   00.31
002908     0.30   00.31
002909     0.30   00.31
002910     0.30   00.31
002911     0.30   00.30
002912     0.30   00.30
002913     0.30   00.30
002914     0.30   00.31
002915     0.30   00.30
002916     0.30   00.30
002917     0.30   00.30
002918     0.30   00.30
002919     0.30   00.30
002920     0.30   00.30
002921     0.30   00.31
002922     0.30   00.30
002923     0.30   00.31
002924     0.30   00.31
002925     0.30   00.31
002926     0.30   00.31
002927     0.30   00.31
002928     0.30   00.31
002929     0.30   00.31
002930     0.30   00.31
002931     0.30   00.31
002932     0.30   00.31
002933     0.30   00.30
002934     0.30   00.31
002935     0.30   00.31
002936     0.30   00.30
002937     0.30   00.30
002938     0.30   00.30
002939     0.30   00.30
002940     0.30   00.30
002941     0.30   00.30
002942     0.30   00.30
002943     0.30   00.30
002944     0.30   00.30
002945     0.30   00.31
002946     0.30   00.30
002947     0.30   00.30
002948     0.30   00.30
002949     0.30   00.30
002950     0.30   00.30
002951     0.30   00.30
002952     0.30   00.30
002953     0.30   00.30
002954     0.30   00.30
002955     0.30   00.30
002956     0.30   00.30
002957     0.30   00.30
002958     0.30   00.30
002959     0.30   00.30
002960     0.30   00.30
002961     0.30   00.30
002962     0.30   00.30
002963     0.30   00.30
002964     0.30   00.30
002965     0.30   00.30
002966     0.30   00.30
002967     0.30   00.30
002968     0.30   00.30
002969     0.30   00.30
002970     0.30   00.30
002971     0.30   00.30
002972     0.30   00.30
002973     0.30   00.30
002974     0.30   00.30
002975     0.30   00.30
002976     0.30   00.30
002977     0.30   00.30
002978     0.30   00.30
002979     0.30   00.30
002980     0.30   00.30
002981     0.30   00.30
002982     0.30   00.30
002983     0.30   00.30
002984     0.30   00.30
002985     0.30   00.30
002986     0.30   00.30
002987     0.30   00.30
002988     0.30   00.30
002989     0.30   00.30
002990     0.30   00.30
002991     0.30   00.30
002992     0.30   00.30
002993     0.30   00.30
002994     0.30   00.30
002995     0.30   00.30
002996     0.30   00.30
002997     0.30   00.30
002998     0.30   00.30
002999     0.30   00.30
003000     0.30   00.30
003001     0.30   00.30
