000001     3.10   03.38
000002     3.06   03.34
000003     3.06   03.31
000004     3.06   03.28
000005     3.06   03.27
000006     2.97   03.24
000007     2.97   03.19
000008     2.88   03.17
000009     2.88   03.17
000010     2.88   03.15
000011     2.88   03.11
000012     2.88   03.11
000013     2.87   03.09
000014     2.87   03.08
000015     2.87   03.04
000016     2.81   03.00
000017     2.80   02.98
000018     2.80   02.96
000019     2.78   02.93
000020     2.76   02.90
000021     2.72   02.89
000022     2.71   02.86
000023     2.68   02.84
000024     2.66   02.81
000025     2.66   02.80
000026     2.66   02.78
000027     2.66   02.76
000028     2.63   02.74
000029     2.58   02.73
000030     2.58   02.71
000031     2.58   02.70
000032     2.57   02.68
000033     2.57   02.68
000034     2.57   02.67
000035     2.54   02.64
000036     2.52   02.63
000037     2.51   02.62
000038     2.51   02.61
000039     2.47   02.60
000040     2.45   02.58
000041     2.45   02.54
000042     2.43   02.52
000043     2.43   02.52
000044     2.38   02.50
000045     2.38   02.49
000046     2.38   02.47
000047     2.37   02.45
000048     2.37   02.44
000049     2.37   02.43
000050     2.36   02.42
000051     2.35   02.41
000052     2.35   02.40
000053     2.33   02.39
000054     2.33   02.38
000055     2.32   02.37
000056     2.31   02.36
000057     2.30   02.35
000058     2.30   02.35
000059     2.28   02.33
000060     2.28   02.33
000061     2.27   02.32
000062     2.27   02.32
000063     2.27   02.31
000064     2.27   02.31
000065     2.27   02.30
000066     2.27   02.29
000067     2.26   02.29
000068     2.26   02.28
000069     2.25   02.28
000070     2.25   02.28
000071     2.24   02.27
000072     2.24   02.27
000073     2.24   02.26
000074     2.24   02.26
000075     2.23   02.25
000076     2.23   02.25
000077     2.23   02.25
000078     2.22   02.24
000079     2.22   02.24
000080     2.22   02.24
000081     2.22   02.24
000082     2.21   02.23
000083     2.21   02.23
000084     2.21   02.23
000085     2.20   02.23
000086     2.20   02.22
000087     2.20   02.22
000088     2.19   02.22
000089     2.19   02.21
000090     2.19   02.21
000091     2.19   02.20
000092     2.18   02.20
000093     2.17   02.20
000094     2.17   02.19
000095     2.17   02.19
000096     2.17   02.19
000097     2.17   02.18
000098     2.17   02.18
000099     2.16   02.18
000100     2.16   02.18
000101     2.16   02.17
000102     2.16   02.17
000103     2.16   02.17
000104     2.16   02.17
000105     2.15   02.17
000106     2.15   02.17
000107     2.15   02.17
000108     2.15   02.16
000109     2.15   02.16
000110     2.14   02.16
000111     2.14   02.15
000112     2.14   02.15
000113     2.13   02.15
000114     2.13   02.15
000115     2.13   02.14
000116     2.12   02.14
000117     2.12   02.14
000118     2.12   02.14
000119     2.12   02.13
000120     2.12   02.13
000121     2.11   02.13
000122     2.11   02.12
000123     2.10   02.12
000124     2.10   02.12
000125     2.10   02.11
000126     2.10   02.11
000127     2.09   02.11
000128     2.09   02.11
000129     2.09   02.10
000130     2.09   02.10
000131     2.09   02.10
000132     2.09   02.10
000133     2.08   02.10
000134     2.08   02.09
000135     2.08   02.09
000136     2.08   02.09
000137     2.08   02.09
000138     2.08   02.09
000139     2.07   02.09
000140     2.07   02.08
000141     2.07   02.08
000142     2.07   02.08
000143     2.06   02.08
000144     2.06   02.07
000145     2.06   02.07
000146     2.05   02.07
000147     2.05   02.07
000148     2.05   02.06
000149     2.05   02.06
000150     2.04   02.06
000151     2.04   02.06
000152     2.04   02.06
000153     2.04   02.05
000154     2.04   02.05
000155     2.03   02.05
000156     2.03   02.05
000157     2.03   02.04
000158     2.02   02.04
000159     2.02   02.04
000160     2.02   02.04
000161     2.02   02.03
000162     2.02   02.03
000163     2.01   02.03
000164     2.01   02.03
000165     2.01   02.02
000166     2.01   02.02
000167     2.01   02.02
000168     2.01   02.02
000169     2.00   02.01
000170     2.00   02.01
000171     2.00   02.01
000172     2.00   02.01
000173     1.99   02.01
000174     1.99   02.00
000175     1.99   02.00
000176     1.99   02.00
000177     1.98   02.00
000178     1.98   02.00
000179     1.97   01.99
000180     1.97   01.99
000181     1.97   01.99
000182     1.97   01.99
000183     1.97   01.99
000184     1.97   01.98
000185     1.96   01.98
000186     1.96   01.98
000187     1.96   01.97
000188     1.96   01.97
000189     1.96   01.97
000190     1.95   01.97
000191     1.95   01.96
000192     1.95   01.96
000193     1.94   01.96
000194     1.94   01.95
000195     1.94   01.95
000196     1.94   01.95
000197     1.93   01.95
000198     1.93   01.95
000199     1.93   01.94
000200     1.93   01.94
000201     1.93   01.94
000202     1.93   01.94
000203     1.92   01.94
000204     1.92   01.94
000205     1.92   01.93
000206     1.91   01.93
000207     1.91   01.93
000208     1.91   01.92
000209     1.91   01.92
000210     1.90   01.92
000211     1.90   01.92
000212     1.90   01.92
000213     1.90   01.91
000214     1.89   01.91
000215     1.89   01.91
000216     1.89   01.91
000217     1.89   01.90
000218     1.89   01.90
000219     1.89   01.90
000220     1.89   01.90
000221     1.88   01.90
000222     1.88   01.89
000223     1.88   01.89
000224     1.88   01.89
000225     1.87   01.89
000226     1.87   01.89
000227     1.87   01.88
000228     1.87   01.88
000229     1.86   01.88
000230     1.86   01.88
000231     1.86   01.87
000232     1.86   01.87
000233     1.86   01.87
000234     1.86   01.87
000235     1.85   01.87
000236     1.85   01.87
000237     1.85   01.86
000238     1.85   01.86
000239     1.85   01.86
000240     1.84   01.86
000241     1.84   01.86
000242     1.84   01.85
000243     1.84   01.85
000244     1.84   01.85
000245     1.83   01.85
000246     1.83   01.84
000247     1.83   01.84
000248     1.82   01.84
000249     1.82   01.84
000250     1.82   01.84
000251     1.82   01.83
000252     1.82   01.83
000253     1.81   01.83
000254     1.81   01.83
000255     1.81   01.82
000256     1.81   01.82
000257     1.81   01.82
000258     1.81   01.82
000259     1.80   01.82
000260     1.80   01.81
000261     1.80   01.81
000262     1.80   01.81
000263     1.79   01.80
000264     1.79   01.80
000265     1.79   01.80
000266     1.78   01.80
000267     1.78   01.79
000268     1.78   01.79
000269     1.78   01.79
000270     1.77   01.79
000271     1.77   01.79
000272     1.77   01.78
000273     1.77   01.78
000274     1.77   01.78
000275     1.77   01.78
000276     1.76   01.78
000277     1.76   01.77
000278     1.76   01.77
000279     1.75   01.77
000280     1.75   01.77
000281     1.75   01.76
000282     1.75   01.76
000283     1.74   01.76
000284     1.74   01.76
000285     1.74   01.76
000286     1.74   01.75
000287     1.74   01.75
000288     1.74   01.75
000289     1.74   01.75
000290     1.73   01.75
000291     1.73   01.75
000292     1.73   01.74
000293     1.73   01.74
000294     1.73   01.74
000295     1.72   01.74
000296     1.72   01.74
000297     1.72   01.73
000298     1.72   01.73
000299     1.72   01.73
000300     1.71   01.73
000301     1.71   01.73
000302     1.71   01.72
000303     1.71   01.72
000304     1.70   01.72
000305     1.70   01.72
000306     1.70   01.71
000307     1.70   01.71
000308     1.70   01.71
000309     1.69   01.71
000310     1.69   01.70
000311     1.69   01.70
000312     1.68   01.70
000313     1.68   01.69
000314     1.68   01.69
000315     1.68   01.69
000316     1.68   01.69
000317     1.67   01.69
000318     1.67   01.68
000319     1.67   01.68
000320     1.67   01.68
000321     1.67   01.68
000322     1.67   01.68
000323     1.66   01.67
000324     1.66   01.67
000325     1.66   01.67
000326     1.65   01.67
000327     1.65   01.67
000328     1.65   01.67
000329     1.65   01.66
000330     1.65   01.66
000331     1.65   01.66
000332     1.64   01.65
000333     1.64   01.65
000334     1.64   01.65
000335     1.63   01.65
000336     1.63   01.65
000337     1.63   01.64
000338     1.63   01.64
000339     1.63   01.64
000340     1.63   01.64
000341     1.63   01.64
000342     1.62   01.64
000343     1.62   01.63
000344     1.62   01.63
000345     1.62   01.63
000346     1.62   01.63
000347     1.61   01.63
000348     1.61   01.62
000349     1.61   01.62
000350     1.61   01.62
000351     1.60   01.62
000352     1.60   01.61
000353     1.59   01.61
000354     1.59   01.61
000355     1.59   01.61
000356     1.59   01.61
000357     1.59   01.60
000358     1.59   01.60
000359     1.59   01.60
000360     1.58   01.60
000361     1.58   01.60
000362     1.58   01.60
000363     1.58   01.60
000364     1.58   01.59
000365     1.58   01.59
000366     1.58   01.59
000367     1.57   01.59
000368     1.57   01.59
000369     1.57   01.58
000370     1.57   01.58
000371     1.57   01.58
000372     1.56   01.58
000373     1.56   01.58
000374     1.56   01.57
000375     1.56   01.57
000376     1.55   01.57
000377     1.55   01.57
000378     1.55   01.56
000379     1.55   01.56
000380     1.55   01.56
000381     1.55   01.56
000382     1.55   01.56
000383     1.54   01.56
000384     1.54   01.56
000385     1.54   01.55
000386     1.54   01.55
000387     1.53   01.55
000388     1.53   01.55
000389     1.53   01.55
000390     1.53   01.55
000391     1.53   01.54
000392     1.53   01.54
000393     1.53   01.54
000394     1.52   01.54
000395     1.52   01.53
000396     1.52   01.53
000397     1.52   01.53
000398     1.52   01.53
000399     1.51   01.53
000400     1.51   01.52
000401     1.51   01.52
000402     1.51   01.52
000403     1.50   01.51
000404     1.50   01.51
000405     1.49   01.51
000406     1.49   01.51
000407     1.49   01.51
000408     1.49   01.50
000409     1.48   01.50
000410     1.48   01.50
000411     1.48   01.49
000412     1.48   01.49
000413     1.48   01.49
000414     1.48   01.49
000415     1.48   01.49
000416     1.48   01.49
000417     1.47   01.48
000418     1.47   01.48
000419     1.47   01.48
000420     1.47   01.48
000421     1.47   01.48
000422     1.47   01.48
000423     1.46   01.47
000424     1.46   01.47
000425     1.46   01.47
000426     1.46   01.47
000427     1.46   01.47
000428     1.46   01.47
000429     1.46   01.47
000430     1.45   01.47
000431     1.45   01.46
000432     1.45   01.46
000433     1.45   01.46
000434     1.45   01.46
000435     1.45   01.46
000436     1.44   01.46
000437     1.44   01.45
000438     1.44   01.45
000439     1.44   01.45
000440     1.44   01.45
000441     1.43   01.45
000442     1.43   01.44
000443     1.43   01.44
000444     1.43   01.44
000445     1.42   01.44
000446     1.42   01.44
000447     1.42   01.43
000448     1.42   01.43
000449     1.42   01.43
000450     1.41   01.43
000451     1.41   01.43
000452     1.41   01.42
000453     1.41   01.42
000454     1.41   01.42
000455     1.41   01.42
000456     1.41   01.42
000457     1.41   01.42
000458     1.40   01.42
000459     1.40   01.41
000460     1.40   01.41
000461     1.40   01.41
000462     1.39   01.41
000463     1.39   01.40
000464     1.39   01.40
000465     1.39   01.40
000466     1.39   01.40
000467     1.39   01.40
000468     1.39   01.40
000469     1.38   01.40
000470     1.38   01.40
000471     1.38   01.39
000472     1.38   01.39
000473     1.38   01.39
000474     1.38   01.39
000475     1.38   01.39
000476     1.37   01.38
000477     1.37   01.38
000478     1.37   01.38
000479     1.37   01.38
000480     1.36   01.38
000481     1.36   01.37
000482     1.36   01.37
000483     1.36   01.37
000484     1.35   01.37
000485     1.35   01.36
000486     1.35   01.36
000487     1.35   01.36
000488     1.35   01.36
000489     1.35   01.36
000490     1.34   01.36
000491     1.34   01.35
000492     1.34   01.35
000493     1.34   01.35
000494     1.33   01.35
000495     1.33   01.35
000496     1.33   01.35
000497     1.33   01.34
000498     1.33   01.34
000499     1.33   01.34
000500     1.33   01.34
000501     1.32   01.34
000502     1.32   01.34
000503     1.32   01.33
000504     1.32   01.33
000505     1.32   01.33
000506     1.32   01.33
000507     1.32   01.33
000508     1.31   01.33
000509     1.31   01.32
000510     1.31   01.32
000511     1.31   01.32
000512     1.31   01.32
000513     1.31   01.32
000514     1.31   01.32
000515     1.31   01.32
000516     1.30   01.31
000517     1.30   01.31
000518     1.30   01.31
000519     1.30   01.31
000520     1.29   01.31
000521     1.29   01.30
000522     1.29   01.30
000523     1.29   01.30
000524     1.29   01.30
000525     1.29   01.30
000526     1.28   01.30
000527     1.28   01.29
000528     1.28   01.29
000529     1.28   01.29
000530     1.28   01.29
000531     1.28   01.29
000532     1.27   01.29
000533     1.27   01.28
000534     1.27   01.28
000535     1.27   01.28
000536     1.27   01.28
000537     1.27   01.28
000538     1.26   01.28
000539     1.26   01.27
000540     1.26   01.27
000541     1.26   01.27
000542     1.26   01.27
000543     1.25   01.27
000544     1.25   01.27
000545     1.25   01.26
000546     1.25   01.26
000547     1.25   01.26
000548     1.25   01.26
000549     1.25   01.26
000550     1.24   01.26
000551     1.24   01.25
000552     1.24   01.25
000553     1.24   01.25
000554     1.24   01.25
000555     1.24   01.25
000556     1.24   01.25
000557     1.23   01.25
000558     1.23   01.24
000559     1.23   01.24
000560     1.23   01.24
000561     1.23   01.24
000562     1.22   01.24
000563     1.22   01.24
000564     1.22   01.23
000565     1.22   01.23
000566     1.22   01.23
000567     1.22   01.23
000568     1.21   01.22
000569     1.21   01.22
000570     1.21   01.22
000571     1.21   01.22
000572     1.21   01.22
000573     1.21   01.22
000574     1.20   01.22
000575     1.20   01.21
000576     1.20   01.21
000577     1.20   01.21
000578     1.20   01.21
000579     1.20   01.21
000580     1.19   01.21
000581     1.19   01.21
000582     1.19   01.20
000583     1.19   01.20
000584     1.19   01.20
000585     1.18   01.20
000586     1.18   01.20
000587     1.18   01.20
000588     1.18   01.19
000589     1.18   01.19
000590     1.18   01.19
000591     1.18   01.19
000592     1.18   01.19
000593     1.18   01.19
000594     1.18   01.19
000595     1.18   01.19
000596     1.17   01.19
000597     1.17   01.18
000598     1.17   01.18
000599     1.17   01.18
000600     1.17   01.18
000601     1.17   01.18
000602     1.17   01.18
000603     1.17   01.18
000604     1.17   01.18
000605     1.16   01.17
000606     1.16   01.17
000607     1.16   01.17
000608     1.16   01.17
000609     1.15   01.17
000610     1.15   01.17
000611     1.15   01.17
000612     1.15   01.16
000613     1.15   01.16
000614     1.15   01.16
000615     1.15   01.16
000616     1.15   01.16
000617     1.14   01.15
000618     1.14   01.15
000619     1.14   01.15
000620     1.14   01.15
000621     1.14   01.15
000622     1.14   01.15
000623     1.14   01.15
000624     1.14   01.15
000625     1.14   01.15
000626     1.13   01.14
000627     1.13   01.14
000628     1.13   01.14
000629     1.13   01.14
000630     1.13   01.14
000631     1.13   01.14
000632     1.13   01.14
000633     1.12   01.14
000634     1.12   01.13
000635     1.12   01.13
000636     1.12   01.13
000637     1.12   01.13
000638     1.11   01.12
000639     1.11   01.12
000640     1.11   01.12
000641     1.11   01.12
000642     1.11   01.12
000643     1.10   01.12
000644     1.10   01.11
000645     1.10   01.11
000646     1.10   01.11
000647     1.10   01.11
000648     1.10   01.11
000649     1.10   01.11
000650     1.10   01.11
000651     1.09   01.11
000652     1.09   01.11
000653     1.09   01.11
000654     1.09   01.10
000655     1.09   01.10
000656     1.09   01.10
000657     1.09   01.10
000658     1.09   01.10
000659     1.09   01.10
000660     1.08   01.10
000661     1.08   01.09
000662     1.08   01.09
000663     1.08   01.09
000664     1.08   01.09
000665     1.07   01.09
000666     1.07   01.08
000667     1.07   01.08
000668     1.07   01.08
000669     1.07   01.08
000670     1.07   01.08
000671     1.07   01.08
000672     1.07   01.08
000673     1.07   01.08
000674     1.06   01.07
000675     1.06   01.07
000676     1.06   01.07
000677     1.06   01.07
000678     1.06   01.07
000679     1.06   01.07
000680     1.05   01.07
000681     1.05   01.06
000682     1.05   01.06
000683     1.05   01.06
000684     1.05   01.06
000685     1.05   01.06
000686     1.05   01.06
000687     1.05   01.06
000688     1.04   01.06
000689     1.04   01.05
000690     1.04   01.05
000691     1.04   01.05
000692     1.04   01.05
000693     1.04   01.05
000694     1.03   01.05
000695     1.03   01.04
000696     1.03   01.04
000697     1.03   01.04
000698     1.03   01.04
000699     1.03   01.04
000700     1.03   01.04
000701     1.03   01.03
000702     1.03   01.03
000703     1.02   01.03
000704     1.02   01.03
000705     1.02   01.03
000706     1.02   01.03
000707     1.02   01.03
000708     1.02   01.03
000709     1.02   01.03
000710     1.01   01.03
000711     1.01   01.02
000712     1.01   01.02
000713     1.01   01.02
000714     1.01   01.02
000715     1.01   01.02
000716     1.01   01.02
000717     1.01   01.02
000718     1.00   01.01
000719     1.00   01.01
000720     1.00   01.01
000721     1.00   01.01
000722     1.00   01.01
000723     1.00   01.01
000724     1.00   01.01
000725     1.00   01.01
000726     1.00   01.01
000727     1.00   01.00
000728     0.99   01.00
000729     0.99   01.00
000730     0.99   01.00
000731     0.99   01.00
000732     0.99   01.00
000733     0.99   01.00
000734     0.98   00.99
000735     0.98   00.99
000736     0.98   00.99
000737     0.98   00.99
000738     0.98   00.99
000739     0.98   00.99
000740     0.98   00.99
000741     0.97   00.99
000742     0.97   00.98
000743     0.97   00.98
000744     0.97   00.98
000745     0.97   00.98
000746     0.97   00.98
000747     0.97   00.98
000748     0.96   00.98
000749     0.96   00.97
000750     0.96   00.97
000751     0.96   00.97
000752     0.96   00.97
000753     0.96   00.97
000754     0.96   00.97
000755     0.96   00.97
000756     0.95   00.96
000757     0.95   00.96
000758     0.95   00.96
000759     0.95   00.96
000760     0.95   00.96
000761     0.95   00.96
000762     0.95   00.95
000763     0.95   00.95
000764     0.94   00.95
000765     0.94   00.95
000766     0.94   00.95
000767     0.94   00.95
000768     0.94   00.95
000769     0.94   00.95
000770     0.94   00.95
000771     0.94   00.95
000772     0.94   00.94
000773     0.93   00.94
000774     0.93   00.94
000775     0.93   00.94
000776     0.93   00.94
000777     0.93   00.94
000778     0.93   00.94
000779     0.93   00.94
000780     0.93   00.94
000781     0.92   00.93
000782     0.92   00.93
000783     0.92   00.93
000784     0.92   00.93
000785     0.92   00.93
000786     0.92   00.93
000787     0.92   00.93
000788     0.92   00.93
000789     0.92   00.92
000790     0.91   00.92
000791     0.91   00.92
000792     0.91   00.92
000793     0.91   00.92
000794     0.91   00.92
000795     0.91   00.92
000796     0.91   00.92
000797     0.91   00.92
000798     0.91   00.91
000799     0.91   00.91
000800     0.90   00.91
000801     0.90   00.91
000802     0.90   00.91
000803     0.90   00.91
000804     0.90   00.91
000805     0.90   00.91
000806     0.89   00.90
000807     0.89   00.90
000808     0.89   00.90
000809     0.89   00.90
000810     0.89   00.90
000811     0.89   00.90
000812     0.89   00.90
000813     0.89   00.90
000814     0.89   00.89
000815     0.89   00.89
000816     0.88   00.89
000817     0.88   00.89
000818     0.88   00.89
000819     0.88   00.89
000820     0.88   00.89
000821     0.88   00.89
000822     0.87   00.89
000823     0.87   00.88
000824     0.87   00.88
000825     0.87   00.88
000826     0.87   00.88
000827     0.87   00.88
000828     0.87   00.88
000829     0.87   00.88
000830     0.87   00.88
000831     0.87   00.88
000832     0.87   00.88
000833     0.87   00.87
000834     0.87   00.87
000835     0.87   00.87
000836     0.86   00.87
000837     0.86   00.87
000838     0.86   00.87
000839     0.86   00.87
000840     0.86   00.87
000841     0.86   00.87
000842     0.86   00.87
000843     0.85   00.86
000844     0.85   00.86
000845     0.85   00.86
000846     0.85   00.86
000847     0.85   00.86
000848     0.84   00.86
000849     0.84   00.86
000850     0.84   00.85
000851     0.84   00.85
000852     0.84   00.85
000853     0.84   00.85
000854     0.84   00.85
000855     0.84   00.85
000856     0.84   00.85
000857     0.84   00.85
000858     0.84   00.84
000859     0.84   00.84
000860     0.83   00.84
000861     0.83   00.84
000862     0.83   00.84
000863     0.83   00.84
000864     0.83   00.84
000865     0.83   00.84
000866     0.83   00.84
000867     0.83   00.83
000868     0.83   00.83
000869     0.82   00.83
000870     0.82   00.83
000871     0.82   00.83
000872     0.82   00.83
000873     0.82   00.83
000874     0.82   00.83
000875     0.82   00.83
000876     0.82   00.83
000877     0.82   00.83
000878     0.82   00.83
000879     0.82   00.83
000880     0.82   00.82
000881     0.82   00.82
000882     0.82   00.82
000883     0.82   00.82
000884     0.81   00.82
000885     0.81   00.82
000886     0.81   00.82
000887     0.81   00.82
000888     0.81   00.82
000889     0.81   00.82
000890     0.81   00.81
000891     0.80   00.81
000892     0.80   00.81
000893     0.80   00.81
000894     0.80   00.81
000895     0.80   00.81
000896     0.80   00.81
000897     0.80   00.81
000898     0.79   00.80
000899     0.79   00.80
000900     0.79   00.80
000901     0.79   00.80
000902     0.79   00.80
000903     0.79   00.80
000904     0.79   00.80
000905     0.79   00.80
000906     0.79   00.80
000907     0.79   00.80
000908     0.78   00.79
000909     0.78   00.79
000910     0.78   00.79
000911     0.78   00.79
000912     0.78   00.79
000913     0.78   00.79
000914     0.78   00.79
000915     0.78   00.79
000916     0.78   00.79
000917     0.78   00.79
000918     0.78   00.78
000919     0.78   00.78
000920     0.77   00.78
000921     0.77   00.78
000922     0.77   00.78
000923     0.77   00.78
000924     0.77   00.78
000925     0.77   00.78
000926     0.77   00.78
000927     0.77   00.78
000928     0.77   00.77
000929     0.77   00.77
000930     0.76   00.77
000931     0.76   00.77
000932     0.76   00.77
000933     0.76   00.77
000934     0.76   00.77
000935     0.76   00.77
000936     0.76   00.77
000937     0.76   00.77
000938     0.76   00.77
000939     0.76   00.77
000940     0.76   00.77
000941     0.75   00.76
000942     0.75   00.76
000943     0.75   00.76
000944     0.75   00.76
000945     0.75   00.76
000946     0.75   00.76
000947     0.75   00.76
000948     0.75   00.76
000949     0.75   00.75
000950     0.75   00.75
000951     0.74   00.75
000952     0.74   00.75
000953     0.74   00.75
000954     0.74   00.75
000955     0.74   00.75
000956     0.74   00.75
000957     0.74   00.75
000958     0.74   00.75
000959     0.74   00.75
000960     0.74   00.75
000961     0.74   00.75
000962     0.74   00.75
000963     0.74   00.74
000964     0.73   00.74
000965     0.73   00.74
000966     0.73   00.74
000967     0.73   00.74
000968     0.73   00.74
000969     0.73   00.74
000970     0.73   00.74
000971     0.72   00.73
000972     0.72   00.73
000973     0.72   00.73
000974     0.72   00.73
000975     0.72   00.73
000976     0.72   00.73
000977     0.72   00.73
000978     0.72   00.73
000979     0.72   00.73
000980     0.72   00.73
000981     0.72   00.72
000982     0.72   00.72
000983     0.72   00.72
000984     0.71   00.72
000985     0.71   00.72
000986     0.71   00.72
000987     0.71   00.72
000988     0.71   00.72
000989     0.71   00.72
000990     0.71   00.72
000991     0.71   00.72
000992     0.71   00.72
000993     0.71   00.71
000994     0.71   00.71
000995     0.71   00.71
000996     0.70   00.71
000997     0.70   00.71
000998     0.70   00.71
000999     0.70   00.71
001000     0.70   00.71
001001     0.70   00.71
