000001     47.95   48.77
000002     47.93   48.62
000003     47.80   48.51
000004     47.72   48.42
000005     47.65   48.30
000006     47.36   48.12
000007     47.36   48.07
000008     47.35   47.89
000009     47.30   47.75
000010     47.29   47.65
000011     47.19   47.57
000012     47.19   47.52
000013     47.13   47.45
000014     47.10   47.39
000015     46.97   47.34
000016     46.95   47.28
000017     46.87   47.19
000018     46.87   47.13
000019     46.84   47.11
000020     46.78   47.05
000021     46.72   46.98
000022     46.71   46.92
000023     46.66   46.86
000024     46.62   46.81
000025     46.62   46.79
000026     46.59   46.74
000027     46.53   46.71
000028     46.49   46.68
000029     46.45   46.64
000030     46.43   46.61
000031     46.38   46.57
000032     46.38   46.53
000033     46.37   46.52
000034     46.33   46.47
000035     46.30   46.44
000036     46.30   46.41
000037     46.26   46.39
000038     46.25   46.37
000039     46.25   46.36
000040     46.24   46.34
000041     46.22   46.32
000042     46.22   46.30
000043     46.22   46.29
000044     46.21   46.28
000045     46.19   46.27
000046     46.18   46.25
000047     46.16   46.25
000048     46.16   46.24
000049     46.16   46.22
000050     46.16   46.22
000051     46.15   46.21
000052     46.15   46.20
000053     46.13   46.19
000054     46.12   46.18
000055     46.12   46.17
000056     46.11   46.16
000057     46.11   46.15
000058     46.11   46.15
000059     46.10   46.14
000060     46.10   46.13
000061     46.09   46.12
000062     46.08   46.12
000063     46.08   46.11
000064     46.07   46.11
000065     46.07   46.11
000066     46.07   46.10
000067     46.06   46.09
000068     46.06   46.09
000069     46.05   46.08
000070     46.05   46.08
000071     46.05   46.08
000072     46.05   46.08
000073     46.04   46.07
000074     46.04   46.07
000075     46.04   46.07
000076     46.04   46.06
000077     46.04   46.06
000078     46.03   46.05
000079     46.03   46.05
000080     46.03   46.05
000081     46.02   46.04
000082     46.02   46.04
000083     46.02   46.03
000084     46.01   46.03
000085     46.01   46.03
000086     46.01   46.02
000087     46.01   46.02
000088     46.00   46.02
000089     46.00   46.01
000090     45.99   46.01
000091     45.99   46.01
000092     45.99   46.00
000093     45.99   46.00
000094     45.99   46.00
000095     45.99   46.00
000096     45.98   46.00
000097     45.98   46.00
000098     45.98   45.99
000099     45.98   45.99
000100     45.98   45.99
000101     45.97   45.99
000102     45.97   45.99
000103     45.96   45.98
000104     45.96   45.98
000105     45.96   45.98
000106     45.96   45.97
000107     45.96   45.97
000108     45.95   45.97
000109     45.95   45.97
000110     45.95   45.97
000111     45.95   45.96
000112     45.94   45.96
000113     45.94   45.96
000114     45.94   45.95
000115     45.94   45.95
000116     45.93   45.95
000117     45.93   45.94
000118     45.93   45.94
000119     45.92   45.94
000120     45.92   45.94
000121     45.92   45.93
000122     45.92   45.93
000123     45.92   45.93
000124     45.91   45.93
000125     45.91   45.93
000126     45.91   45.93
000127     45.91   45.92
000128     45.91   45.92
000129     45.91   45.92
000130     45.91   45.92
000131     45.90   45.92
000132     45.90   45.91
000133     45.90   45.91
000134     45.90   45.91
000135     45.90   45.91
000136     45.89   45.91
000137     45.89   45.90
000138     45.89   45.90
000139     45.89   45.90
000140     45.89   45.90
000141     45.89   45.90
000142     45.88   45.90
000143     45.88   45.89
000144     45.88   45.89
000145     45.88   45.89
000146     45.87   45.89
000147     45.87   45.88
000148     45.87   45.88
000149     45.87   45.88
000150     45.87   45.88
000151     45.87   45.88
000152     45.86   45.88
000153     45.86   45.88
000154     45.86   45.87
000155     45.86   45.87
000156     45.86   45.87
000157     45.86   45.87
000158     45.86   45.87
000159     45.85   45.87
000160     45.85   45.86
000161     45.85   45.86
000162     45.84   45.86
000163     45.84   45.86
000164     45.84   45.86
000165     45.84   45.85
000166     45.84   45.85
000167     45.84   45.85
000168     45.84   45.85
000169     45.83   45.85
000170     45.83   45.84
000171     45.83   45.84
000172     45.83   45.84
000173     45.83   45.84
000174     45.83   45.84
000175     45.82   45.84
000176     45.82   45.83
000177     45.82   45.83
000178     45.82   45.83
000179     45.81   45.83
000180     45.81   45.83
000181     45.81   45.83
000182     45.81   45.83
000183     45.81   45.82
000184     45.81   45.82
000185     45.81   45.82
000186     45.81   45.82
000187     45.80   45.82
000188     45.80   45.81
000189     45.80   45.81
000190     45.80   45.81
000191     45.80   45.81
000192     45.80   45.81
000193     45.79   45.80
000194     45.79   45.80
000195     45.79   45.80
000196     45.79   45.80
000197     45.79   45.80
000198     45.78   45.80
000199     45.78   45.79
000200     45.78   45.79
000201     45.78   45.79
000202     45.78   45.79
000203     45.78   45.79
000204     45.77   45.79
000205     45.77   45.79
000206     45.77   45.78
000207     45.77   45.78
000208     45.77   45.78
000209     45.77   45.78
000210     45.77   45.78
000211     45.77   45.78
000212     45.77   45.77
000213     45.76   45.77
000214     45.76   45.77
000215     45.75   45.77
000216     45.75   45.77
000217     45.75   45.76
000218     45.75   45.76
000219     45.75   45.76
000220     45.75   45.76
000221     45.75   45.76
000222     45.75   45.75
000223     45.74   45.75
000224     45.74   45.75
000225     45.74   45.75
000226     45.74   45.75
000227     45.74   45.74
000228     45.73   45.74
000229     45.73   45.74
000230     45.73   45.74
000231     45.73   45.74
000232     45.73   45.74
000233     45.73   45.74
000234     45.73   45.74
000235     45.72   45.73
000236     45.72   45.73
000237     45.72   45.73
000238     45.72   45.73
000239     45.72   45.73
000240     45.72   45.73
000241     45.72   45.73
000242     45.72   45.72
000243     45.72   45.72
000244     45.71   45.72
000245     45.71   45.72
000246     45.71   45.72
000247     45.71   45.72
000248     45.71   45.72
000249     45.71   45.72
000250     45.71   45.71
000251     45.71   45.71
000252     45.70   45.71
000253     45.70   45.71
000254     45.70   45.71
000255     45.70   45.71
000256     45.70   45.71
000257     45.69   45.70
000258     45.69   45.70
000259     45.69   45.70
000260     45.69   45.70
000261     45.69   45.70
000262     45.69   45.70
000263     45.68   45.69
000264     45.68   45.69
000265     45.68   45.69
000266     45.68   45.69
000267     45.68   45.69
000268     45.68   45.69
000269     45.68   45.68
000270     45.68   45.68
000271     45.67   45.68
000272     45.67   45.68
000273     45.67   45.68
000274     45.67   45.68
000275     45.67   45.68
000276     45.67   45.68
000277     45.67   45.68
000278     45.67   45.68
000279     45.67   45.67
000280     45.67   45.67
000281     45.67   45.67
000282     45.67   45.67
000283     45.66   45.67
000284     45.66   45.67
000285     45.66   45.67
000286     45.66   45.67
000287     45.66   45.67
000288     45.66   45.67
000289     45.66   45.67
000290     45.66   45.67
000291     45.66   45.66
000292     45.66   45.66
000293     45.66   45.66
000294     45.66   45.66
000295     45.65   45.66
000296     45.65   45.66
000297     45.65   45.66
000298     45.65   45.66
000299     45.65   45.66
000300     45.65   45.65
000301     45.65   45.65
000302     45.65   45.65
000303     45.65   45.65
000304     45.65   45.65
000305     45.64   45.65
000306     45.64   45.65
000307     45.64   45.65
000308     45.64   45.65
000309     45.64   45.65
000310     45.64   45.65
000311     45.64   45.65
000312     45.64   45.64
000313     45.64   45.64
000314     45.63   45.64
000315     45.63   45.64
000316     45.63   45.64
000317     45.63   45.64
000318     45.63   45.64
000319     45.63   45.64
000320     45.63   45.64
000321     45.63   45.64
000322     45.63   45.63
000323     45.63   45.63
000324     45.63   45.63
000325     45.63   45.63
000326     45.62   45.63
000327     45.62   45.63
000328     45.62   45.63
000329     45.62   45.63
000330     45.62   45.63
000331     45.62   45.63
000332     45.62   45.63
000333     45.62   45.62
000334     45.62   45.62
000335     45.62   45.62
000336     45.62   45.62
000337     45.61   45.62
000338     45.61   45.62
000339     45.61   45.62
000340     45.61   45.62
000341     45.61   45.62
000342     45.61   45.62
000343     45.61   45.62
000344     45.61   45.61
000345     45.61   45.61
000346     45.61   45.61
000347     45.61   45.61
000348     45.61   45.61
000349     45.61   45.61
000350     45.60   45.61
000351     45.60   45.61
000352     45.60   45.61
000353     45.60   45.61
000354     45.60   45.61
000355     45.60   45.61
000356     45.60   45.60
000357     45.60   45.60
000358     45.60   45.60
000359     45.60   45.60
000360     45.60   45.60
000361     45.60   45.60
000362     45.59   45.60
000363     45.59   45.60
000364     45.59   45.60
000365     45.59   45.60
000366     45.59   45.60
000367     45.59   45.59
000368     45.59   45.59
000369     45.59   45.59
000370     45.59   45.59
000371     45.59   45.59
000372     45.59   45.59
000373     45.59   45.59
000374     45.59   45.59
000375     45.59   45.59
000376     45.58   45.59
000377     45.58   45.59
000378     45.58   45.59
000379     45.58   45.59
000380     45.58   45.59
000381     45.58   45.59
000382     45.58   45.59
000383     45.58   45.58
000384     45.58   45.58
000385     45.58   45.58
000386     45.58   45.58
000387     45.58   45.58
000388     45.58   45.58
000389     45.57   45.58
000390     45.57   45.58
000391     45.57   45.58
000392     45.57   45.58
000393     45.57   45.58
000394     45.57   45.58
000395     45.57   45.58
000396     45.57   45.57
000397     45.57   45.57
000398     45.57   45.57
000399     45.57   45.57
000400     45.57   45.57
000401     45.57   45.57
000402     45.57   45.57
000403     45.57   45.57
000404     45.56   45.57
000405     45.56   45.57
000406     45.56   45.57
000407     45.56   45.57
000408     45.56   45.57
000409     45.56   45.57
000410     45.56   45.56
000411     45.56   45.56
000412     45.56   45.56
000413     45.56   45.56
000414     45.56   45.56
000415     45.56   45.56
000416     45.56   45.56
000417     45.55   45.56
000418     45.55   45.56
000419     45.55   45.56
000420     45.55   45.56
000421     45.55   45.56
000422     45.55   45.56
000423     45.55   45.56
000424     45.55   45.55
000425     45.55   45.55
000426     45.55   45.55
000427     45.55   45.55
000428     45.55   45.55
000429     45.55   45.55
000430     45.55   45.55
000431     45.55   45.55
000432     45.55   45.55
000433     45.54   45.55
000434     45.54   45.55
000435     45.54   45.55
000436     45.54   45.55
000437     45.54   45.55
000438     45.54   45.55
000439     45.54   45.54
000440     45.54   45.54
000441     45.54   45.54
000442     45.54   45.54
000443     45.54   45.54
000444     45.54   45.54
000445     45.54   45.54
000446     45.54   45.54
000447     45.54   45.54
000448     45.54   45.54
000449     45.54   45.54
000450     45.54   45.54
000451     45.53   45.54
000452     45.53   45.54
000453     45.53   45.54
000454     45.53   45.54
000455     45.53   45.54
000456     45.53   45.53
000457     45.53   45.53
000458     45.53   45.53
000459     45.53   45.53
000460     45.53   45.53
000461     45.53   45.53
000462     45.53   45.53
000463     45.53   45.53
000464     45.53   45.53
000465     45.53   45.53
000466     45.52   45.53
000467     45.52   45.53
000468     45.52   45.53
000469     45.52   45.53
000470     45.52   45.53
000471     45.52   45.53
000472     45.52   45.53
000473     45.52   45.53
000474     45.52   45.53
000475     45.52   45.52
000476     45.52   45.52
000477     45.52   45.52
000478     45.52   45.52
000479     45.52   45.52
000480     45.52   45.52
000481     45.52   45.52
000482     45.52   45.52
000483     45.52   45.52
000484     45.52   45.52
000485     45.52   45.52
000486     45.52   45.52
000487     45.51   45.52
000488     45.51   45.52
000489     45.51   45.52
000490     45.51   45.52
000491     45.51   45.52
000492     45.51   45.52
000493     45.51   45.52
000494     45.51   45.52
000495     45.51   45.52
000496     45.51   45.51
000497     45.51   45.51
000498     45.51   45.51
000499     45.51   45.51
000500     45.51   45.51
